# BEGIN PLOT
RatioPlotYLabel=Ratio
LegendOnly=//home/frederic/Work/Software/LesHouches2017/lh2017-alphas/rivet-analysis/gluon-as013650-truth.yoda/MC_LHJSS_Zjet/Angularity_zcut_0.1_beta_0_alpha_2 //home/frederic/Work/Software/LesHouches2017/lh2017-alphas/rivet-analysis/gluon-as012285-truth.yoda/MC_LHJSS_Zjet/Angularity_zcut_0.1_beta_0_alpha_2 //home/frederic/Work/Software/LesHouches2017/lh2017-alphas/rivet-analysis/gluon-as015015-truth.yoda/MC_LHJSS_Zjet/Angularity_zcut_0.1_beta_0_alpha_2
XLabel=$e_\alpha$
RatioPlotReference=//home/frederic/Work/Software/LesHouches2017/lh2017-alphas/rivet-analysis/gluon-as013650-truth.yoda/MC_LHJSS_Zjet/Angularity_zcut_0.1_beta_0_alpha_2
YLabel=$1/\sigma \text{d}\sigma/\text{d}e_{\alpha}$
DrawOnly=//home/frederic/Work/Software/LesHouches2017/lh2017-alphas/rivet-analysis/gluon-as013650-truth.yoda/MC_LHJSS_Zjet/Angularity_zcut_0.1_beta_0_alpha_2 //home/frederic/Work/Software/LesHouches2017/lh2017-alphas/rivet-analysis/gluon-as012285-truth.yoda/MC_LHJSS_Zjet/Angularity_zcut_0.1_beta_0_alpha_2 //home/frederic/Work/Software/LesHouches2017/lh2017-alphas/rivet-analysis/gluon-as015015-truth.yoda/MC_LHJSS_Zjet/Angularity_zcut_0.1_beta_0_alpha_2
RatioPlot=1
Title=Angularity, $\alpha$ = 2 $z_{cut}$ = 0.1 $\beta$ = 0
Legend=1
LogY=0
# END PLOT

# BEGIN HISTO1D //home/frederic/Work/Software/LesHouches2017/lh2017-alphas/rivet-analysis/gluon-as013650-truth.yoda/MC_LHJSS_Zjet/Angularity_zcut_0.1_beta_0_alpha_2
LineColor=red
LineStyle=solid
NormalizeToSum=1
Path=//home/frederic/Work/Software/LesHouches2017/lh2017-alphas/rivet-analysis/gluon-as013650-truth.yoda/MC_LHJSS_Zjet/Angularity_zcut_0.1_beta_0_alpha_2
ScaledBy=6.97593303104290135e-05
Title=gluon-as013650-truth
XLabel=
YLabel=
# xlow	 xhigh	 val	 errminus	 errplus
0.000000e+00	1.000000e-02	4.932682e+01	5.866009e-01	5.866009e-01
1.000000e-02	2.000000e-02	9.068713e+00	2.515208e-01	2.515208e-01
2.000000e-02	3.000000e-02	5.434252e+00	1.947023e-01	1.947023e-01
3.000000e-02	4.000000e-02	4.269271e+00	1.725751e-01	1.725751e-01
4.000000e-02	5.000000e-02	3.285664e+00	1.513954e-01	1.513954e-01
5.000000e-02	6.000000e-02	2.936868e+00	1.431342e-01	1.431342e-01
6.000000e-02	7.000000e-02	2.322986e+00	1.272988e-01	1.272988e-01
7.000000e-02	8.000000e-02	2.253226e+00	1.253729e-01	1.253729e-01
8.000000e-02	9.000000e-02	2.002093e+00	1.181798e-01	1.181798e-01
9.000000e-02	1.000000e-01	1.730031e+00	1.098571e-01	1.098571e-01
1.000000e-01	1.100000e-01	1.757935e+00	1.107395e-01	1.107395e-01
1.100000e-01	1.200000e-01	1.437042e+00	1.001235e-01	1.001235e-01
1.200000e-01	1.300000e-01	1.395187e+00	9.865459e-02	9.865459e-02
1.300000e-01	1.400000e-01	1.137077e+00	8.906275e-02	8.906275e-02
1.400000e-01	1.500000e-01	1.060342e+00	8.600508e-02	8.600508e-02
1.500000e-01	1.600000e-01	1.039414e+00	8.515212e-02	8.515212e-02
1.600000e-01	1.700000e-01	7.324730e-01	7.148204e-02	7.148204e-02
1.700000e-01	1.800000e-01	8.092082e-01	7.513310e-02	7.513310e-02
1.800000e-01	1.900000e-01	6.836414e-01	6.905821e-02	6.905821e-02
1.900000e-01	2.000000e-01	6.487618e-01	6.727346e-02	6.727346e-02
2.000000e-01	2.100000e-01	6.696896e-01	6.834991e-02	6.834991e-02
2.100000e-01	2.200000e-01	6.208580e-01	6.581082e-02	6.581082e-02
2.200000e-01	2.300000e-01	4.534356e-01	5.624177e-02	5.624177e-02
2.300000e-01	2.400000e-01	4.883153e-01	5.836484e-02	5.836484e-02
2.400000e-01	2.500000e-01	4.534356e-01	5.624177e-02	5.624177e-02
2.500000e-01	2.600000e-01	3.697245e-01	5.078556e-02	5.078556e-02
2.600000e-01	2.700000e-01	3.906522e-01	5.220310e-02	5.220310e-02
2.700000e-01	2.800000e-01	2.511336e-01	4.185560e-02	4.185560e-02
2.800000e-01	2.900000e-01	2.790373e-01	4.411968e-02	4.411968e-02
2.900000e-01	3.000000e-01	3.487967e-01	4.932729e-02	4.932729e-02
3.000000e-01	3.100000e-01	2.999651e-01	4.574426e-02	4.574426e-02
3.100000e-01	3.200000e-01	1.604465e-01	3.345540e-02	3.345540e-02
3.200000e-01	3.300000e-01	1.883502e-01	3.624801e-02	3.624801e-02
3.300000e-01	3.400000e-01	1.255668e-01	2.959638e-02	2.959638e-02
3.400000e-01	3.500000e-01	2.023021e-01	3.756655e-02	3.756655e-02
3.500000e-01	3.600000e-01	9.068713e-02	2.515208e-02	2.515208e-02
3.600000e-01	3.700000e-01	1.953261e-01	3.691317e-02	3.691317e-02
3.700000e-01	3.800000e-01	1.255668e-01	2.959638e-02	2.959638e-02
3.800000e-01	3.900000e-01	9.766306e-02	2.610155e-02	2.610155e-02
3.900000e-01	4.000000e-01	6.278340e-02	2.092780e-02	2.092780e-02
4.000000e-01	4.100000e-01	7.673526e-02	2.313655e-02	2.313655e-02
4.100000e-01	4.200000e-01	8.371120e-02	2.416534e-02	2.416534e-02
4.200000e-01	4.300000e-01	8.371120e-02	2.416534e-02	2.416534e-02
4.300000e-01	4.400000e-01	8.371120e-02	2.416534e-02	2.416534e-02
4.400000e-01	4.500000e-01	2.092780e-02	1.208267e-02	1.208267e-02
4.500000e-01	4.600000e-01	6.975933e-02	2.205984e-02	2.205984e-02
4.600000e-01	4.700000e-01	4.185560e-02	1.708747e-02	1.708747e-02
4.700000e-01	4.800000e-01	2.790373e-02	1.395187e-02	1.395187e-02
4.800000e-01	4.900000e-01	2.092780e-02	1.208267e-02	1.208267e-02
4.900000e-01	5.000000e-01	4.185560e-02	1.708747e-02	1.708747e-02
5.000000e-01	5.100000e-01	4.185560e-02	1.708747e-02	1.708747e-02
5.100000e-01	5.200000e-01	2.790373e-02	1.395187e-02	1.395187e-02
5.200000e-01	5.300000e-01	6.975933e-03	6.975933e-03	6.975933e-03
5.300000e-01	5.400000e-01	1.395187e-02	9.865459e-03	9.865459e-03
5.400000e-01	5.500000e-01	1.395187e-02	9.865459e-03	9.865459e-03
5.500000e-01	5.600000e-01	0.000000e+00	0.000000e+00	0.000000e+00
5.600000e-01	5.700000e-01	2.790373e-02	1.395187e-02	1.395187e-02
5.700000e-01	5.800000e-01	6.975933e-03	6.975933e-03	6.975933e-03
5.800000e-01	5.900000e-01	6.975933e-03	6.975933e-03	6.975933e-03
5.900000e-01	6.000000e-01	1.395187e-02	9.865459e-03	9.865459e-03
6.000000e-01	6.100000e-01	6.975933e-03	6.975933e-03	6.975933e-03
6.100000e-01	6.200000e-01	0.000000e+00	0.000000e+00	0.000000e+00
6.200000e-01	6.300000e-01	6.975933e-03	6.975933e-03	6.975933e-03
6.300000e-01	6.400000e-01	6.975933e-03	6.975933e-03	6.975933e-03
6.400000e-01	6.500000e-01	0.000000e+00	0.000000e+00	0.000000e+00
6.500000e-01	6.600000e-01	1.395187e-02	9.865459e-03	9.865459e-03
6.600000e-01	6.700000e-01	6.975933e-03	6.975933e-03	6.975933e-03
6.700000e-01	6.800000e-01	6.975933e-03	6.975933e-03	6.975933e-03
6.800000e-01	6.900000e-01	6.975933e-03	6.975933e-03	6.975933e-03
6.900000e-01	7.000000e-01	0.000000e+00	0.000000e+00	0.000000e+00
7.000000e-01	7.100000e-01	0.000000e+00	0.000000e+00	0.000000e+00
7.100000e-01	7.200000e-01	0.000000e+00	0.000000e+00	0.000000e+00
7.200000e-01	7.300000e-01	0.000000e+00	0.000000e+00	0.000000e+00
7.300000e-01	7.400000e-01	0.000000e+00	0.000000e+00	0.000000e+00
7.400000e-01	7.500000e-01	6.975933e-03	6.975933e-03	6.975933e-03
7.500000e-01	7.600000e-01	1.395187e-02	9.865459e-03	9.865459e-03
7.600000e-01	7.700000e-01	6.975933e-03	6.975933e-03	6.975933e-03
7.700000e-01	7.800000e-01	0.000000e+00	0.000000e+00	0.000000e+00
7.800000e-01	7.900000e-01	0.000000e+00	0.000000e+00	0.000000e+00
7.900000e-01	8.000000e-01	0.000000e+00	0.000000e+00	0.000000e+00
8.000000e-01	8.100000e-01	0.000000e+00	0.000000e+00	0.000000e+00
8.100000e-01	8.200000e-01	0.000000e+00	0.000000e+00	0.000000e+00
8.200000e-01	8.300000e-01	0.000000e+00	0.000000e+00	0.000000e+00
8.300000e-01	8.400000e-01	0.000000e+00	0.000000e+00	0.000000e+00
8.400000e-01	8.500000e-01	0.000000e+00	0.000000e+00	0.000000e+00
8.500000e-01	8.600000e-01	0.000000e+00	0.000000e+00	0.000000e+00
8.600000e-01	8.700000e-01	0.000000e+00	0.000000e+00	0.000000e+00
8.700000e-01	8.800000e-01	0.000000e+00	0.000000e+00	0.000000e+00
8.800000e-01	8.900000e-01	0.000000e+00	0.000000e+00	0.000000e+00
8.900000e-01	9.000000e-01	0.000000e+00	0.000000e+00	0.000000e+00
9.000000e-01	9.100000e-01	0.000000e+00	0.000000e+00	0.000000e+00
9.100000e-01	9.200000e-01	0.000000e+00	0.000000e+00	0.000000e+00
9.200000e-01	9.300000e-01	0.000000e+00	0.000000e+00	0.000000e+00
9.300000e-01	9.400000e-01	0.000000e+00	0.000000e+00	0.000000e+00
9.400000e-01	9.500000e-01	0.000000e+00	0.000000e+00	0.000000e+00
9.500000e-01	9.600000e-01	0.000000e+00	0.000000e+00	0.000000e+00
9.600000e-01	9.700000e-01	0.000000e+00	0.000000e+00	0.000000e+00
9.700000e-01	9.800000e-01	0.000000e+00	0.000000e+00	0.000000e+00
9.800000e-01	9.900000e-01	0.000000e+00	0.000000e+00	0.000000e+00
9.900000e-01	1.000000e+00	0.000000e+00	0.000000e+00	0.000000e+00
# END HISTO1D

# BEGIN HISTO1D //home/frederic/Work/Software/LesHouches2017/lh2017-alphas/rivet-analysis/gluon-as012285-truth.yoda/MC_LHJSS_Zjet/Angularity_zcut_0.1_beta_0_alpha_2
LineColor=blue
LineStyle=solid
NormalizeToSum=1
Path=//home/frederic/Work/Software/LesHouches2017/lh2017-alphas/rivet-analysis/gluon-as012285-truth.yoda/MC_LHJSS_Zjet/Angularity_zcut_0.1_beta_0_alpha_2
ScaledBy=7.07513796519032182e-05
Title=gluon-as012285-truth
XLabel=
YLabel=
# xlow	 xhigh	 val	 errminus	 errplus
0.000000e+00	1.000000e-02	5.370737e+01	6.164309e-01	6.164309e-01
1.000000e-02	2.000000e-02	8.865148e+00	2.504439e-01	2.504439e-01
2.000000e-02	3.000000e-02	5.320504e+00	1.940188e-01	1.940188e-01
3.000000e-02	4.000000e-02	4.061129e+00	1.695083e-01	1.695083e-01
4.000000e-02	5.000000e-02	2.992783e+00	1.455141e-01	1.455141e-01
5.000000e-02	6.000000e-02	2.455073e+00	1.317952e-01	1.317952e-01
6.000000e-02	7.000000e-02	2.150842e+00	1.233592e-01	1.233592e-01
7.000000e-02	8.000000e-02	1.797085e+00	1.127591e-01	1.127591e-01
8.000000e-02	9.000000e-02	1.577756e+00	1.056543e-01	1.056543e-01
9.000000e-02	1.000000e-01	1.683883e+00	1.091499e-01	1.091499e-01
1.000000e-01	1.100000e-01	1.521155e+00	1.037419e-01	1.037419e-01
1.100000e-01	1.200000e-01	1.301825e+00	9.597184e-02	9.597184e-02
1.200000e-01	1.300000e-01	1.188623e+00	9.170427e-02	9.170427e-02
1.300000e-01	1.400000e-01	1.089571e+00	8.780015e-02	8.780015e-02
1.400000e-01	1.500000e-01	9.056177e-01	8.004605e-02	8.004605e-02
1.500000e-01	1.600000e-01	8.277911e-01	7.652932e-02	7.652932e-02
1.600000e-01	1.700000e-01	8.560917e-01	7.782652e-02	7.782652e-02
1.700000e-01	1.800000e-01	8.348663e-01	7.685567e-02	7.685567e-02
1.800000e-01	1.900000e-01	6.721381e-01	6.895992e-02	6.895992e-02
1.900000e-01	2.000000e-01	5.660110e-01	6.328196e-02	6.328196e-02
2.000000e-01	2.100000e-01	4.811094e-01	5.834308e-02	5.834308e-02
2.100000e-01	2.200000e-01	3.820575e-01	5.199143e-02	5.199143e-02
2.200000e-01	2.300000e-01	5.023348e-01	5.961617e-02	5.961617e-02
2.300000e-01	2.400000e-01	3.820575e-01	5.199143e-02	5.199143e-02
2.400000e-01	2.500000e-01	3.820575e-01	5.199143e-02	5.199143e-02
2.500000e-01	2.600000e-01	3.254563e-01	4.798593e-02	4.798593e-02
2.600000e-01	2.700000e-01	3.254563e-01	4.798593e-02	4.798593e-02
2.700000e-01	2.800000e-01	2.476298e-01	4.185708e-02	4.185708e-02
2.800000e-01	2.900000e-01	3.183812e-01	4.746147e-02	4.746147e-02
2.900000e-01	3.000000e-01	2.759304e-01	4.418423e-02	4.418423e-02
3.000000e-01	3.100000e-01	1.698033e-01	3.466096e-02	3.466096e-02
3.100000e-01	3.200000e-01	1.627282e-01	3.393117e-02	3.393117e-02
3.200000e-01	3.300000e-01	1.556530e-01	3.318534e-02	3.318534e-02
3.300000e-01	3.400000e-01	1.627282e-01	3.393117e-02	3.393117e-02
3.400000e-01	3.500000e-01	2.051790e-01	3.810079e-02	3.810079e-02
3.500000e-01	3.600000e-01	9.905193e-02	2.647274e-02	2.647274e-02
3.600000e-01	3.700000e-01	1.202773e-01	2.917154e-02	2.917154e-02
3.700000e-01	3.800000e-01	9.905193e-02	2.647274e-02	2.647274e-02
3.800000e-01	3.900000e-01	1.202773e-01	2.917154e-02	2.917154e-02
3.900000e-01	4.000000e-01	9.197679e-02	2.550977e-02	2.550977e-02
4.000000e-01	4.100000e-01	7.782652e-02	2.346558e-02	2.346558e-02
4.100000e-01	4.200000e-01	7.075138e-02	2.237355e-02	2.237355e-02
4.200000e-01	4.300000e-01	4.952597e-02	1.871905e-02	1.871905e-02
4.300000e-01	4.400000e-01	6.367624e-02	2.122541e-02	2.122541e-02
4.400000e-01	4.500000e-01	2.122541e-02	1.225450e-02	1.225450e-02
4.500000e-01	4.600000e-01	5.660110e-02	2.001151e-02	2.001151e-02
4.600000e-01	4.700000e-01	3.537569e-02	1.582049e-02	1.582049e-02
4.700000e-01	4.800000e-01	5.660110e-02	2.001151e-02	2.001151e-02
4.800000e-01	4.900000e-01	4.245083e-02	1.733048e-02	1.733048e-02
4.900000e-01	5.000000e-01	7.075138e-03	7.075138e-03	7.075138e-03
5.000000e-01	5.100000e-01	1.415028e-02	1.000576e-02	1.000576e-02
5.100000e-01	5.200000e-01	3.537569e-02	1.582049e-02	1.582049e-02
5.200000e-01	5.300000e-01	0.000000e+00	0.000000e+00	0.000000e+00
5.300000e-01	5.400000e-01	7.075138e-03	7.075138e-03	7.075138e-03
5.400000e-01	5.500000e-01	0.000000e+00	0.000000e+00	0.000000e+00
5.500000e-01	5.600000e-01	7.075138e-03	7.075138e-03	7.075138e-03
5.600000e-01	5.700000e-01	1.415028e-02	1.000576e-02	1.000576e-02
5.700000e-01	5.800000e-01	0.000000e+00	0.000000e+00	0.000000e+00
5.800000e-01	5.900000e-01	0.000000e+00	0.000000e+00	0.000000e+00
5.900000e-01	6.000000e-01	7.075138e-03	7.075138e-03	7.075138e-03
6.000000e-01	6.100000e-01	7.075138e-03	7.075138e-03	7.075138e-03
6.100000e-01	6.200000e-01	7.075138e-03	7.075138e-03	7.075138e-03
6.200000e-01	6.300000e-01	0.000000e+00	0.000000e+00	0.000000e+00
6.300000e-01	6.400000e-01	0.000000e+00	0.000000e+00	0.000000e+00
6.400000e-01	6.500000e-01	7.075138e-03	7.075138e-03	7.075138e-03
6.500000e-01	6.600000e-01	0.000000e+00	0.000000e+00	0.000000e+00
6.600000e-01	6.700000e-01	0.000000e+00	0.000000e+00	0.000000e+00
6.700000e-01	6.800000e-01	0.000000e+00	0.000000e+00	0.000000e+00
6.800000e-01	6.900000e-01	7.075138e-03	7.075138e-03	7.075138e-03
6.900000e-01	7.000000e-01	0.000000e+00	0.000000e+00	0.000000e+00
7.000000e-01	7.100000e-01	0.000000e+00	0.000000e+00	0.000000e+00
7.100000e-01	7.200000e-01	0.000000e+00	0.000000e+00	0.000000e+00
7.200000e-01	7.300000e-01	0.000000e+00	0.000000e+00	0.000000e+00
7.300000e-01	7.400000e-01	0.000000e+00	0.000000e+00	0.000000e+00
7.400000e-01	7.500000e-01	7.075138e-03	7.075138e-03	7.075138e-03
7.500000e-01	7.600000e-01	0.000000e+00	0.000000e+00	0.000000e+00
7.600000e-01	7.700000e-01	7.075138e-03	7.075138e-03	7.075138e-03
7.700000e-01	7.800000e-01	0.000000e+00	0.000000e+00	0.000000e+00
7.800000e-01	7.900000e-01	0.000000e+00	0.000000e+00	0.000000e+00
7.900000e-01	8.000000e-01	0.000000e+00	0.000000e+00	0.000000e+00
8.000000e-01	8.100000e-01	0.000000e+00	0.000000e+00	0.000000e+00
8.100000e-01	8.200000e-01	0.000000e+00	0.000000e+00	0.000000e+00
8.200000e-01	8.300000e-01	0.000000e+00	0.000000e+00	0.000000e+00
8.300000e-01	8.400000e-01	0.000000e+00	0.000000e+00	0.000000e+00
8.400000e-01	8.500000e-01	0.000000e+00	0.000000e+00	0.000000e+00
8.500000e-01	8.600000e-01	0.000000e+00	0.000000e+00	0.000000e+00
8.600000e-01	8.700000e-01	7.075138e-03	7.075138e-03	7.075138e-03
8.700000e-01	8.800000e-01	0.000000e+00	0.000000e+00	0.000000e+00
8.800000e-01	8.900000e-01	0.000000e+00	0.000000e+00	0.000000e+00
8.900000e-01	9.000000e-01	0.000000e+00	0.000000e+00	0.000000e+00
9.000000e-01	9.100000e-01	0.000000e+00	0.000000e+00	0.000000e+00
9.100000e-01	9.200000e-01	0.000000e+00	0.000000e+00	0.000000e+00
9.200000e-01	9.300000e-01	0.000000e+00	0.000000e+00	0.000000e+00
9.300000e-01	9.400000e-01	0.000000e+00	0.000000e+00	0.000000e+00
9.400000e-01	9.500000e-01	0.000000e+00	0.000000e+00	0.000000e+00
9.500000e-01	9.600000e-01	0.000000e+00	0.000000e+00	0.000000e+00
9.600000e-01	9.700000e-01	0.000000e+00	0.000000e+00	0.000000e+00
9.700000e-01	9.800000e-01	0.000000e+00	0.000000e+00	0.000000e+00
9.800000e-01	9.900000e-01	0.000000e+00	0.000000e+00	0.000000e+00
9.900000e-01	1.000000e+00	0.000000e+00	0.000000e+00	0.000000e+00
# END HISTO1D

# BEGIN HISTO1D //home/frederic/Work/Software/LesHouches2017/lh2017-alphas/rivet-analysis/gluon-as015015-truth.yoda/MC_LHJSS_Zjet/Angularity_zcut_0.1_beta_0_alpha_2
LineColor=green
LineStyle=solid
NormalizeToSum=1
Path=//home/frederic/Work/Software/LesHouches2017/lh2017-alphas/rivet-analysis/gluon-as015015-truth.yoda/MC_LHJSS_Zjet/Angularity_zcut_0.1_beta_0_alpha_2
ScaledBy=6.85307017543859611e-05
Title=gluon-as015015-truth
XLabel=
YLabel=
# xlow	 xhigh	 val	 errminus	 errplus
0.000000e+00	1.000000e-02	4.486020e+01	5.544638e-01	5.544638e-01
1.000000e-02	2.000000e-02	9.285910e+00	2.522637e-01	2.522637e-01
2.000000e-02	3.000000e-02	5.825110e+00	1.997996e-01	1.997996e-01
3.000000e-02	4.000000e-02	4.673794e+00	1.789688e-01	1.789688e-01
4.000000e-02	5.000000e-02	3.878838e+00	1.630397e-01	1.630397e-01
5.000000e-02	6.000000e-02	3.022204e+00	1.439145e-01	1.439145e-01
6.000000e-02	7.000000e-02	2.686404e+00	1.356839e-01	1.356839e-01
7.000000e-02	8.000000e-02	2.590461e+00	1.332389e-01	1.332389e-01
8.000000e-02	9.000000e-02	2.268366e+00	1.246807e-01	1.246807e-01
9.000000e-02	1.000000e-01	1.918860e+00	1.146738e-01	1.146738e-01
1.000000e-01	1.100000e-01	1.884594e+00	1.136453e-01	1.136453e-01
1.100000e-01	1.200000e-01	1.726974e+00	1.087891e-01	1.087891e-01
1.200000e-01	1.300000e-01	1.432292e+00	9.907368e-02	9.907368e-02
1.300000e-01	1.400000e-01	1.260965e+00	9.295957e-02	9.295957e-02
1.400000e-01	1.500000e-01	1.343202e+00	9.594298e-02	9.594298e-02
1.500000e-01	1.600000e-01	9.731360e-01	8.166376e-02	8.166376e-02
1.600000e-01	1.700000e-01	8.771930e-01	7.753364e-02	7.753364e-02
1.700000e-01	1.800000e-01	8.497807e-01	7.631256e-02	7.631256e-02
1.800000e-01	1.900000e-01	7.264254e-01	7.055668e-02	7.055668e-02
1.900000e-01	2.000000e-01	7.195724e-01	7.022307e-02	7.022307e-02
2.000000e-01	2.100000e-01	7.058662e-01	6.955107e-02	6.955107e-02
2.100000e-01	2.200000e-01	6.441886e-01	6.644298e-02	6.644298e-02
2.200000e-01	2.300000e-01	5.550987e-01	6.167763e-02	6.167763e-02
2.300000e-01	2.400000e-01	5.208333e-01	5.974368e-02	5.974368e-02
2.400000e-01	2.500000e-01	5.345395e-01	6.052468e-02	6.052468e-02
2.500000e-01	2.600000e-01	2.878289e-01	4.441297e-02	4.441297e-02
2.600000e-01	2.700000e-01	3.289474e-01	4.747946e-02	4.747946e-02
2.700000e-01	2.800000e-01	3.632127e-01	4.989110e-02	4.989110e-02
2.800000e-01	2.900000e-01	3.220943e-01	4.698228e-02	4.698228e-02
2.900000e-01	3.000000e-01	2.535636e-01	4.168560e-02	4.168560e-02
3.000000e-01	3.100000e-01	1.918860e-01	3.626304e-02	3.626304e-02
3.100000e-01	3.200000e-01	2.535636e-01	4.168560e-02	4.168560e-02
3.200000e-01	3.300000e-01	2.398575e-01	4.054331e-02	4.054331e-02
3.300000e-01	3.400000e-01	1.781798e-01	3.494394e-02	3.494394e-02
3.400000e-01	3.500000e-01	1.850329e-01	3.560959e-02	3.560959e-02
3.500000e-01	3.600000e-01	1.096491e-01	2.741228e-02	2.741228e-02
3.600000e-01	3.700000e-01	1.096491e-01	2.741228e-02	2.741228e-02
3.700000e-01	3.800000e-01	1.713268e-01	3.426535e-02	3.426535e-02
3.800000e-01	3.900000e-01	1.370614e-01	3.064786e-02	3.064786e-02
3.900000e-01	4.000000e-01	1.302083e-01	2.987184e-02	2.987184e-02
4.000000e-01	4.100000e-01	1.644737e-01	3.357305e-02	3.357305e-02
4.100000e-01	4.200000e-01	1.027961e-01	2.654183e-02	2.654183e-02
4.200000e-01	4.300000e-01	7.538377e-02	2.272906e-02	2.272906e-02
4.300000e-01	4.400000e-01	1.165022e-01	2.825593e-02	2.825593e-02
4.400000e-01	4.500000e-01	6.853070e-02	2.167131e-02	2.167131e-02
4.500000e-01	4.600000e-01	6.167763e-02	2.055921e-02	2.055921e-02
4.600000e-01	4.700000e-01	2.741228e-02	1.370614e-02	1.370614e-02
4.700000e-01	4.800000e-01	3.426535e-02	1.532393e-02	1.532393e-02
4.800000e-01	4.900000e-01	4.111842e-02	1.678652e-02	1.678652e-02
4.900000e-01	5.000000e-01	2.741228e-02	1.370614e-02	1.370614e-02
5.000000e-01	5.100000e-01	4.797149e-02	1.813152e-02	1.813152e-02
5.100000e-01	5.200000e-01	2.741228e-02	1.370614e-02	1.370614e-02
5.200000e-01	5.300000e-01	2.055921e-02	1.186987e-02	1.186987e-02
5.300000e-01	5.400000e-01	0.000000e+00	0.000000e+00	0.000000e+00
5.400000e-01	5.500000e-01	2.741228e-02	1.370614e-02	1.370614e-02
5.500000e-01	5.600000e-01	3.426535e-02	1.532393e-02	1.532393e-02
5.600000e-01	5.700000e-01	1.370614e-02	9.691705e-03	9.691705e-03
5.700000e-01	5.800000e-01	0.000000e+00	0.000000e+00	0.000000e+00
5.800000e-01	5.900000e-01	1.370614e-02	9.691705e-03	9.691705e-03
5.900000e-01	6.000000e-01	0.000000e+00	0.000000e+00	0.000000e+00
6.000000e-01	6.100000e-01	1.370614e-02	9.691705e-03	9.691705e-03
6.100000e-01	6.200000e-01	0.000000e+00	0.000000e+00	0.000000e+00
6.200000e-01	6.300000e-01	6.853070e-03	6.853070e-03	6.853070e-03
6.300000e-01	6.400000e-01	1.370614e-02	9.691705e-03	9.691705e-03
6.400000e-01	6.500000e-01	0.000000e+00	0.000000e+00	0.000000e+00
6.500000e-01	6.600000e-01	0.000000e+00	0.000000e+00	0.000000e+00
6.600000e-01	6.700000e-01	0.000000e+00	0.000000e+00	0.000000e+00
6.700000e-01	6.800000e-01	2.055921e-02	1.186987e-02	1.186987e-02
6.800000e-01	6.900000e-01	0.000000e+00	0.000000e+00	0.000000e+00
6.900000e-01	7.000000e-01	0.000000e+00	0.000000e+00	0.000000e+00
7.000000e-01	7.100000e-01	0.000000e+00	0.000000e+00	0.000000e+00
7.100000e-01	7.200000e-01	6.853070e-03	6.853070e-03	6.853070e-03
7.200000e-01	7.300000e-01	0.000000e+00	0.000000e+00	0.000000e+00
7.300000e-01	7.400000e-01	0.000000e+00	0.000000e+00	0.000000e+00
7.400000e-01	7.500000e-01	0.000000e+00	0.000000e+00	0.000000e+00
7.500000e-01	7.600000e-01	0.000000e+00	0.000000e+00	0.000000e+00
7.600000e-01	7.700000e-01	0.000000e+00	0.000000e+00	0.000000e+00
7.700000e-01	7.800000e-01	0.000000e+00	0.000000e+00	0.000000e+00
7.800000e-01	7.900000e-01	0.000000e+00	0.000000e+00	0.000000e+00
7.900000e-01	8.000000e-01	0.000000e+00	0.000000e+00	0.000000e+00
8.000000e-01	8.100000e-01	0.000000e+00	0.000000e+00	0.000000e+00
8.100000e-01	8.200000e-01	0.000000e+00	0.000000e+00	0.000000e+00
8.200000e-01	8.300000e-01	0.000000e+00	0.000000e+00	0.000000e+00
8.300000e-01	8.400000e-01	0.000000e+00	0.000000e+00	0.000000e+00
8.400000e-01	8.500000e-01	0.000000e+00	0.000000e+00	0.000000e+00
8.500000e-01	8.600000e-01	0.000000e+00	0.000000e+00	0.000000e+00
8.600000e-01	8.700000e-01	0.000000e+00	0.000000e+00	0.000000e+00
8.700000e-01	8.800000e-01	0.000000e+00	0.000000e+00	0.000000e+00
8.800000e-01	8.900000e-01	0.000000e+00	0.000000e+00	0.000000e+00
8.900000e-01	9.000000e-01	0.000000e+00	0.000000e+00	0.000000e+00
9.000000e-01	9.100000e-01	0.000000e+00	0.000000e+00	0.000000e+00
9.100000e-01	9.200000e-01	0.000000e+00	0.000000e+00	0.000000e+00
9.200000e-01	9.300000e-01	0.000000e+00	0.000000e+00	0.000000e+00
9.300000e-01	9.400000e-01	0.000000e+00	0.000000e+00	0.000000e+00
9.400000e-01	9.500000e-01	0.000000e+00	0.000000e+00	0.000000e+00
9.500000e-01	9.600000e-01	0.000000e+00	0.000000e+00	0.000000e+00
9.600000e-01	9.700000e-01	0.000000e+00	0.000000e+00	0.000000e+00
9.700000e-01	9.800000e-01	0.000000e+00	0.000000e+00	0.000000e+00
9.800000e-01	9.900000e-01	0.000000e+00	0.000000e+00	0.000000e+00
9.900000e-01	1.000000e+00	0.000000e+00	0.000000e+00	0.000000e+00
# END HISTO1D

