# BEGIN PLOT
LegendOnly=//home/frederic/Work/Software/LesHouches2017/lh2017-alphas/rivet-analysis/gluon-as013650-truth.yoda/MC_LHJSS_Zjet/log_Angularity_zcut_0.1_beta_0_alpha_2 //home/frederic/Work/Software/LesHouches2017/lh2017-alphas/rivet-analysis/gluon-as012285-truth.yoda/MC_LHJSS_Zjet/log_Angularity_zcut_0.1_beta_0_alpha_2 //home/frederic/Work/Software/LesHouches2017/lh2017-alphas/rivet-analysis/gluon-as015015-truth.yoda/MC_LHJSS_Zjet/log_Angularity_zcut_0.1_beta_0_alpha_2
DrawOnly=//home/frederic/Work/Software/LesHouches2017/lh2017-alphas/rivet-analysis/gluon-as013650-truth.yoda/MC_LHJSS_Zjet/log_Angularity_zcut_0.1_beta_0_alpha_2 //home/frederic/Work/Software/LesHouches2017/lh2017-alphas/rivet-analysis/gluon-as012285-truth.yoda/MC_LHJSS_Zjet/log_Angularity_zcut_0.1_beta_0_alpha_2 //home/frederic/Work/Software/LesHouches2017/lh2017-alphas/rivet-analysis/gluon-as015015-truth.yoda/MC_LHJSS_Zjet/log_Angularity_zcut_0.1_beta_0_alpha_2
Title=Angularity, $\alpha$ = 2 $z_{cut}$ = 0.1 $\beta$ = 0
RatioPlot=1
LogX=0
LogY=0
RatioPlotYLabel=Ratio
RatioPlotReference=//home/frederic/Work/Software/LesHouches2017/lh2017-alphas/rivet-analysis/gluon-as013650-truth.yoda/MC_LHJSS_Zjet/log_Angularity_zcut_0.1_beta_0_alpha_2
XLabel=$e_\alpha$
YLabel=$1/\sigma \text{d}\sigma/\text{d}e_\alpha$
Legend=1
# END PLOT

# BEGIN HISTO1D //home/frederic/Work/Software/LesHouches2017/lh2017-alphas/rivet-analysis/gluon-as013650-truth.yoda/MC_LHJSS_Zjet/log_Angularity_zcut_0.1_beta_0_alpha_2
LineColor=red
LineStyle=solid
NormalizeToSum=1
Path=//home/frederic/Work/Software/LesHouches2017/lh2017-alphas/rivet-analysis/gluon-as013650-truth.yoda/MC_LHJSS_Zjet/log_Angularity_zcut_0.1_beta_0_alpha_2
ScaledBy=6.97593303104290135e-05
Title=gluon-as013650-truth
XLabel=
YLabel=
# xlow	 xhigh	 val	 errminus	 errplus
0.000000e+00	1.000000e-01	0.000000e+00	0.000000e+00	0.000000e+00
1.000000e-01	2.000000e-01	0.000000e+00	0.000000e+00	0.000000e+00
2.000000e-01	3.000000e-01	2.790373e-03	1.395187e-03	1.395187e-03
3.000000e-01	4.000000e-01	1.395187e-03	9.865459e-04	9.865459e-04
4.000000e-01	5.000000e-01	3.487967e-03	1.559866e-03	1.559866e-03
5.000000e-01	6.000000e-01	6.975933e-03	2.205984e-03	2.205984e-03
6.000000e-01	7.000000e-01	1.185909e-02	2.876251e-03	2.876251e-03
7.000000e-01	8.000000e-01	1.953261e-02	3.691317e-03	3.691317e-03
8.000000e-01	9.000000e-01	2.860133e-02	4.466776e-03	4.466776e-03
9.000000e-01	1.000000e+00	3.697245e-02	5.078556e-03	5.078556e-03
1.000000e+00	1.100000e+00	5.510987e-02	6.200345e-03	6.200345e-03
1.100000e+00	1.200000e+00	6.557377e-02	6.763418e-03	6.763418e-03
1.200000e+00	1.300000e+00	8.161842e-02	7.545625e-03	7.545625e-03
1.300000e+00	1.400000e+00	9.766306e-02	8.254035e-03	8.254035e-03
1.400000e+00	1.500000e+00	1.102197e-01	8.768612e-03	8.768612e-03
1.500000e+00	1.600000e+00	1.339379e-01	9.666136e-03	9.666136e-03
1.600000e+00	1.700000e+00	1.276596e-01	9.436867e-03	9.436867e-03
1.700000e+00	1.800000e+00	1.283572e-01	9.462616e-03	9.462616e-03
1.800000e+00	1.900000e+00	1.541681e-01	1.037047e-02	1.037047e-02
1.900000e+00	2.000000e+00	1.513777e-01	1.027619e-02	1.027619e-02
2.000000e+00	2.100000e+00	1.723055e-01	1.096354e-02	1.096354e-02
2.100000e+00	2.200000e+00	1.618416e-01	1.062542e-02	1.062542e-02
2.200000e+00	2.300000e+00	1.785839e-01	1.116149e-02	1.116149e-02
2.300000e+00	2.400000e+00	1.709104e-01	1.091906e-02	1.091906e-02
2.400000e+00	2.500000e+00	1.681200e-01	1.082956e-02	1.082956e-02
2.500000e+00	2.600000e+00	1.681200e-01	1.082956e-02	1.082956e-02
2.600000e+00	2.700000e+00	1.555633e-01	1.041729e-02	1.041729e-02
2.700000e+00	2.800000e+00	1.583537e-01	1.051030e-02	1.051030e-02
2.800000e+00	2.900000e+00	1.541681e-01	1.037047e-02	1.037047e-02
2.900000e+00	3.000000e+00	1.625392e-01	1.064830e-02	1.064830e-02
3.000000e+00	3.100000e+00	1.492850e-01	1.020491e-02	1.020491e-02
3.100000e+00	3.200000e+00	1.478898e-01	1.015711e-02	1.015711e-02
3.200000e+00	3.300000e+00	1.541681e-01	1.037047e-02	1.037047e-02
3.300000e+00	3.400000e+00	1.269620e-01	9.411048e-03	9.411048e-03
3.400000e+00	3.500000e+00	1.583537e-01	1.051030e-02	1.051030e-02
3.500000e+00	3.600000e+00	1.346355e-01	9.691276e-03	9.691276e-03
3.600000e+00	3.700000e+00	1.450994e-01	1.006083e-02	1.006083e-02
3.700000e+00	3.800000e+00	1.262644e-01	9.385158e-03	9.385158e-03
3.800000e+00	3.900000e+00	1.234740e-01	9.280875e-03	9.280875e-03
3.900000e+00	4.000000e+00	1.555633e-01	1.041729e-02	1.041729e-02
4.000000e+00	4.100000e+00	1.248692e-01	9.333162e-03	9.333162e-03
4.100000e+00	4.200000e+00	1.325427e-01	9.615660e-03	9.615660e-03
4.200000e+00	4.300000e+00	1.130101e-01	8.878913e-03	8.878913e-03
4.300000e+00	4.400000e+00	1.409138e-01	9.914664e-03	9.914664e-03
4.400000e+00	4.500000e+00	1.262644e-01	9.385158e-03	9.385158e-03
4.500000e+00	4.600000e+00	1.339379e-01	9.666136e-03	9.666136e-03
4.600000e+00	4.700000e+00	1.206836e-01	9.175407e-03	9.175407e-03
4.700000e+00	4.800000e+00	1.255668e-01	9.359196e-03	9.359196e-03
4.800000e+00	4.900000e+00	1.248692e-01	9.333162e-03	9.333162e-03
4.900000e+00	5.000000e+00	1.137077e-01	8.906275e-03	8.906275e-03
5.000000e+00	5.100000e+00	1.206836e-01	9.175407e-03	9.175407e-03
5.100000e+00	5.200000e+00	1.011510e-01	8.400136e-03	8.400136e-03
5.200000e+00	5.300000e+00	1.095221e-01	8.740819e-03	8.740819e-03
5.300000e+00	5.400000e+00	1.283572e-01	9.462616e-03	9.462616e-03
5.400000e+00	5.500000e+00	1.116149e-01	8.823935e-03	8.823935e-03
5.500000e+00	5.600000e+00	9.905825e-02	8.312784e-03	8.312784e-03
5.600000e+00	5.700000e+00	1.116149e-01	8.823935e-03	8.823935e-03
5.700000e+00	5.800000e+00	1.109173e-01	8.796317e-03	8.796317e-03
5.800000e+00	5.900000e+00	9.905825e-02	8.312784e-03	8.312784e-03
5.900000e+00	6.000000e+00	1.060342e-01	8.600508e-03	8.600508e-03
6.000000e+00	6.100000e+00	9.487269e-02	8.135266e-03	8.135266e-03
6.100000e+00	6.200000e+00	1.025462e-01	8.457869e-03	8.457869e-03
6.200000e+00	6.300000e+00	9.138472e-02	7.984320e-03	7.984320e-03
6.300000e+00	6.400000e+00	9.208232e-02	8.014737e-03	8.014737e-03
6.400000e+00	6.500000e+00	9.487269e-02	8.135266e-03	8.135266e-03
6.500000e+00	6.600000e+00	8.859435e-02	7.861477e-03	7.861477e-03
6.600000e+00	6.700000e+00	7.743286e-02	7.349601e-03	7.349601e-03
6.700000e+00	6.800000e+00	8.650157e-02	7.768071e-03	7.768071e-03
6.800000e+00	6.900000e+00	8.510638e-02	7.705170e-03	7.705170e-03
6.900000e+00	7.000000e+00	9.626788e-02	8.194866e-03	8.194866e-03
7.000000e+00	7.100000e+00	8.092082e-02	7.513310e-03	7.513310e-03
7.100000e+00	7.200000e+00	7.324730e-02	7.148204e-03	7.148204e-03
7.200000e+00	7.300000e+00	9.417510e-02	8.105302e-03	8.105302e-03
7.300000e+00	7.400000e+00	8.719916e-02	7.799330e-03	7.799330e-03
7.400000e+00	7.500000e+00	9.557028e-02	8.165120e-03	8.165120e-03
7.500000e+00	7.600000e+00	8.719916e-02	7.799330e-03	7.799330e-03
7.600000e+00	7.700000e+00	1.109173e-01	8.796317e-03	8.796317e-03
7.700000e+00	7.800000e+00	9.347750e-02	8.075226e-03	8.075226e-03
7.800000e+00	7.900000e+00	9.766306e-02	8.254035e-03	8.254035e-03
7.900000e+00	8.000000e+00	7.813045e-02	7.382634e-03	7.382634e-03
8.000000e+00	8.100000e+00	1.011510e-01	8.400136e-03	8.400136e-03
8.100000e+00	8.200000e+00	7.813045e-02	7.382634e-03	7.382634e-03
8.200000e+00	8.300000e+00	8.998954e-02	7.923137e-03	7.923137e-03
8.300000e+00	8.400000e+00	1.137077e-01	8.906275e-03	8.906275e-03
8.400000e+00	8.500000e+00	9.277991e-02	8.045038e-03	8.045038e-03
8.500000e+00	8.600000e+00	8.929194e-02	7.892367e-03	7.892367e-03
8.600000e+00	8.700000e+00	9.068713e-02	7.953787e-03	7.953787e-03
8.700000e+00	8.800000e+00	7.254970e-02	7.114084e-03	7.114084e-03
8.800000e+00	8.900000e+00	8.719916e-02	7.799330e-03	7.799330e-03
8.900000e+00	9.000000e+00	6.975933e-02	6.975933e-03	6.975933e-03
9.000000e+00	9.100000e+00	5.580746e-02	6.239464e-03	6.239464e-03
9.100000e+00	9.200000e+00	3.697245e-02	5.078556e-03	5.078556e-03
9.200000e+00	9.300000e+00	5.162190e-02	6.000924e-03	6.000924e-03
9.300000e+00	9.400000e+00	4.952912e-02	5.878026e-03	5.878026e-03
9.400000e+00	9.500000e+00	4.394838e-02	5.536975e-03	5.536975e-03
9.500000e+00	9.600000e+00	4.673875e-02	5.710047e-03	5.710047e-03
9.600000e+00	9.700000e+00	4.394838e-02	5.536975e-03	5.536975e-03
9.700000e+00	9.800000e+00	3.836763e-02	5.173490e-03	5.173490e-03
9.800000e+00	9.900000e+00	3.348448e-02	4.833068e-03	4.833068e-03
9.900000e+00	1.000000e+01	2.511336e-02	4.185560e-03	4.185560e-03
1.000000e+01	1.010000e+01	2.092780e-02	3.820876e-03	3.820876e-03
1.010000e+01	1.020000e+01	2.511336e-02	4.185560e-03	4.185560e-03
1.020000e+01	1.030000e+01	2.511336e-02	4.185560e-03	4.185560e-03
1.030000e+01	1.040000e+01	2.023021e-02	3.756655e-03	3.756655e-03
1.040000e+01	1.050000e+01	1.534705e-02	3.272002e-03	3.272002e-03
1.050000e+01	1.060000e+01	1.464946e-02	3.196773e-03	3.196773e-03
1.060000e+01	1.070000e+01	1.185909e-02	2.876251e-03	2.876251e-03
1.070000e+01	1.080000e+01	7.673526e-03	2.313655e-03	2.313655e-03
1.080000e+01	1.090000e+01	7.673526e-03	2.313655e-03	2.313655e-03
1.090000e+01	1.100000e+01	1.116149e-02	2.790373e-03	2.790373e-03
1.100000e+01	1.110000e+01	1.464946e-02	3.196773e-03	3.196773e-03
1.110000e+01	1.120000e+01	1.046390e-02	2.701767e-03	2.701767e-03
1.120000e+01	1.130000e+01	4.185560e-03	1.708747e-03	1.708747e-03
1.130000e+01	1.140000e+01	5.580746e-03	1.973092e-03	1.973092e-03
1.140000e+01	1.150000e+01	5.580746e-03	1.973092e-03	1.973092e-03
1.150000e+01	1.160000e+01	2.790373e-03	1.395187e-03	1.395187e-03
1.160000e+01	1.170000e+01	3.487967e-03	1.559866e-03	1.559866e-03
1.170000e+01	1.180000e+01	3.487967e-03	1.559866e-03	1.559866e-03
1.180000e+01	1.190000e+01	3.487967e-03	1.559866e-03	1.559866e-03
1.190000e+01	1.200000e+01	1.395187e-03	9.865459e-04	9.865459e-04
1.200000e+01	1.210000e+01	2.790373e-03	1.395187e-03	1.395187e-03
1.210000e+01	1.220000e+01	2.092780e-03	1.208267e-03	1.208267e-03
1.220000e+01	1.230000e+01	2.092780e-03	1.208267e-03	1.208267e-03
1.230000e+01	1.240000e+01	6.975933e-04	6.975933e-04	6.975933e-04
1.240000e+01	1.250000e+01	1.395187e-03	9.865459e-04	9.865459e-04
1.250000e+01	1.260000e+01	0.000000e+00	0.000000e+00	0.000000e+00
1.260000e+01	1.270000e+01	0.000000e+00	0.000000e+00	0.000000e+00
1.270000e+01	1.280000e+01	2.092780e-03	1.208267e-03	1.208267e-03
1.280000e+01	1.290000e+01	1.395187e-03	9.865459e-04	9.865459e-04
1.290000e+01	1.300000e+01	0.000000e+00	0.000000e+00	0.000000e+00
1.300000e+01	1.310000e+01	6.975933e-04	6.975933e-04	6.975933e-04
1.310000e+01	1.320000e+01	1.395187e-03	9.865459e-04	9.865459e-04
1.320000e+01	1.330000e+01	6.975933e-04	6.975933e-04	6.975933e-04
1.330000e+01	1.340000e+01	6.975933e-04	6.975933e-04	6.975933e-04
1.340000e+01	1.350000e+01	6.975933e-04	6.975933e-04	6.975933e-04
1.350000e+01	1.360000e+01	0.000000e+00	0.000000e+00	0.000000e+00
1.360000e+01	1.370000e+01	6.975933e-04	6.975933e-04	6.975933e-04
1.370000e+01	1.380000e+01	0.000000e+00	0.000000e+00	0.000000e+00
1.380000e+01	1.390000e+01	0.000000e+00	0.000000e+00	0.000000e+00
1.390000e+01	1.400000e+01	0.000000e+00	0.000000e+00	0.000000e+00
1.400000e+01	1.410000e+01	0.000000e+00	0.000000e+00	0.000000e+00
1.410000e+01	1.420000e+01	0.000000e+00	0.000000e+00	0.000000e+00
1.420000e+01	1.430000e+01	0.000000e+00	0.000000e+00	0.000000e+00
1.430000e+01	1.440000e+01	1.395187e-03	9.865459e-04	9.865459e-04
1.440000e+01	1.450000e+01	0.000000e+00	0.000000e+00	0.000000e+00
1.450000e+01	1.460000e+01	0.000000e+00	0.000000e+00	0.000000e+00
1.460000e+01	1.470000e+01	0.000000e+00	0.000000e+00	0.000000e+00
1.470000e+01	1.480000e+01	0.000000e+00	0.000000e+00	0.000000e+00
1.480000e+01	1.490000e+01	0.000000e+00	0.000000e+00	0.000000e+00
1.490000e+01	1.500000e+01	0.000000e+00	0.000000e+00	0.000000e+00
# END HISTO1D

# BEGIN HISTO1D //home/frederic/Work/Software/LesHouches2017/lh2017-alphas/rivet-analysis/gluon-as012285-truth.yoda/MC_LHJSS_Zjet/log_Angularity_zcut_0.1_beta_0_alpha_2
LineColor=blue
LineStyle=solid
NormalizeToSum=1
Path=//home/frederic/Work/Software/LesHouches2017/lh2017-alphas/rivet-analysis/gluon-as012285-truth.yoda/MC_LHJSS_Zjet/log_Angularity_zcut_0.1_beta_0_alpha_2
ScaledBy=7.07513796519032182e-05
Title=gluon-as012285-truth
XLabel=
YLabel=
# xlow	 xhigh	 val	 errminus	 errplus
0.000000e+00	1.000000e-01	0.000000e+00	0.000000e+00	0.000000e+00
1.000000e-01	2.000000e-01	7.075138e-04	7.075138e-04	7.075138e-04
2.000000e-01	3.000000e-01	1.415028e-03	1.000576e-03	1.000576e-03
3.000000e-01	4.000000e-01	7.075138e-04	7.075138e-04	7.075138e-04
4.000000e-01	5.000000e-01	1.415028e-03	1.000576e-03	1.000576e-03
5.000000e-01	6.000000e-01	3.537569e-03	1.582049e-03	1.582049e-03
6.000000e-01	7.000000e-01	5.660110e-03	2.001151e-03	2.001151e-03
7.000000e-01	8.000000e-01	2.051790e-02	3.810079e-03	3.810079e-03
8.000000e-01	9.000000e-01	2.193293e-02	3.939270e-03	3.939270e-03
9.000000e-01	1.000000e+00	3.749823e-02	5.150779e-03	5.150779e-03
1.000000e+00	1.100000e+00	5.235602e-02	6.086264e-03	6.086264e-03
1.100000e+00	1.200000e+00	5.377105e-02	6.167962e-03	6.167962e-03
1.200000e+00	1.300000e+00	7.853403e-02	7.454120e-03	7.454120e-03
1.300000e+00	1.400000e+00	8.207160e-02	7.620157e-03	7.620157e-03
1.400000e+00	1.500000e+00	9.622188e-02	8.250958e-03	8.250958e-03
1.500000e+00	1.600000e+00	9.480685e-02	8.190064e-03	8.190064e-03
1.600000e+00	1.700000e+00	1.181548e-01	9.143093e-03	9.143093e-03
1.700000e+00	1.800000e+00	1.372577e-01	9.854527e-03	9.854527e-03
1.800000e+00	1.900000e+00	1.358426e-01	9.803599e-03	9.803599e-03
1.900000e+00	2.000000e+00	1.301825e-01	9.597184e-03	9.597184e-03
2.000000e+00	2.100000e+00	1.577756e-01	1.056543e-02	1.056543e-02
2.100000e+00	2.200000e+00	1.415028e-01	1.000576e-02	1.000576e-02
2.200000e+00	2.300000e+00	1.613131e-01	1.068323e-02	1.068323e-02
2.300000e+00	2.400000e+00	1.634357e-01	1.075328e-02	1.075328e-02
2.400000e+00	2.500000e+00	1.308901e-01	9.623228e-03	9.623228e-03
2.500000e+00	2.600000e+00	1.280600e-01	9.518624e-03	9.518624e-03
2.600000e+00	2.700000e+00	1.492854e-01	1.027723e-02	1.027723e-02
2.700000e+00	2.800000e+00	1.372577e-01	9.854527e-03	9.854527e-03
2.800000e+00	2.900000e+00	1.457478e-01	1.015473e-02	1.015473e-02
2.900000e+00	3.000000e+00	1.231074e-01	9.332748e-03	9.332748e-03
3.000000e+00	3.100000e+00	1.415028e-01	1.000576e-02	1.000576e-02
3.100000e+00	3.200000e+00	1.216924e-01	9.278956e-03	9.278956e-03
3.200000e+00	3.300000e+00	1.492854e-01	1.027723e-02	1.027723e-02
3.300000e+00	3.400000e+00	1.521155e-01	1.037419e-02	1.037419e-02
3.400000e+00	3.500000e+00	1.294750e-01	9.571069e-03	9.571069e-03
3.500000e+00	3.600000e+00	1.358426e-01	9.803599e-03	9.803599e-03
3.600000e+00	3.700000e+00	1.315976e-01	9.649202e-03	9.649202e-03
3.700000e+00	3.800000e+00	1.266450e-01	9.465889e-03	9.465889e-03
3.800000e+00	3.900000e+00	1.238149e-01	9.359528e-03	9.359528e-03
3.900000e+00	4.000000e+00	1.365502e-01	9.829096e-03	9.829096e-03
4.000000e+00	4.100000e+00	1.323051e-01	9.675106e-03	9.675106e-03
4.100000e+00	4.200000e+00	1.139097e-01	8.977344e-03	8.977344e-03
4.200000e+00	4.300000e+00	1.351351e-01	9.778035e-03	9.778035e-03
4.300000e+00	4.400000e+00	1.266450e-01	9.465889e-03	9.465889e-03
4.400000e+00	4.500000e+00	1.167398e-01	9.088179e-03	9.088179e-03
4.500000e+00	4.600000e+00	1.365502e-01	9.829096e-03	9.829096e-03
4.600000e+00	4.700000e+00	1.153247e-01	9.032931e-03	9.032931e-03
4.700000e+00	4.800000e+00	1.393802e-01	9.930429e-03	9.930429e-03
4.800000e+00	4.900000e+00	1.209849e-01	9.251944e-03	9.251944e-03
4.900000e+00	5.000000e+00	1.025895e-01	8.519594e-03	8.519594e-03
5.000000e+00	5.100000e+00	1.139097e-01	8.977344e-03	8.977344e-03
5.100000e+00	5.200000e+00	1.096646e-01	8.808475e-03	8.808475e-03
5.200000e+00	5.300000e+00	1.068346e-01	8.694075e-03	8.694075e-03
5.300000e+00	5.400000e+00	9.975945e-02	8.401261e-03	8.401261e-03
5.400000e+00	5.500000e+00	1.011745e-01	8.460635e-03	8.460635e-03
5.500000e+00	5.600000e+00	8.843922e-02	7.910245e-03	7.910245e-03
5.600000e+00	5.700000e+00	1.018820e-01	8.490165e-03	8.490165e-03
5.700000e+00	5.800000e+00	1.011745e-01	8.460635e-03	8.460635e-03
5.800000e+00	5.900000e+00	1.132022e-01	8.949420e-03	8.949420e-03
5.900000e+00	6.000000e+00	8.419414e-02	7.718065e-03	7.718065e-03
6.000000e+00	6.100000e+00	9.905193e-02	8.371416e-03	8.371416e-03
6.100000e+00	6.200000e+00	1.018820e-01	8.490165e-03	8.490165e-03
6.200000e+00	6.300000e+00	9.056177e-02	8.004605e-03	8.004605e-03
6.300000e+00	6.400000e+00	8.136409e-02	7.587240e-03	7.587240e-03
6.400000e+00	6.500000e+00	8.136409e-02	7.587240e-03	7.587240e-03
6.500000e+00	6.600000e+00	1.025895e-01	8.519594e-03	8.519594e-03
6.600000e+00	6.700000e+00	8.702420e-02	7.846708e-03	7.846708e-03
6.700000e+00	6.800000e+00	9.480685e-02	8.190064e-03	8.190064e-03
6.800000e+00	6.900000e+00	9.905193e-02	8.371416e-03	8.371416e-03
6.900000e+00	7.000000e+00	7.075138e-02	7.075138e-03	7.075138e-03
7.000000e+00	7.100000e+00	7.853403e-02	7.454120e-03	7.454120e-03
7.100000e+00	7.200000e+00	7.853403e-02	7.454120e-03	7.454120e-03
7.200000e+00	7.300000e+00	9.480685e-02	8.190064e-03	8.190064e-03
7.300000e+00	7.400000e+00	9.339182e-02	8.128715e-03	8.128715e-03
7.400000e+00	7.500000e+00	9.126928e-02	8.035812e-03	8.035812e-03
7.500000e+00	7.600000e+00	9.622188e-02	8.250958e-03	8.250958e-03
7.600000e+00	7.700000e+00	1.032970e-01	8.548922e-03	8.548922e-03
7.700000e+00	7.800000e+00	9.834442e-02	8.341464e-03	8.341464e-03
7.800000e+00	7.900000e+00	1.223999e-01	9.305891e-03	9.305891e-03
7.900000e+00	8.000000e+00	9.551436e-02	8.220567e-03	8.220567e-03
8.000000e+00	8.100000e+00	1.103722e-01	8.836844e-03	8.836844e-03
8.100000e+00	8.200000e+00	1.011745e-01	8.460635e-03	8.460635e-03
8.200000e+00	8.300000e+00	1.103722e-01	8.836844e-03	8.836844e-03
8.300000e+00	8.400000e+00	1.054196e-01	8.636307e-03	8.636307e-03
8.400000e+00	8.500000e+00	1.315976e-01	9.649202e-03	9.649202e-03
8.500000e+00	8.600000e+00	1.139097e-01	8.977344e-03	8.977344e-03
8.600000e+00	8.700000e+00	1.089571e-01	8.780015e-03	8.780015e-03
8.700000e+00	8.800000e+00	1.089571e-01	8.780015e-03	8.780015e-03
8.800000e+00	8.900000e+00	1.004670e-01	8.431000e-03	8.431000e-03
8.900000e+00	9.000000e+00	9.763690e-02	8.311405e-03	8.311405e-03
9.000000e+00	9.100000e+00	9.268431e-02	8.097866e-03	8.097866e-03
9.100000e+00	9.200000e+00	9.834442e-02	8.341464e-03	8.341464e-03
9.200000e+00	9.300000e+00	7.004387e-02	7.039673e-03	7.039673e-03
9.300000e+00	9.400000e+00	6.013867e-02	6.522955e-03	6.522955e-03
9.400000e+00	9.500000e+00	5.023348e-02	5.961617e-03	5.961617e-03
9.500000e+00	9.600000e+00	5.377105e-02	6.167962e-03	6.167962e-03
9.600000e+00	9.700000e+00	5.730862e-02	6.367624e-03	6.367624e-03
9.700000e+00	9.800000e+00	5.306353e-02	6.127249e-03	6.127249e-03
9.800000e+00	9.900000e+00	4.598840e-02	5.704159e-03	5.704159e-03
9.900000e+00	1.000000e+01	4.669591e-02	5.747869e-03	5.747869e-03
1.000000e+01	1.010000e+01	3.537569e-02	5.002878e-03	5.002878e-03
1.010000e+01	1.020000e+01	3.820575e-02	5.199143e-03	5.199143e-03
1.020000e+01	1.030000e+01	2.122541e-02	3.875212e-03	3.875212e-03
1.030000e+01	1.040000e+01	2.334796e-02	4.064357e-03	4.064357e-03
1.040000e+01	1.050000e+01	2.334796e-02	4.064357e-03	4.064357e-03
1.050000e+01	1.060000e+01	1.556530e-02	3.318534e-03	3.318534e-03
1.060000e+01	1.070000e+01	1.768784e-02	3.537568e-03	3.537568e-03
1.070000e+01	1.080000e+01	1.556530e-02	3.318534e-03	3.318534e-03
1.080000e+01	1.090000e+01	1.344276e-02	3.083981e-03	3.083981e-03
1.090000e+01	1.100000e+01	8.490166e-03	2.450900e-03	2.450900e-03
1.100000e+01	1.110000e+01	5.660110e-03	2.001151e-03	2.001151e-03
1.110000e+01	1.120000e+01	8.490166e-03	2.450900e-03	2.450900e-03
1.120000e+01	1.130000e+01	7.782652e-03	2.346558e-03	2.346558e-03
1.130000e+01	1.140000e+01	6.367624e-03	2.122541e-03	2.122541e-03
1.140000e+01	1.150000e+01	6.367624e-03	2.122541e-03	2.122541e-03
1.150000e+01	1.160000e+01	6.367624e-03	2.122541e-03	2.122541e-03
1.160000e+01	1.170000e+01	2.830055e-03	1.415028e-03	1.415028e-03
1.170000e+01	1.180000e+01	7.782652e-03	2.346558e-03	2.346558e-03
1.180000e+01	1.190000e+01	6.367624e-03	2.122541e-03	2.122541e-03
1.190000e+01	1.200000e+01	1.415028e-03	1.000576e-03	1.000576e-03
1.200000e+01	1.210000e+01	3.537569e-03	1.582049e-03	1.582049e-03
1.210000e+01	1.220000e+01	2.122541e-03	1.225450e-03	1.225450e-03
1.220000e+01	1.230000e+01	2.122541e-03	1.225450e-03	1.225450e-03
1.230000e+01	1.240000e+01	0.000000e+00	0.000000e+00	0.000000e+00
1.240000e+01	1.250000e+01	2.122541e-03	1.225450e-03	1.225450e-03
1.250000e+01	1.260000e+01	7.075138e-04	7.075138e-04	7.075138e-04
1.260000e+01	1.270000e+01	7.075138e-04	7.075138e-04	7.075138e-04
1.270000e+01	1.280000e+01	2.122541e-03	1.225450e-03	1.225450e-03
1.280000e+01	1.290000e+01	7.075138e-04	7.075138e-04	7.075138e-04
1.290000e+01	1.300000e+01	2.122541e-03	1.225450e-03	1.225450e-03
1.300000e+01	1.310000e+01	7.075138e-04	7.075138e-04	7.075138e-04
1.310000e+01	1.320000e+01	7.075138e-04	7.075138e-04	7.075138e-04
1.320000e+01	1.330000e+01	0.000000e+00	0.000000e+00	0.000000e+00
1.330000e+01	1.340000e+01	7.075138e-04	7.075138e-04	7.075138e-04
1.340000e+01	1.350000e+01	1.415028e-03	1.000576e-03	1.000576e-03
1.350000e+01	1.360000e+01	7.075138e-04	7.075138e-04	7.075138e-04
1.360000e+01	1.370000e+01	7.075138e-04	7.075138e-04	7.075138e-04
1.370000e+01	1.380000e+01	0.000000e+00	0.000000e+00	0.000000e+00
1.380000e+01	1.390000e+01	7.075138e-04	7.075138e-04	7.075138e-04
1.390000e+01	1.400000e+01	0.000000e+00	0.000000e+00	0.000000e+00
1.400000e+01	1.410000e+01	0.000000e+00	0.000000e+00	0.000000e+00
1.410000e+01	1.420000e+01	7.075138e-04	7.075138e-04	7.075138e-04
1.420000e+01	1.430000e+01	0.000000e+00	0.000000e+00	0.000000e+00
1.430000e+01	1.440000e+01	0.000000e+00	0.000000e+00	0.000000e+00
1.440000e+01	1.450000e+01	0.000000e+00	0.000000e+00	0.000000e+00
1.450000e+01	1.460000e+01	0.000000e+00	0.000000e+00	0.000000e+00
1.460000e+01	1.470000e+01	0.000000e+00	0.000000e+00	0.000000e+00
1.470000e+01	1.480000e+01	0.000000e+00	0.000000e+00	0.000000e+00
1.480000e+01	1.490000e+01	7.075138e-04	7.075138e-04	7.075138e-04
1.490000e+01	1.500000e+01	0.000000e+00	0.000000e+00	0.000000e+00
# END HISTO1D

# BEGIN HISTO1D //home/frederic/Work/Software/LesHouches2017/lh2017-alphas/rivet-analysis/gluon-as015015-truth.yoda/MC_LHJSS_Zjet/log_Angularity_zcut_0.1_beta_0_alpha_2
LineColor=green
LineStyle=solid
NormalizeToSum=1
Path=//home/frederic/Work/Software/LesHouches2017/lh2017-alphas/rivet-analysis/gluon-as015015-truth.yoda/MC_LHJSS_Zjet/log_Angularity_zcut_0.1_beta_0_alpha_2
ScaledBy=6.85307017543859611e-05
Title=gluon-as015015-truth
XLabel=
YLabel=
# xlow	 xhigh	 val	 errminus	 errplus
0.000000e+00	1.000000e-01	0.000000e+00	0.000000e+00	0.000000e+00
1.000000e-01	2.000000e-01	0.000000e+00	0.000000e+00	0.000000e+00
2.000000e-01	3.000000e-01	0.000000e+00	0.000000e+00	0.000000e+00
3.000000e-01	4.000000e-01	2.055921e-03	1.186987e-03	1.186987e-03
4.000000e-01	5.000000e-01	2.741228e-03	1.370614e-03	1.370614e-03
5.000000e-01	6.000000e-01	7.538377e-03	2.272906e-03	2.272906e-03
6.000000e-01	7.000000e-01	1.233553e-02	2.907511e-03	2.907511e-03
7.000000e-01	8.000000e-01	1.918860e-02	3.626304e-03	3.626304e-03
8.000000e-01	9.000000e-01	4.043311e-02	5.263943e-03	5.263943e-03
9.000000e-01	1.000000e+00	5.825110e-02	6.318219e-03	6.318219e-03
1.000000e+00	1.100000e+00	4.865680e-02	5.774500e-03	5.774500e-03
1.100000e+00	1.200000e+00	7.401316e-02	7.121920e-03	7.121920e-03
1.200000e+00	1.300000e+00	8.840461e-02	7.783592e-03	7.783592e-03
1.300000e+00	1.400000e+00	8.771930e-02	7.753364e-03	7.753364e-03
1.400000e+00	1.500000e+00	1.226700e-01	9.168783e-03	9.168783e-03
1.500000e+00	1.600000e+00	1.370614e-01	9.691705e-03	9.691705e-03
1.600000e+00	1.700000e+00	1.487116e-01	1.009520e-02	1.009520e-02
1.700000e+00	1.800000e+00	1.377467e-01	9.715904e-03	9.715904e-03
1.800000e+00	1.900000e+00	1.535088e-01	1.025673e-02	1.025673e-02
1.900000e+00	2.000000e+00	1.891447e-01	1.138517e-02	1.138517e-02
2.000000e+00	2.100000e+00	1.637884e-01	1.059459e-02	1.059459e-02
2.100000e+00	2.200000e+00	1.946272e-01	1.154900e-02	1.154900e-02
2.200000e+00	2.300000e+00	2.049068e-01	1.185007e-02	1.185007e-02
2.300000e+00	2.400000e+00	1.822917e-01	1.117702e-02	1.117702e-02
2.400000e+00	2.500000e+00	1.891447e-01	1.138517e-02	1.138517e-02
2.500000e+00	2.600000e+00	1.994243e-01	1.169046e-02	1.169046e-02
2.600000e+00	2.700000e+00	1.836623e-01	1.121896e-02	1.121896e-02
2.700000e+00	2.800000e+00	1.726974e-01	1.087891e-02	1.087891e-02
2.800000e+00	2.900000e+00	1.706414e-01	1.081396e-02	1.081396e-02
2.900000e+00	3.000000e+00	1.624178e-01	1.055017e-02	1.055017e-02
3.000000e+00	3.100000e+00	1.692708e-01	1.077045e-02	1.077045e-02
3.100000e+00	3.200000e+00	1.768092e-01	1.100766e-02	1.100766e-02
3.200000e+00	3.300000e+00	1.685855e-01	1.074862e-02	1.074862e-02
3.300000e+00	3.400000e+00	1.733827e-01	1.090048e-02	1.090048e-02
3.400000e+00	3.500000e+00	1.487116e-01	1.009520e-02	1.009520e-02
3.500000e+00	3.600000e+00	1.521382e-01	1.021084e-02	1.021084e-02
3.600000e+00	3.700000e+00	1.295230e-01	9.421414e-03	9.421414e-03
3.700000e+00	3.800000e+00	1.555647e-01	1.032519e-02	1.032519e-02
3.800000e+00	3.900000e+00	1.398026e-01	9.788142e-03	9.788142e-03
3.900000e+00	4.000000e+00	1.384320e-01	9.740043e-03	9.740043e-03
4.000000e+00	4.100000e+00	1.267818e-01	9.321183e-03	9.321183e-03
4.100000e+00	4.200000e+00	1.336349e-01	9.569792e-03	9.569792e-03
4.200000e+00	4.300000e+00	1.350055e-01	9.618742e-03	9.618742e-03
4.300000e+00	4.400000e+00	1.473410e-01	1.004857e-02	1.004857e-02
4.400000e+00	4.500000e+00	1.233553e-01	9.194359e-03	9.194359e-03
4.500000e+00	4.600000e+00	1.329496e-01	9.545222e-03	9.545222e-03
4.600000e+00	4.700000e+00	1.274671e-01	9.346342e-03	9.346342e-03
4.700000e+00	4.800000e+00	1.185581e-01	9.013807e-03	9.013807e-03
4.800000e+00	4.900000e+00	1.206140e-01	9.091625e-03	9.091625e-03
4.900000e+00	5.000000e+00	1.123904e-01	8.776212e-03	8.776212e-03
5.000000e+00	5.100000e+00	1.021107e-01	8.365238e-03	8.365238e-03
5.100000e+00	5.200000e+00	1.274671e-01	9.346342e-03	9.346342e-03
5.200000e+00	5.300000e+00	1.075932e-01	8.586873e-03	8.586873e-03
5.300000e+00	5.400000e+00	1.233553e-01	9.194359e-03	9.194359e-03
5.400000e+00	5.500000e+00	1.212993e-01	9.117417e-03	9.117417e-03
5.500000e+00	5.600000e+00	1.192434e-01	9.039820e-03	9.039820e-03
5.600000e+00	5.700000e+00	1.233553e-01	9.194359e-03	9.194359e-03
5.700000e+00	5.800000e+00	1.000548e-01	8.280596e-03	8.280596e-03
5.800000e+00	5.900000e+00	1.110197e-01	8.722534e-03	8.722534e-03
5.900000e+00	6.000000e+00	9.799890e-02	8.195080e-03	8.195080e-03
6.000000e+00	6.100000e+00	9.662829e-02	8.137570e-03	8.137570e-03
6.100000e+00	6.200000e+00	1.048520e-01	8.476779e-03	8.476779e-03
6.200000e+00	6.300000e+00	8.771930e-02	7.753364e-03	7.753364e-03
6.300000e+00	6.400000e+00	8.634868e-02	7.692552e-03	7.692552e-03
6.400000e+00	6.500000e+00	9.251645e-02	7.962548e-03	7.962548e-03
6.500000e+00	6.600000e+00	8.086623e-02	7.444339e-03	7.444339e-03
6.600000e+00	6.700000e+00	8.977522e-02	7.843697e-03	7.843697e-03
6.700000e+00	6.800000e+00	9.799890e-02	8.195080e-03	8.195080e-03
6.800000e+00	6.900000e+00	1.027961e-01	8.393263e-03	8.393263e-03
6.900000e+00	7.000000e+00	9.662829e-02	8.137570e-03	8.137570e-03
7.000000e+00	7.100000e+00	8.908991e-02	7.813702e-03	7.813702e-03
7.100000e+00	7.200000e+00	9.868421e-02	8.223684e-03	8.223684e-03
7.200000e+00	7.300000e+00	8.977522e-02	7.843697e-03	7.843697e-03
7.300000e+00	7.400000e+00	9.251645e-02	7.962548e-03	7.962548e-03
7.400000e+00	7.500000e+00	7.195724e-02	7.022307e-03	7.022307e-03
7.500000e+00	7.600000e+00	9.251645e-02	7.962548e-03	7.962548e-03
7.600000e+00	7.700000e+00	9.388706e-02	8.021313e-03	8.021313e-03
7.700000e+00	7.800000e+00	9.046053e-02	7.873578e-03	7.873578e-03
7.800000e+00	7.900000e+00	7.949561e-02	7.380982e-03	7.380982e-03
7.900000e+00	8.000000e+00	6.647478e-02	6.749491e-03	6.749491e-03
8.000000e+00	8.100000e+00	9.183114e-02	7.933002e-03	7.933002e-03
8.100000e+00	8.200000e+00	8.086623e-02	7.444339e-03	7.444339e-03
8.200000e+00	8.300000e+00	6.578947e-02	6.714610e-03	6.714610e-03
8.300000e+00	8.400000e+00	6.716009e-02	6.784193e-03	6.784193e-03
8.400000e+00	8.500000e+00	7.743969e-02	7.284914e-03	7.284914e-03
8.500000e+00	8.600000e+00	5.756579e-02	6.280943e-03	6.280943e-03
8.600000e+00	8.700000e+00	6.578947e-02	6.714610e-03	6.714610e-03
8.700000e+00	8.800000e+00	6.784539e-02	6.818719e-03	6.818719e-03
8.800000e+00	8.900000e+00	5.208333e-02	5.974368e-03	5.974368e-03
8.900000e+00	9.000000e+00	5.413925e-02	6.091142e-03	6.091142e-03
9.000000e+00	9.100000e+00	3.632127e-02	4.989110e-03	4.989110e-03
9.100000e+00	9.200000e+00	4.180373e-02	5.352419e-03	5.352419e-03
9.200000e+00	9.300000e+00	2.535636e-02	4.168560e-03	4.168560e-03
9.300000e+00	9.400000e+00	2.398575e-02	4.054331e-03	4.054331e-03
9.400000e+00	9.500000e+00	4.043311e-02	5.263943e-03	5.263943e-03
9.500000e+00	9.600000e+00	2.741228e-02	4.334262e-03	4.334262e-03
9.600000e+00	9.700000e+00	2.604167e-02	4.224517e-03	4.224517e-03
9.700000e+00	9.800000e+00	1.713268e-02	3.426535e-03	3.426535e-03
9.800000e+00	9.900000e+00	1.713268e-02	3.426535e-03	3.426535e-03
9.900000e+00	1.000000e+01	1.918860e-02	3.626304e-03	3.626304e-03
1.000000e+01	1.010000e+01	1.370614e-02	3.064786e-03	3.064786e-03
1.010000e+01	1.020000e+01	1.233553e-02	2.907511e-03	2.907511e-03
1.020000e+01	1.030000e+01	1.027961e-02	2.654183e-03	2.654183e-03
1.030000e+01	1.040000e+01	8.908991e-03	2.470910e-03	2.470910e-03
1.040000e+01	1.050000e+01	8.223684e-03	2.373973e-03	2.373973e-03
1.050000e+01	1.060000e+01	9.594298e-03	2.564184e-03	2.564184e-03
1.060000e+01	1.070000e+01	6.853070e-03	2.167131e-03	2.167131e-03
1.070000e+01	1.080000e+01	1.302083e-02	2.987184e-03	2.987184e-03
1.080000e+01	1.090000e+01	6.167763e-03	2.055921e-03	2.055921e-03
1.090000e+01	1.100000e+01	6.167763e-03	2.055921e-03	2.055921e-03
1.100000e+01	1.110000e+01	6.853070e-04	6.853070e-04	6.853070e-04
1.110000e+01	1.120000e+01	2.055921e-03	1.186987e-03	1.186987e-03
1.120000e+01	1.130000e+01	4.797149e-03	1.813152e-03	1.813152e-03
1.130000e+01	1.140000e+01	4.111842e-03	1.678652e-03	1.678652e-03
1.140000e+01	1.150000e+01	1.370614e-03	9.691705e-04	9.691705e-04
1.150000e+01	1.160000e+01	0.000000e+00	0.000000e+00	0.000000e+00
1.160000e+01	1.170000e+01	6.853070e-04	6.853070e-04	6.853070e-04
1.170000e+01	1.180000e+01	0.000000e+00	0.000000e+00	0.000000e+00
1.180000e+01	1.190000e+01	0.000000e+00	0.000000e+00	0.000000e+00
1.190000e+01	1.200000e+01	2.741228e-03	1.370614e-03	1.370614e-03
1.200000e+01	1.210000e+01	6.853070e-04	6.853070e-04	6.853070e-04
1.210000e+01	1.220000e+01	3.426535e-03	1.532393e-03	1.532393e-03
1.220000e+01	1.230000e+01	6.853070e-04	6.853070e-04	6.853070e-04
1.230000e+01	1.240000e+01	6.853070e-04	6.853070e-04	6.853070e-04
1.240000e+01	1.250000e+01	0.000000e+00	0.000000e+00	0.000000e+00
1.250000e+01	1.260000e+01	0.000000e+00	0.000000e+00	0.000000e+00
1.260000e+01	1.270000e+01	0.000000e+00	0.000000e+00	0.000000e+00
1.270000e+01	1.280000e+01	6.853070e-04	6.853070e-04	6.853070e-04
1.280000e+01	1.290000e+01	0.000000e+00	0.000000e+00	0.000000e+00
1.290000e+01	1.300000e+01	0.000000e+00	0.000000e+00	0.000000e+00
1.300000e+01	1.310000e+01	0.000000e+00	0.000000e+00	0.000000e+00
1.310000e+01	1.320000e+01	6.853070e-04	6.853070e-04	6.853070e-04
1.320000e+01	1.330000e+01	6.853070e-04	6.853070e-04	6.853070e-04
1.330000e+01	1.340000e+01	0.000000e+00	0.000000e+00	0.000000e+00
1.340000e+01	1.350000e+01	6.853070e-04	6.853070e-04	6.853070e-04
1.350000e+01	1.360000e+01	0.000000e+00	0.000000e+00	0.000000e+00
1.360000e+01	1.370000e+01	0.000000e+00	0.000000e+00	0.000000e+00
1.370000e+01	1.380000e+01	6.853070e-04	6.853070e-04	6.853070e-04
1.380000e+01	1.390000e+01	0.000000e+00	0.000000e+00	0.000000e+00
1.390000e+01	1.400000e+01	6.853070e-04	6.853070e-04	6.853070e-04
1.400000e+01	1.410000e+01	0.000000e+00	0.000000e+00	0.000000e+00
1.410000e+01	1.420000e+01	0.000000e+00	0.000000e+00	0.000000e+00
1.420000e+01	1.430000e+01	0.000000e+00	0.000000e+00	0.000000e+00
1.430000e+01	1.440000e+01	0.000000e+00	0.000000e+00	0.000000e+00
1.440000e+01	1.450000e+01	0.000000e+00	0.000000e+00	0.000000e+00
1.450000e+01	1.460000e+01	6.853070e-04	6.853070e-04	6.853070e-04
1.460000e+01	1.470000e+01	0.000000e+00	0.000000e+00	0.000000e+00
1.470000e+01	1.480000e+01	0.000000e+00	0.000000e+00	0.000000e+00
1.480000e+01	1.490000e+01	0.000000e+00	0.000000e+00	0.000000e+00
1.490000e+01	1.500000e+01	0.000000e+00	0.000000e+00	0.000000e+00
# END HISTO1D

