# BEGIN PLOT
RatioPlotYLabel=Ratio
LegendOnly=//home/frederic/Work/Software/LesHouches2017/lh2017-alphas/rivet-analysis/gluon-as013650-truth.yoda/MC_LHJSS_Zjet/theta_g_zcut_0.1_beta_1_alpha_0.5 //home/frederic/Work/Software/LesHouches2017/lh2017-alphas/rivet-analysis/gluon-as012285-truth.yoda/MC_LHJSS_Zjet/theta_g_zcut_0.1_beta_1_alpha_0.5 //home/frederic/Work/Software/LesHouches2017/lh2017-alphas/rivet-analysis/gluon-as015015-truth.yoda/MC_LHJSS_Zjet/theta_g_zcut_0.1_beta_1_alpha_0.5
XLabel=$\theta_g$
RatioPlotReference=//home/frederic/Work/Software/LesHouches2017/lh2017-alphas/rivet-analysis/gluon-as013650-truth.yoda/MC_LHJSS_Zjet/theta_g_zcut_0.1_beta_1_alpha_0.5
YLabel=$1/\sigma \text{d}\sigma/\text{d}\theta_g$
DrawOnly=//home/frederic/Work/Software/LesHouches2017/lh2017-alphas/rivet-analysis/gluon-as013650-truth.yoda/MC_LHJSS_Zjet/theta_g_zcut_0.1_beta_1_alpha_0.5 //home/frederic/Work/Software/LesHouches2017/lh2017-alphas/rivet-analysis/gluon-as012285-truth.yoda/MC_LHJSS_Zjet/theta_g_zcut_0.1_beta_1_alpha_0.5 //home/frederic/Work/Software/LesHouches2017/lh2017-alphas/rivet-analysis/gluon-as015015-truth.yoda/MC_LHJSS_Zjet/theta_g_zcut_0.1_beta_1_alpha_0.5
RatioPlot=1
Title=$\theta_g$, $\alpha$ = 0.5 $z_{cut}$ = 0.1 $\beta$ = 1
Legend=1
LogY=0
# END PLOT

# BEGIN HISTO1D //home/frederic/Work/Software/LesHouches2017/lh2017-alphas/rivet-analysis/gluon-as013650-truth.yoda/MC_LHJSS_Zjet/theta_g_zcut_0.1_beta_1_alpha_0.5
LineColor=red
LineStyle=solid
NormalizeToSum=1
Path=//home/frederic/Work/Software/LesHouches2017/lh2017-alphas/rivet-analysis/gluon-as013650-truth.yoda/MC_LHJSS_Zjet/theta_g_zcut_0.1_beta_1_alpha_0.5
ScaledBy=6.97593303104290135e-05
Title=gluon-as013650-truth
XLabel=
YLabel=
# xlow	 xhigh	 val	 errminus	 errplus
0.000000e+00	1.000000e-02	6.975933e-03	6.975933e-03	6.975933e-03
1.000000e-02	2.000000e-02	6.975933e-03	6.975933e-03	6.975933e-03
2.000000e-02	3.000000e-02	1.255668e-01	2.959638e-02	2.959638e-02
3.000000e-02	4.000000e-02	4.115800e-01	5.358316e-02	5.358316e-02
4.000000e-02	5.000000e-02	8.580398e-01	7.736684e-02	7.736684e-02
5.000000e-02	6.000000e-02	1.485874e+00	1.018104e-01	1.018104e-01
6.000000e-02	7.000000e-02	2.183467e+00	1.234169e-01	1.234169e-01
7.000000e-02	8.000000e-02	2.692710e+00	1.370554e-01	1.370554e-01
8.000000e-02	9.000000e-02	2.971747e+00	1.439816e-01	1.439816e-01
9.000000e-02	1.000000e-01	3.697245e+00	1.605980e-01	1.605980e-01
1.000000e-01	1.100000e-01	3.494942e+00	1.561425e-01	1.561425e-01
1.100000e-01	1.200000e-01	3.257761e+00	1.507512e-01	1.507512e-01
1.200000e-01	1.300000e-01	3.418207e+00	1.544188e-01	1.544188e-01
1.300000e-01	1.400000e-01	3.104290e+00	1.471575e-01	1.471575e-01
1.400000e-01	1.500000e-01	2.901988e+00	1.422817e-01	1.422817e-01
1.500000e-01	1.600000e-01	2.713638e+00	1.375869e-01	1.375869e-01
1.600000e-01	1.700000e-01	2.657830e+00	1.361648e-01	1.361648e-01
1.700000e-01	1.800000e-01	2.595047e+00	1.345469e-01	1.345469e-01
1.800000e-01	1.900000e-01	2.329962e+00	1.274898e-01	1.274898e-01
1.900000e-01	2.000000e-01	2.183467e+00	1.234169e-01	1.234169e-01
2.000000e-01	2.100000e-01	1.960237e+00	1.169379e-01	1.169379e-01
2.100000e-01	2.200000e-01	2.023021e+00	1.187959e-01	1.187959e-01
2.200000e-01	2.300000e-01	1.911406e+00	1.154722e-01	1.154722e-01
2.300000e-01	2.400000e-01	1.499826e+00	1.022872e-01	1.022872e-01
2.400000e-01	2.500000e-01	1.827694e+00	1.129153e-01	1.129153e-01
2.500000e-01	2.600000e-01	1.618416e+00	1.062542e-01	1.062542e-01
2.600000e-01	2.700000e-01	1.485874e+00	1.018104e-01	1.018104e-01
2.700000e-01	2.800000e-01	1.492850e+00	1.020491e-01	1.020491e-01
2.800000e-01	2.900000e-01	1.646320e+00	1.071663e-01	1.071663e-01
2.900000e-01	3.000000e-01	1.513777e+00	1.027619e-01	1.027619e-01
3.000000e-01	3.100000e-01	1.478898e+00	1.015711e-01	1.015711e-01
3.100000e-01	3.200000e-01	1.402163e+00	9.890092e-02	9.890092e-02
3.200000e-01	3.300000e-01	1.339379e+00	9.666136e-02	9.666136e-02
3.300000e-01	3.400000e-01	1.388211e+00	9.840765e-02	9.840765e-02
3.400000e-01	3.500000e-01	1.213812e+00	9.201888e-02	9.201888e-02
3.500000e-01	3.600000e-01	1.332403e+00	9.640931e-02	9.640931e-02
3.600000e-01	3.700000e-01	1.185909e+00	9.095504e-02	9.095504e-02
3.700000e-01	3.800000e-01	1.144053e+00	8.933553e-02	8.933553e-02
3.800000e-01	3.900000e-01	1.158005e+00	8.987861e-02	8.987861e-02
3.900000e-01	4.000000e-01	1.032438e+00	8.486589e-02	8.486589e-02
4.000000e-01	4.100000e-01	1.137077e+00	8.906275e-02	8.906275e-02
4.100000e-01	4.200000e-01	9.208232e-01	8.014737e-02	8.014737e-02
4.200000e-01	4.300000e-01	1.011510e+00	8.400136e-02	8.400136e-02
4.300000e-01	4.400000e-01	9.068713e-01	7.953787e-02	7.953787e-02
4.400000e-01	4.500000e-01	1.011510e+00	8.400136e-02	8.400136e-02
4.500000e-01	4.600000e-01	9.277991e-01	8.045038e-02	8.045038e-02
4.600000e-01	4.700000e-01	8.998954e-01	7.923137e-02	7.923137e-02
4.700000e-01	4.800000e-01	8.161842e-01	7.545625e-02	7.545625e-02
4.800000e-01	4.900000e-01	8.161842e-01	7.545625e-02	7.545625e-02
4.900000e-01	5.000000e-01	8.580398e-01	7.736684e-02	7.736684e-02
5.000000e-01	5.100000e-01	7.603767e-01	7.283088e-02	7.283088e-02
5.100000e-01	5.200000e-01	8.719916e-01	7.799330e-02	7.799330e-02
5.200000e-01	5.300000e-01	7.185211e-01	7.079799e-02	7.079799e-02
5.300000e-01	5.400000e-01	7.603767e-01	7.283088e-02	7.283088e-02
5.400000e-01	5.500000e-01	7.534008e-01	7.249602e-02	7.249602e-02
5.500000e-01	5.600000e-01	7.673526e-01	7.316421e-02	7.316421e-02
5.600000e-01	5.700000e-01	6.906174e-01	6.940966e-02	6.940966e-02
5.700000e-01	5.800000e-01	6.348099e-01	6.654616e-02	6.654616e-02
5.800000e-01	5.900000e-01	6.696896e-01	6.834991e-02	6.834991e-02
5.900000e-01	6.000000e-01	6.138821e-01	6.544005e-02	6.544005e-02
6.000000e-01	6.100000e-01	7.673526e-01	7.316421e-02	7.316421e-02
6.100000e-01	6.200000e-01	5.790024e-01	6.355377e-02	6.355377e-02
6.200000e-01	6.300000e-01	5.441228e-01	6.160977e-02	6.160977e-02
6.300000e-01	6.400000e-01	6.208580e-01	6.581082e-02	6.581082e-02
6.400000e-01	6.500000e-01	5.301709e-01	6.081478e-02	6.081478e-02
6.500000e-01	6.600000e-01	4.325078e-01	5.492855e-02	5.492855e-02
6.600000e-01	6.700000e-01	6.627136e-01	6.799298e-02	6.799298e-02
6.700000e-01	6.800000e-01	4.394838e-01	5.536975e-02	5.536975e-02
6.800000e-01	6.900000e-01	5.231950e-01	6.041335e-02	6.041335e-02
6.900000e-01	7.000000e-01	4.534356e-01	5.624177e-02	5.624177e-02
7.000000e-01	7.100000e-01	5.092431e-01	5.960240e-02	5.960240e-02
7.100000e-01	7.200000e-01	5.231950e-01	6.041335e-02	6.041335e-02
7.200000e-01	7.300000e-01	4.534356e-01	5.624177e-02	5.624177e-02
7.300000e-01	7.400000e-01	3.767004e-01	5.126243e-02	5.126243e-02
7.400000e-01	7.500000e-01	3.557726e-01	4.981813e-02	4.981813e-02
7.500000e-01	7.600000e-01	3.627485e-01	5.030416e-02	5.030416e-02
7.600000e-01	7.700000e-01	3.348448e-01	4.833068e-02	4.833068e-02
7.700000e-01	7.800000e-01	3.208929e-01	4.731308e-02	4.731308e-02
7.800000e-01	7.900000e-01	3.348448e-01	4.833068e-02	4.833068e-02
7.900000e-01	8.000000e-01	2.929892e-01	4.520921e-02	4.520921e-02
8.000000e-01	8.100000e-01	1.534705e-01	3.272002e-02	3.272002e-02
8.100000e-01	8.200000e-01	1.743983e-01	3.487966e-02	3.487966e-02
8.200000e-01	8.300000e-01	1.813743e-01	3.557042e-02	3.557042e-02
8.300000e-01	8.400000e-01	1.185909e-01	2.876251e-02	2.876251e-02
8.400000e-01	8.500000e-01	1.255668e-01	2.959638e-02	2.959638e-02
8.500000e-01	8.600000e-01	1.046390e-01	2.701767e-02	2.701767e-02
8.600000e-01	8.700000e-01	9.068713e-02	2.515208e-02	2.515208e-02
8.700000e-01	8.800000e-01	4.883153e-02	1.845658e-02	1.845658e-02
8.800000e-01	8.900000e-01	6.278340e-02	2.092780e-02	2.092780e-02
8.900000e-01	9.000000e-01	3.487967e-02	1.559866e-02	1.559866e-02
9.000000e-01	9.100000e-01	3.487967e-02	1.559866e-02	1.559866e-02
9.100000e-01	9.200000e-01	2.790373e-02	1.395187e-02	1.395187e-02
9.200000e-01	9.300000e-01	5.580746e-02	1.973092e-02	1.973092e-02
9.300000e-01	9.400000e-01	6.975933e-03	6.975933e-03	6.975933e-03
9.400000e-01	9.500000e-01	6.975933e-03	6.975933e-03	6.975933e-03
9.500000e-01	9.600000e-01	6.975933e-03	6.975933e-03	6.975933e-03
9.600000e-01	9.700000e-01	6.975933e-03	6.975933e-03	6.975933e-03
9.700000e-01	9.800000e-01	2.092780e-02	1.208267e-02	1.208267e-02
9.800000e-01	9.900000e-01	0.000000e+00	0.000000e+00	0.000000e+00
9.900000e-01	1.000000e+00	0.000000e+00	0.000000e+00	0.000000e+00
# END HISTO1D

# BEGIN HISTO1D //home/frederic/Work/Software/LesHouches2017/lh2017-alphas/rivet-analysis/gluon-as012285-truth.yoda/MC_LHJSS_Zjet/theta_g_zcut_0.1_beta_1_alpha_0.5
LineColor=blue
LineStyle=solid
NormalizeToSum=1
Path=//home/frederic/Work/Software/LesHouches2017/lh2017-alphas/rivet-analysis/gluon-as012285-truth.yoda/MC_LHJSS_Zjet/theta_g_zcut_0.1_beta_1_alpha_0.5
ScaledBy=7.07513796519032182e-05
Title=gluon-as012285-truth
XLabel=
YLabel=
# xlow	 xhigh	 val	 errminus	 errplus
0.000000e+00	1.000000e-02	1.415028e-02	1.000576e-02	1.000576e-02
1.000000e-02	2.000000e-02	4.245083e-02	1.733048e-02	1.733048e-02
2.000000e-02	3.000000e-02	2.122541e-01	3.875212e-02	3.875212e-02
3.000000e-02	4.000000e-02	6.226121e-01	6.637068e-02	6.637068e-02
4.000000e-02	5.000000e-02	1.280600e+00	9.518624e-02	9.518624e-02
5.000000e-02	6.000000e-02	2.186218e+00	1.243696e-01	1.243696e-01
6.000000e-02	7.000000e-02	2.922032e+00	1.437838e-01	1.437838e-01
7.000000e-02	8.000000e-02	3.622471e+00	1.600921e-01	1.600921e-01
8.000000e-02	9.000000e-02	3.537569e+00	1.582049e-01	1.582049e-01
9.000000e-02	1.000000e-01	4.103580e+00	1.703919e-01	1.703919e-01
1.000000e-01	1.100000e-01	3.877176e+00	1.656247e-01	1.656247e-01
1.100000e-01	1.200000e-01	3.601245e+00	1.596224e-01	1.596224e-01
1.200000e-01	1.300000e-01	3.721523e+00	1.622661e-01	1.622661e-01
1.300000e-01	1.400000e-01	3.226263e+00	1.510836e-01	1.510836e-01
1.400000e-01	1.500000e-01	2.872506e+00	1.425601e-01	1.425601e-01
1.500000e-01	1.600000e-01	2.702703e+00	1.382823e-01	1.382823e-01
1.600000e-01	1.700000e-01	2.624876e+00	1.362768e-01	1.362768e-01
1.700000e-01	1.800000e-01	2.469223e+00	1.321745e-01	1.321745e-01
1.800000e-01	1.900000e-01	2.228668e+00	1.255713e-01	1.255713e-01
1.900000e-01	2.000000e-01	2.080091e+00	1.213134e-01	1.213134e-01
2.000000e-01	2.100000e-01	1.754634e+00	1.114194e-01	1.114194e-01
2.100000e-01	2.200000e-01	1.924438e+00	1.166862e-01	1.166862e-01
2.200000e-01	2.300000e-01	1.726334e+00	1.105172e-01	1.105172e-01
2.300000e-01	2.400000e-01	1.698033e+00	1.096076e-01	1.096076e-01
2.400000e-01	2.500000e-01	1.719259e+00	1.102905e-01	1.102905e-01
2.500000e-01	2.600000e-01	1.407952e+00	9.980710e-02	9.980710e-02
2.600000e-01	2.700000e-01	1.641432e+00	1.077653e-01	1.077653e-01
2.700000e-01	2.800000e-01	1.613131e+00	1.068323e-01	1.068323e-01
2.800000e-01	2.900000e-01	1.379652e+00	9.879893e-02	9.879893e-02
2.900000e-01	3.000000e-01	1.209849e+00	9.251944e-02	9.251944e-02
3.000000e-01	3.100000e-01	1.287675e+00	9.544883e-02	9.544883e-02
3.100000e-01	3.200000e-01	1.181548e+00	9.143093e-02	9.143093e-02
3.200000e-01	3.300000e-01	1.096646e+00	8.808475e-02	8.808475e-02
3.300000e-01	3.400000e-01	1.124947e+00	8.921410e-02	8.921410e-02
3.400000e-01	3.500000e-01	1.287675e+00	9.544883e-02	9.544883e-02
3.500000e-01	3.600000e-01	1.103722e+00	8.836844e-02	8.836844e-02
3.600000e-01	3.700000e-01	1.096646e+00	8.808475e-02	8.808475e-02
3.700000e-01	3.800000e-01	1.040045e+00	8.578149e-02	8.578149e-02
3.800000e-01	3.900000e-01	9.905193e-01	8.371416e-02	8.371416e-02
3.900000e-01	4.000000e-01	9.975945e-01	8.401261e-02	8.401261e-02
4.000000e-01	4.100000e-01	8.631668e-01	7.814745e-02	7.814745e-02
4.100000e-01	4.200000e-01	8.843922e-01	7.910245e-02	7.910245e-02
4.200000e-01	4.300000e-01	9.763690e-01	8.311405e-02	8.311405e-02
4.300000e-01	4.400000e-01	8.631668e-01	7.814745e-02	7.814745e-02
4.400000e-01	4.500000e-01	8.631668e-01	7.814745e-02	7.814745e-02
4.500000e-01	4.600000e-01	7.004387e-01	7.039673e-02	7.039673e-02
4.600000e-01	4.700000e-01	7.994906e-01	7.520975e-02	7.520975e-02
4.700000e-01	4.800000e-01	8.065657e-01	7.554180e-02	7.554180e-02
4.800000e-01	4.900000e-01	7.853403e-01	7.454120e-02	7.454120e-02
4.900000e-01	5.000000e-01	7.994906e-01	7.520975e-02	7.520975e-02
5.000000e-01	5.100000e-01	7.641149e-01	7.352699e-02	7.352699e-02
5.100000e-01	5.200000e-01	7.641149e-01	7.352699e-02	7.352699e-02
5.200000e-01	5.300000e-01	6.792132e-01	6.932191e-02	6.932191e-02
5.300000e-01	5.400000e-01	7.287392e-01	7.180480e-02	7.180480e-02
5.400000e-01	5.500000e-01	6.367624e-01	6.712065e-02	6.712065e-02
5.500000e-01	5.600000e-01	6.509127e-01	6.786234e-02	6.786234e-02
5.600000e-01	5.700000e-01	7.004387e-01	7.039673e-02	7.039673e-02
5.700000e-01	5.800000e-01	6.721381e-01	6.895992e-02	6.895992e-02
5.800000e-01	5.900000e-01	5.377105e-01	6.167962e-02	6.167962e-02
5.900000e-01	6.000000e-01	4.952597e-01	5.919485e-02	5.919485e-02
6.000000e-01	6.100000e-01	5.518608e-01	6.248593e-02	6.248593e-02
6.100000e-01	6.200000e-01	5.589359e-01	6.288520e-02	6.288520e-02
6.200000e-01	6.300000e-01	5.164851e-01	6.045000e-02	6.045000e-02
6.300000e-01	6.400000e-01	5.235602e-01	6.086264e-02	6.086264e-02
6.400000e-01	6.500000e-01	6.155370e-01	6.599249e-02	6.599249e-02
6.500000e-01	6.600000e-01	4.457337e-01	5.615716e-02	5.615716e-02
6.600000e-01	6.700000e-01	5.801613e-01	6.406810e-02	6.406810e-02
6.700000e-01	6.800000e-01	5.377105e-01	6.167962e-02	6.167962e-02
6.800000e-01	6.900000e-01	4.952597e-01	5.919485e-02	5.919485e-02
6.900000e-01	7.000000e-01	4.174331e-01	5.434517e-02	5.434517e-02
7.000000e-01	7.100000e-01	4.386586e-01	5.570969e-02	5.570969e-02
7.100000e-01	7.200000e-01	3.820575e-01	5.199143e-02	5.199143e-02
7.200000e-01	7.300000e-01	3.113061e-01	4.693115e-02	4.693115e-02
7.300000e-01	7.400000e-01	3.608320e-01	5.052659e-02	5.052659e-02
7.400000e-01	7.500000e-01	3.608320e-01	5.052659e-02	5.052659e-02
7.500000e-01	7.600000e-01	4.881845e-01	5.877051e-02	5.877051e-02
7.600000e-01	7.700000e-01	2.830055e-01	4.474710e-02	4.474710e-02
7.700000e-01	7.800000e-01	2.617801e-01	4.303638e-02	4.303638e-02
7.800000e-01	7.900000e-01	2.334796e-01	4.064357e-02	4.064357e-02
7.900000e-01	8.000000e-01	2.971558e-01	4.585213e-02	4.585213e-02
8.000000e-01	8.100000e-01	2.051790e-01	3.810079e-02	3.810079e-02
8.100000e-01	8.200000e-01	1.485779e-01	3.242235e-02	3.242235e-02
8.200000e-01	8.300000e-01	1.061271e-01	2.740189e-02	2.740189e-02
8.300000e-01	8.400000e-01	9.905193e-02	2.647274e-02	2.647274e-02
8.400000e-01	8.500000e-01	1.344276e-01	3.083981e-02	3.083981e-02
8.500000e-01	8.600000e-01	4.952597e-02	1.871905e-02	1.871905e-02
8.600000e-01	8.700000e-01	7.075138e-02	2.237355e-02	2.237355e-02
8.700000e-01	8.800000e-01	5.660110e-02	2.001151e-02	2.001151e-02
8.800000e-01	8.900000e-01	2.830055e-02	1.415028e-02	1.415028e-02
8.900000e-01	9.000000e-01	5.660110e-02	2.001151e-02	2.001151e-02
9.000000e-01	9.100000e-01	4.245083e-02	1.733048e-02	1.733048e-02
9.100000e-01	9.200000e-01	4.245083e-02	1.733048e-02	1.733048e-02
9.200000e-01	9.300000e-01	0.000000e+00	0.000000e+00	0.000000e+00
9.300000e-01	9.400000e-01	1.415028e-02	1.000576e-02	1.000576e-02
9.400000e-01	9.500000e-01	2.122541e-02	1.225450e-02	1.225450e-02
9.500000e-01	9.600000e-01	3.537569e-02	1.582049e-02	1.582049e-02
9.600000e-01	9.700000e-01	0.000000e+00	0.000000e+00	0.000000e+00
9.700000e-01	9.800000e-01	7.075138e-03	7.075138e-03	7.075138e-03
9.800000e-01	9.900000e-01	0.000000e+00	0.000000e+00	0.000000e+00
9.900000e-01	1.000000e+00	0.000000e+00	0.000000e+00	0.000000e+00
# END HISTO1D

# BEGIN HISTO1D //home/frederic/Work/Software/LesHouches2017/lh2017-alphas/rivet-analysis/gluon-as015015-truth.yoda/MC_LHJSS_Zjet/theta_g_zcut_0.1_beta_1_alpha_0.5
LineColor=green
LineStyle=solid
NormalizeToSum=1
Path=//home/frederic/Work/Software/LesHouches2017/lh2017-alphas/rivet-analysis/gluon-as015015-truth.yoda/MC_LHJSS_Zjet/theta_g_zcut_0.1_beta_1_alpha_0.5
ScaledBy=6.85307017543859611e-05
Title=gluon-as015015-truth
XLabel=
YLabel=
# xlow	 xhigh	 val	 errminus	 errplus
0.000000e+00	1.000000e-02	6.853070e-03	6.853070e-03	6.853070e-03
1.000000e-02	2.000000e-02	2.055921e-02	1.186987e-02	1.186987e-02
2.000000e-02	3.000000e-02	7.538377e-02	2.272906e-02	2.272906e-02
3.000000e-02	4.000000e-02	2.261513e-01	3.936789e-02	3.936789e-02
4.000000e-02	5.000000e-02	4.111842e-01	5.308365e-02	5.308365e-02
5.000000e-02	6.000000e-02	1.021107e+00	8.365238e-02	8.365238e-02
6.000000e-02	7.000000e-02	1.445998e+00	9.954659e-02	9.954659e-02
7.000000e-02	8.000000e-02	2.062774e+00	1.188963e-01	1.188963e-01
8.000000e-02	9.000000e-02	2.364309e+00	1.272901e-01	1.272901e-01
9.000000e-02	1.000000e-01	2.761787e+00	1.375744e-01	1.375744e-01
1.000000e-01	1.100000e-01	2.734375e+00	1.368900e-01	1.368900e-01
1.100000e-01	1.200000e-01	3.179825e+00	1.476196e-01	1.476196e-01
1.200000e-01	1.300000e-01	3.022204e+00	1.439145e-01	1.439145e-01
1.300000e-01	1.400000e-01	3.022204e+00	1.439145e-01	1.439145e-01
1.400000e-01	1.500000e-01	2.700110e+00	1.360296e-01	1.360296e-01
1.500000e-01	1.600000e-01	2.700110e+00	1.360296e-01	1.360296e-01
1.600000e-01	1.700000e-01	2.624726e+00	1.341172e-01	1.341172e-01
1.700000e-01	1.800000e-01	2.576754e+00	1.328860e-01	1.328860e-01
1.800000e-01	1.900000e-01	2.473958e+00	1.302083e-01	1.302083e-01
1.900000e-01	2.000000e-01	2.220395e+00	1.233553e-01	1.233553e-01
2.000000e-01	2.100000e-01	2.151864e+00	1.214367e-01	1.214367e-01
2.100000e-01	2.200000e-01	1.994243e+00	1.169046e-01	1.169046e-01
2.200000e-01	2.300000e-01	1.912007e+00	1.144689e-01	1.144689e-01
2.300000e-01	2.400000e-01	2.049068e+00	1.185007e-01	1.185007e-01
2.400000e-01	2.500000e-01	1.836623e+00	1.121896e-01	1.121896e-01
2.500000e-01	2.600000e-01	1.733827e+00	1.090048e-01	1.090048e-01
2.600000e-01	2.700000e-01	1.761239e+00	1.098631e-01	1.098631e-01
2.700000e-01	2.800000e-01	1.761239e+00	1.098631e-01	1.098631e-01
2.800000e-01	2.900000e-01	1.644737e+00	1.061673e-01	1.061673e-01
2.900000e-01	3.000000e-01	1.493969e+00	1.011844e-01	1.011844e-01
3.000000e-01	3.100000e-01	1.733827e+00	1.090048e-01	1.090048e-01
3.100000e-01	3.200000e-01	1.493969e+00	1.011844e-01	1.011844e-01
3.200000e-01	3.300000e-01	1.548794e+00	1.030242e-01	1.030242e-01
3.300000e-01	3.400000e-01	1.583059e+00	1.041577e-01	1.041577e-01
3.400000e-01	3.500000e-01	1.377467e+00	9.715904e-02	9.715904e-02
3.500000e-01	3.600000e-01	1.295230e+00	9.421414e-02	9.421414e-02
3.600000e-01	3.700000e-01	1.322643e+00	9.520589e-02	9.520589e-02
3.700000e-01	3.800000e-01	1.377467e+00	9.715904e-02	9.715904e-02
3.800000e-01	3.900000e-01	1.206140e+00	9.091625e-02	9.091625e-02
3.900000e-01	4.000000e-01	1.288377e+00	9.396456e-02	9.396456e-02
4.000000e-01	4.100000e-01	1.151316e+00	8.882594e-02	8.882594e-02
4.100000e-01	4.200000e-01	1.281524e+00	9.371433e-02	9.371433e-02
4.200000e-01	4.300000e-01	8.566338e-01	7.661965e-02	7.661965e-02
4.300000e-01	4.400000e-01	1.055373e+00	8.504436e-02	8.504436e-02
4.400000e-01	4.500000e-01	1.007401e+00	8.308906e-02	8.308906e-02
4.500000e-01	4.600000e-01	1.021107e+00	8.365238e-02	8.365238e-02
4.600000e-01	4.700000e-01	9.320175e-01	7.991985e-02	7.991985e-02
4.700000e-01	4.800000e-01	9.731360e-01	8.166376e-02	8.166376e-02
4.800000e-01	4.900000e-01	1.082785e+00	8.614176e-02	8.614176e-02
4.900000e-01	5.000000e-01	1.014254e+00	8.337119e-02	8.337119e-02
5.000000e-01	5.100000e-01	9.046053e-01	7.873578e-02	7.873578e-02
5.100000e-01	5.200000e-01	8.771930e-01	7.753364e-02	7.753364e-02
5.200000e-01	5.300000e-01	9.799890e-01	8.195080e-02	8.195080e-02
5.300000e-01	5.400000e-01	8.703399e-01	7.723018e-02	7.723018e-02
5.400000e-01	5.500000e-01	8.155154e-01	7.475817e-02	7.475817e-02
5.500000e-01	5.600000e-01	6.716009e-01	6.784193e-02	6.784193e-02
5.600000e-01	5.700000e-01	7.264254e-01	7.055668e-02	7.055668e-02
5.700000e-01	5.800000e-01	6.853070e-01	6.853070e-02	6.853070e-02
5.800000e-01	5.900000e-01	6.578947e-01	6.714610e-02	6.714610e-02
5.900000e-01	6.000000e-01	6.716009e-01	6.784193e-02	6.784193e-02
6.000000e-01	6.100000e-01	5.756579e-01	6.280943e-02	6.280943e-02
6.100000e-01	6.200000e-01	6.236294e-01	6.537412e-02	6.537412e-02
6.200000e-01	6.300000e-01	5.688048e-01	6.243444e-02	6.243444e-02
6.300000e-01	6.400000e-01	6.304825e-01	6.573234e-02	6.573234e-02
6.400000e-01	6.500000e-01	5.756579e-01	6.280943e-02	6.280943e-02
6.500000e-01	6.600000e-01	5.825110e-01	6.318219e-02	6.318219e-02
6.600000e-01	6.700000e-01	5.688048e-01	6.243444e-02	6.243444e-02
6.700000e-01	6.800000e-01	6.373355e-01	6.608861e-02	6.608861e-02
6.800000e-01	6.900000e-01	4.454496e-01	5.525122e-02	5.525122e-02
6.900000e-01	7.000000e-01	6.167763e-01	6.501393e-02	6.501393e-02
7.000000e-01	7.100000e-01	6.167763e-01	6.501393e-02	6.501393e-02
7.100000e-01	7.200000e-01	4.660088e-01	5.651187e-02	5.651187e-02
7.200000e-01	7.300000e-01	3.837719e-01	5.128368e-02	5.128368e-02
7.300000e-01	7.400000e-01	5.002741e-01	5.855266e-02	5.855266e-02
7.400000e-01	7.500000e-01	3.632127e-01	4.989110e-02	4.989110e-02
7.500000e-01	7.600000e-01	3.700658e-01	5.035958e-02	5.035958e-02
7.600000e-01	7.700000e-01	3.837719e-01	5.128368e-02	5.128368e-02
7.700000e-01	7.800000e-01	3.358004e-01	4.797149e-02	4.797149e-02
7.800000e-01	7.900000e-01	2.398575e-01	4.054331e-02	4.054331e-02
7.900000e-01	8.000000e-01	3.083882e-01	4.597180e-02	4.597180e-02
8.000000e-01	8.100000e-01	3.358004e-01	4.797149e-02	4.797149e-02
8.100000e-01	8.200000e-01	2.330044e-01	3.995992e-02	3.995992e-02
8.200000e-01	8.300000e-01	2.261513e-01	3.936789e-02	3.936789e-02
8.300000e-01	8.400000e-01	1.987390e-01	3.690492e-02	3.690492e-02
8.400000e-01	8.500000e-01	1.302083e-01	2.987184e-02	2.987184e-02
8.500000e-01	8.600000e-01	1.165022e-01	2.825593e-02	2.825593e-02
8.600000e-01	8.700000e-01	1.027961e-01	2.654183e-02	2.654183e-02
8.700000e-01	8.800000e-01	6.167763e-02	2.055921e-02	2.055921e-02
8.800000e-01	8.900000e-01	6.167763e-02	2.055921e-02	2.055921e-02
8.900000e-01	9.000000e-01	5.482456e-02	1.938341e-02	1.938341e-02
9.000000e-01	9.100000e-01	4.797149e-02	1.813152e-02	1.813152e-02
9.100000e-01	9.200000e-01	3.426535e-02	1.532393e-02	1.532393e-02
9.200000e-01	9.300000e-01	1.370614e-02	9.691705e-03	9.691705e-03
9.300000e-01	9.400000e-01	2.741228e-02	1.370614e-02	1.370614e-02
9.400000e-01	9.500000e-01	1.370614e-02	9.691705e-03	9.691705e-03
9.500000e-01	9.600000e-01	2.055921e-02	1.186987e-02	1.186987e-02
9.600000e-01	9.700000e-01	2.741228e-02	1.370614e-02	1.370614e-02
9.700000e-01	9.800000e-01	0.000000e+00	0.000000e+00	0.000000e+00
9.800000e-01	9.900000e-01	6.853070e-03	6.853070e-03	6.853070e-03
9.900000e-01	1.000000e+00	6.853070e-03	6.853070e-03	6.853070e-03
# END HISTO1D

