# BEGIN PLOT
RatioPlotYLabel=Ratio
LegendOnly=//home/frederic/Work/Software/LesHouches2017/lh2017-alphas/rivet-analysis/quark-as013650-parton.yoda/MC_LHJSS_Zjet/Angularity_zcut_0.1_beta_2_alpha_0.5 //home/frederic/Work/Software/LesHouches2017/lh2017-alphas/rivet-analysis/quark-as012285-parton.yoda/MC_LHJSS_Zjet/Angularity_zcut_0.1_beta_2_alpha_0.5 //home/frederic/Work/Software/LesHouches2017/lh2017-alphas/rivet-analysis/quark-as015015-parton.yoda/MC_LHJSS_Zjet/Angularity_zcut_0.1_beta_2_alpha_0.5
XLabel=$e_\alpha$
RatioPlotReference=//home/frederic/Work/Software/LesHouches2017/lh2017-alphas/rivet-analysis/quark-as013650-parton.yoda/MC_LHJSS_Zjet/Angularity_zcut_0.1_beta_2_alpha_0.5
YLabel=$1/\sigma \text{d}\sigma/\text{d}e_{\alpha}$
DrawOnly=//home/frederic/Work/Software/LesHouches2017/lh2017-alphas/rivet-analysis/quark-as013650-parton.yoda/MC_LHJSS_Zjet/Angularity_zcut_0.1_beta_2_alpha_0.5 //home/frederic/Work/Software/LesHouches2017/lh2017-alphas/rivet-analysis/quark-as012285-parton.yoda/MC_LHJSS_Zjet/Angularity_zcut_0.1_beta_2_alpha_0.5 //home/frederic/Work/Software/LesHouches2017/lh2017-alphas/rivet-analysis/quark-as015015-parton.yoda/MC_LHJSS_Zjet/Angularity_zcut_0.1_beta_2_alpha_0.5
RatioPlot=1
Title=Angularity, $\alpha$ = 0.5 $z_{cut}$ = 0.1 $\beta$ = 2
Legend=1
LogY=0
# END PLOT

# BEGIN HISTO1D //home/frederic/Work/Software/LesHouches2017/lh2017-alphas/rivet-analysis/quark-as013650-parton.yoda/MC_LHJSS_Zjet/Angularity_zcut_0.1_beta_2_alpha_0.5
LineColor=red
LineStyle=solid
NormalizeToSum=1
Path=//home/frederic/Work/Software/LesHouches2017/lh2017-alphas/rivet-analysis/quark-as013650-parton.yoda/MC_LHJSS_Zjet/Angularity_zcut_0.1_beta_2_alpha_0.5
ScaledBy=4.84810875277554230e-06
Title=quark-as013650-parton
XLabel=
YLabel=
# xlow	 xhigh	 val	 errminus	 errplus
0.000000e+00	1.000000e-02	2.337758e+00	3.366558e-02	3.366558e-02
1.000000e-02	2.000000e-02	3.407736e+00	4.064612e-02	4.064612e-02
2.000000e-02	3.000000e-02	4.581948e+00	4.713150e-02	4.713150e-02
3.000000e-02	4.000000e-02	5.415822e+00	5.124110e-02	5.124110e-02
4.000000e-02	5.000000e-02	5.826457e+00	5.314819e-02	5.314819e-02
5.000000e-02	6.000000e-02	5.910329e+00	5.352936e-02	5.352936e-02
6.000000e-02	7.000000e-02	5.742100e+00	5.276204e-02	5.276204e-02
7.000000e-02	8.000000e-02	5.281045e+00	5.059949e-02	5.059949e-02
8.000000e-02	9.000000e-02	4.895135e+00	4.871565e-02	4.871565e-02
9.000000e-02	1.000000e-01	4.568858e+00	4.706413e-02	4.706413e-02
1.000000e-01	1.100000e-01	4.205734e+00	4.515513e-02	4.515513e-02
1.100000e-01	1.200000e-01	3.783464e+00	4.282832e-02	4.282832e-02
1.200000e-01	1.300000e-01	3.492578e+00	4.114900e-02	4.114900e-02
1.300000e-01	1.400000e-01	3.219144e+00	3.950539e-02	3.950539e-02
1.400000e-01	1.500000e-01	2.892866e+00	3.744987e-02	3.744987e-02
1.500000e-01	1.600000e-01	2.679065e+00	3.603942e-02	3.603942e-02
1.600000e-01	1.700000e-01	2.508411e+00	3.487270e-02	3.487270e-02
1.700000e-01	1.800000e-01	2.280550e+00	3.325111e-02	3.325111e-02
1.800000e-01	1.900000e-01	2.100201e+00	3.190925e-02	3.190925e-02
1.900000e-01	2.000000e-01	1.924214e+00	3.054309e-02	3.054309e-02
2.000000e-01	2.100000e-01	1.771984e+00	2.931002e-02	2.931002e-02
2.100000e-01	2.200000e-01	1.658538e+00	2.835626e-02	2.835626e-02
2.200000e-01	2.300000e-01	1.492248e+00	2.689717e-02	2.689717e-02
2.300000e-01	2.400000e-01	1.388983e+00	2.594984e-02	2.594984e-02
2.400000e-01	2.500000e-01	1.323534e+00	2.533108e-02	2.533108e-02
2.500000e-01	2.600000e-01	1.205725e+00	2.417744e-02	2.417744e-02
2.600000e-01	2.700000e-01	1.153850e+00	2.365162e-02	2.365162e-02
2.700000e-01	2.800000e-01	1.059312e+00	2.266199e-02	2.266199e-02
2.800000e-01	2.900000e-01	9.831965e-01	2.183264e-02	2.183264e-02
2.900000e-01	3.000000e-01	9.153229e-01	2.106558e-02	2.106558e-02
3.000000e-01	3.100000e-01	8.716900e-01	2.055735e-02	2.055735e-02
3.100000e-01	3.200000e-01	7.626075e-01	1.922811e-02	1.922811e-02
3.200000e-01	3.300000e-01	7.393366e-01	1.893247e-02	1.893247e-02
3.300000e-01	3.400000e-01	6.632213e-01	1.793145e-02	1.793145e-02
3.400000e-01	3.500000e-01	6.094073e-01	1.718858e-02	1.718858e-02
3.500000e-01	3.600000e-01	6.026199e-01	1.709259e-02	1.709259e-02
3.600000e-01	3.700000e-01	5.337768e-01	1.608667e-02	1.608667e-02
3.700000e-01	3.800000e-01	4.828716e-01	1.530037e-02	1.530037e-02
3.800000e-01	3.900000e-01	4.605703e-01	1.494287e-02	1.494287e-02
3.900000e-01	4.000000e-01	3.917272e-01	1.378091e-02	1.378091e-02
4.000000e-01	4.100000e-01	3.994842e-01	1.391669e-02	1.391669e-02
4.100000e-01	4.200000e-01	3.883335e-01	1.372109e-02	1.372109e-02
4.200000e-01	4.300000e-01	3.359739e-01	1.276259e-02	1.276259e-02
4.300000e-01	4.400000e-01	3.097941e-01	1.225527e-02	1.225527e-02
4.400000e-01	4.500000e-01	2.695548e-01	1.143167e-02	1.143167e-02
4.500000e-01	4.600000e-01	2.491928e-01	1.099142e-02	1.099142e-02
4.600000e-01	4.700000e-01	2.293155e-01	1.054394e-02	1.054394e-02
4.700000e-01	4.800000e-01	2.249522e-01	1.044315e-02	1.044315e-02
4.800000e-01	4.900000e-01	1.973180e-01	9.780692e-03	9.780692e-03
4.900000e-01	5.000000e-01	1.628965e-01	8.886730e-03	8.886730e-03
5.000000e-01	5.100000e-01	1.624116e-01	8.873496e-03	8.873496e-03
5.100000e-01	5.200000e-01	1.439888e-01	8.355079e-03	8.355079e-03
5.200000e-01	5.300000e-01	1.090824e-01	7.272163e-03	7.272163e-03
5.300000e-01	5.400000e-01	1.081128e-01	7.239770e-03	7.239770e-03
5.400000e-01	5.500000e-01	8.678115e-02	6.486327e-03	6.486327e-03
5.500000e-01	5.600000e-01	7.805455e-02	6.151561e-03	6.151561e-03
5.600000e-01	5.700000e-01	6.399504e-02	5.570053e-03	5.570053e-03
5.700000e-01	5.800000e-01	6.060136e-02	5.420351e-03	5.420351e-03
5.800000e-01	5.900000e-01	4.508741e-02	4.675347e-03	4.675347e-03
5.900000e-01	6.000000e-01	4.363298e-02	4.599320e-03	4.599320e-03
6.000000e-01	6.100000e-01	3.539119e-02	4.142226e-03	4.142226e-03
6.100000e-01	6.200000e-01	3.005827e-02	3.817405e-03	3.817405e-03
6.200000e-01	6.300000e-01	2.666460e-02	3.595454e-03	3.595454e-03
6.300000e-01	6.400000e-01	2.908865e-02	3.755330e-03	3.755330e-03
6.400000e-01	6.500000e-01	1.648357e-02	2.826909e-03	2.826909e-03
6.500000e-01	6.600000e-01	1.308989e-02	2.519151e-03	2.519151e-03
6.600000e-01	6.700000e-01	1.115065e-02	2.325071e-03	2.325071e-03
6.700000e-01	6.800000e-01	5.817731e-03	1.679434e-03	1.679434e-03
6.800000e-01	6.900000e-01	8.726596e-03	2.056878e-03	2.056878e-03
6.900000e-01	7.000000e-01	5.817731e-03	1.679434e-03	1.679434e-03
7.000000e-01	7.100000e-01	5.332920e-03	1.607936e-03	1.607936e-03
7.100000e-01	7.200000e-01	2.908865e-03	1.187539e-03	1.187539e-03
7.200000e-01	7.300000e-01	4.363298e-03	1.454433e-03	1.454433e-03
7.300000e-01	7.400000e-01	4.848109e-03	1.533107e-03	1.533107e-03
7.400000e-01	7.500000e-01	2.908865e-03	1.187539e-03	1.187539e-03
7.500000e-01	7.600000e-01	2.424054e-03	1.084070e-03	1.084070e-03
7.600000e-01	7.700000e-01	9.696218e-04	6.856261e-04	6.856261e-04
7.700000e-01	7.800000e-01	9.696218e-04	6.856261e-04	6.856261e-04
7.800000e-01	7.900000e-01	4.848109e-04	4.848109e-04	4.848109e-04
7.900000e-01	8.000000e-01	0.000000e+00	0.000000e+00	0.000000e+00
8.000000e-01	8.100000e-01	0.000000e+00	0.000000e+00	0.000000e+00
8.100000e-01	8.200000e-01	0.000000e+00	0.000000e+00	0.000000e+00
8.200000e-01	8.300000e-01	0.000000e+00	0.000000e+00	0.000000e+00
8.300000e-01	8.400000e-01	0.000000e+00	0.000000e+00	0.000000e+00
8.400000e-01	8.500000e-01	0.000000e+00	0.000000e+00	0.000000e+00
8.500000e-01	8.600000e-01	0.000000e+00	0.000000e+00	0.000000e+00
8.600000e-01	8.700000e-01	0.000000e+00	0.000000e+00	0.000000e+00
8.700000e-01	8.800000e-01	0.000000e+00	0.000000e+00	0.000000e+00
8.800000e-01	8.900000e-01	0.000000e+00	0.000000e+00	0.000000e+00
8.900000e-01	9.000000e-01	0.000000e+00	0.000000e+00	0.000000e+00
9.000000e-01	9.100000e-01	0.000000e+00	0.000000e+00	0.000000e+00
9.100000e-01	9.200000e-01	0.000000e+00	0.000000e+00	0.000000e+00
9.200000e-01	9.300000e-01	0.000000e+00	0.000000e+00	0.000000e+00
9.300000e-01	9.400000e-01	0.000000e+00	0.000000e+00	0.000000e+00
9.400000e-01	9.500000e-01	0.000000e+00	0.000000e+00	0.000000e+00
9.500000e-01	9.600000e-01	0.000000e+00	0.000000e+00	0.000000e+00
9.600000e-01	9.700000e-01	0.000000e+00	0.000000e+00	0.000000e+00
9.700000e-01	9.800000e-01	0.000000e+00	0.000000e+00	0.000000e+00
9.800000e-01	9.900000e-01	0.000000e+00	0.000000e+00	0.000000e+00
9.900000e-01	1.000000e+00	0.000000e+00	0.000000e+00	0.000000e+00
# END HISTO1D

# BEGIN HISTO1D //home/frederic/Work/Software/LesHouches2017/lh2017-alphas/rivet-analysis/quark-as012285-parton.yoda/MC_LHJSS_Zjet/Angularity_zcut_0.1_beta_2_alpha_0.5
LineColor=blue
LineStyle=solid
NormalizeToSum=1
Path=//home/frederic/Work/Software/LesHouches2017/lh2017-alphas/rivet-analysis/quark-as012285-parton.yoda/MC_LHJSS_Zjet/Angularity_zcut_0.1_beta_2_alpha_0.5
ScaledBy=1.14905547639840050e-05
Title=quark-as012285-parton
XLabel=
YLabel=
# xlow	 xhigh	 val	 errminus	 errplus
0.000000e+00	1.000000e-02	6.788620e+00	8.832044e-02	8.832044e-02
1.000000e-02	2.000000e-02	5.868226e+00	8.211527e-02	8.211527e-02
2.000000e-02	3.000000e-02	6.428965e+00	8.594904e-02	8.594904e-02
3.000000e-02	4.000000e-02	6.707037e+00	8.778814e-02	8.778814e-02
4.000000e-02	5.000000e-02	6.354277e+00	8.544833e-02	8.544833e-02
5.000000e-02	6.000000e-02	5.949809e+00	8.268410e-02	8.268410e-02
6.000000e-02	7.000000e-02	5.321276e+00	7.819489e-02	7.819489e-02
7.000000e-02	8.000000e-02	4.934044e+00	7.529602e-02	7.529602e-02
8.000000e-02	9.000000e-02	4.482465e+00	7.176769e-02	7.176769e-02
9.000000e-02	1.000000e-01	3.917130e+00	6.708949e-02	6.708949e-02
1.000000e-01	1.100000e-01	3.468998e+00	6.313535e-02	6.313535e-02
1.100000e-01	1.200000e-01	3.143816e+00	6.010340e-02	6.010340e-02
1.200000e-01	1.300000e-01	2.982948e+00	5.854548e-02	5.854548e-02
1.300000e-01	1.400000e-01	2.696833e+00	5.566697e-02	5.566697e-02
1.400000e-01	1.500000e-01	2.444041e+00	5.299376e-02	5.299376e-02
1.500000e-01	1.600000e-01	2.267086e+00	5.103928e-02	5.103928e-02
1.600000e-01	1.700000e-01	2.129200e+00	4.946280e-02	4.946280e-02
1.700000e-01	1.800000e-01	1.972928e+00	4.761307e-02	4.761307e-02
1.800000e-01	1.900000e-01	1.739670e+00	4.470992e-02	4.470992e-02
1.900000e-01	2.000000e-01	1.666130e+00	4.375473e-02	4.375473e-02
2.000000e-01	2.100000e-01	1.462748e+00	4.099729e-02	4.099729e-02
2.100000e-01	2.200000e-01	1.338650e+00	3.921968e-02	3.921968e-02
2.200000e-01	2.300000e-01	1.327159e+00	3.905098e-02	3.905098e-02
2.300000e-01	2.400000e-01	1.189272e+00	3.696674e-02	3.696674e-02
2.400000e-01	2.500000e-01	1.096199e+00	3.549075e-02	3.549075e-02
2.500000e-01	2.600000e-01	1.038746e+00	3.454818e-02	3.454818e-02
2.600000e-01	2.700000e-01	9.249897e-01	3.260160e-02	3.260160e-02
2.700000e-01	2.800000e-01	8.686859e-01	3.159380e-02	3.159380e-02
2.800000e-01	2.900000e-01	7.882521e-01	3.009560e-02	3.009560e-02
2.900000e-01	3.000000e-01	7.158616e-01	2.868039e-02	2.868039e-02
3.000000e-01	3.100000e-01	6.653031e-01	2.764905e-02	2.764905e-02
3.100000e-01	3.200000e-01	6.388748e-01	2.709433e-02	2.709433e-02
3.200000e-01	3.300000e-01	5.860183e-01	2.594933e-02	2.594933e-02
3.300000e-01	3.400000e-01	5.664843e-01	2.551317e-02	2.551317e-02
3.400000e-01	3.500000e-01	4.883486e-01	2.368839e-02	2.368839e-02
3.500000e-01	3.600000e-01	4.676656e-01	2.318132e-02	2.318132e-02
3.600000e-01	3.700000e-01	4.194052e-01	2.195267e-02	2.195267e-02
3.700000e-01	3.800000e-01	4.159581e-01	2.186227e-02	2.186227e-02
3.800000e-01	3.900000e-01	3.941260e-01	2.128081e-02	2.128081e-02
3.900000e-01	4.000000e-01	3.355242e-01	1.963507e-02	1.963507e-02
4.000000e-01	4.100000e-01	3.274808e-01	1.939829e-02	1.939829e-02
4.100000e-01	4.200000e-01	2.953073e-01	1.842076e-02	1.842076e-02
4.200000e-01	4.300000e-01	2.757733e-01	1.780109e-02	1.780109e-02
4.300000e-01	4.400000e-01	2.573884e-01	1.719749e-02	1.719749e-02
4.400000e-01	4.500000e-01	2.286620e-01	1.620942e-02	1.620942e-02
4.500000e-01	4.600000e-01	2.137243e-01	1.567103e-02	1.567103e-02
4.600000e-01	4.700000e-01	1.872960e-01	1.467016e-02	1.467016e-02
4.700000e-01	4.800000e-01	1.620168e-01	1.364428e-02	1.364428e-02
4.800000e-01	4.900000e-01	1.401848e-01	1.269173e-02	1.269173e-02
4.900000e-01	5.000000e-01	1.080112e-01	1.114051e-02	1.114051e-02
5.000000e-01	5.100000e-01	1.045640e-01	1.096129e-02	1.096129e-02
5.100000e-01	5.200000e-01	1.091603e-01	1.119961e-02	1.119961e-02
5.200000e-01	5.300000e-01	8.158294e-02	9.682113e-03	9.682113e-03
5.300000e-01	5.400000e-01	9.996783e-02	1.071768e-02	1.071768e-02
5.400000e-01	5.500000e-01	7.698672e-02	9.405424e-03	9.405424e-03
5.500000e-01	5.600000e-01	4.940939e-02	7.534860e-03	7.534860e-03
5.600000e-01	5.700000e-01	4.021694e-02	6.797904e-03	6.797904e-03
5.700000e-01	5.800000e-01	5.055844e-02	7.621972e-03	7.621972e-03
5.800000e-01	5.900000e-01	2.987544e-02	5.859056e-03	5.859056e-03
5.900000e-01	6.000000e-01	2.527922e-02	5.389548e-03	5.389548e-03
6.000000e-01	6.100000e-01	2.642828e-02	5.510677e-03	5.510677e-03
6.100000e-01	6.200000e-01	2.757733e-02	5.629199e-03	5.629199e-03
6.200000e-01	6.300000e-01	1.723583e-02	4.450273e-03	4.450273e-03
6.300000e-01	6.400000e-01	1.493772e-02	4.142978e-03	4.142978e-03
6.400000e-01	6.500000e-01	1.378867e-02	3.980445e-03	3.980445e-03
6.500000e-01	6.600000e-01	9.192444e-03	3.250020e-03	3.250020e-03
6.600000e-01	6.700000e-01	6.894333e-03	2.814600e-03	2.814600e-03
6.700000e-01	6.800000e-01	3.447166e-03	1.990222e-03	1.990222e-03
6.800000e-01	6.900000e-01	8.043388e-03	3.040115e-03	3.040115e-03
6.900000e-01	7.000000e-01	1.149055e-03	1.149055e-03	1.149055e-03
7.000000e-01	7.100000e-01	3.447166e-03	1.990222e-03	1.990222e-03
7.100000e-01	7.200000e-01	5.745277e-03	2.569366e-03	2.569366e-03
7.200000e-01	7.300000e-01	0.000000e+00	0.000000e+00	0.000000e+00
7.300000e-01	7.400000e-01	1.149055e-03	1.149055e-03	1.149055e-03
7.400000e-01	7.500000e-01	2.298111e-03	1.625010e-03	1.625010e-03
7.500000e-01	7.600000e-01	2.298111e-03	1.625010e-03	1.625010e-03
7.600000e-01	7.700000e-01	0.000000e+00	0.000000e+00	0.000000e+00
7.700000e-01	7.800000e-01	0.000000e+00	0.000000e+00	0.000000e+00
7.800000e-01	7.900000e-01	0.000000e+00	0.000000e+00	0.000000e+00
7.900000e-01	8.000000e-01	0.000000e+00	0.000000e+00	0.000000e+00
8.000000e-01	8.100000e-01	0.000000e+00	0.000000e+00	0.000000e+00
8.100000e-01	8.200000e-01	1.149055e-03	1.149055e-03	1.149055e-03
8.200000e-01	8.300000e-01	0.000000e+00	0.000000e+00	0.000000e+00
8.300000e-01	8.400000e-01	0.000000e+00	0.000000e+00	0.000000e+00
8.400000e-01	8.500000e-01	0.000000e+00	0.000000e+00	0.000000e+00
8.500000e-01	8.600000e-01	0.000000e+00	0.000000e+00	0.000000e+00
8.600000e-01	8.700000e-01	0.000000e+00	0.000000e+00	0.000000e+00
8.700000e-01	8.800000e-01	0.000000e+00	0.000000e+00	0.000000e+00
8.800000e-01	8.900000e-01	0.000000e+00	0.000000e+00	0.000000e+00
8.900000e-01	9.000000e-01	0.000000e+00	0.000000e+00	0.000000e+00
9.000000e-01	9.100000e-01	0.000000e+00	0.000000e+00	0.000000e+00
9.100000e-01	9.200000e-01	0.000000e+00	0.000000e+00	0.000000e+00
9.200000e-01	9.300000e-01	0.000000e+00	0.000000e+00	0.000000e+00
9.300000e-01	9.400000e-01	0.000000e+00	0.000000e+00	0.000000e+00
9.400000e-01	9.500000e-01	0.000000e+00	0.000000e+00	0.000000e+00
9.500000e-01	9.600000e-01	0.000000e+00	0.000000e+00	0.000000e+00
9.600000e-01	9.700000e-01	0.000000e+00	0.000000e+00	0.000000e+00
9.700000e-01	9.800000e-01	0.000000e+00	0.000000e+00	0.000000e+00
9.800000e-01	9.900000e-01	0.000000e+00	0.000000e+00	0.000000e+00
9.900000e-01	1.000000e+00	0.000000e+00	0.000000e+00	0.000000e+00
# END HISTO1D

# BEGIN HISTO1D //home/frederic/Work/Software/LesHouches2017/lh2017-alphas/rivet-analysis/quark-as015015-parton.yoda/MC_LHJSS_Zjet/Angularity_zcut_0.1_beta_2_alpha_0.5
LineColor=green
LineStyle=solid
NormalizeToSum=1
Path=//home/frederic/Work/Software/LesHouches2017/lh2017-alphas/rivet-analysis/quark-as015015-parton.yoda/MC_LHJSS_Zjet/Angularity_zcut_0.1_beta_2_alpha_0.5
ScaledBy=8.25334466792667666e-06
Title=quark-as015015-parton
XLabel=
YLabel=
# xlow	 xhigh	 val	 errminus	 errplus
0.000000e+00	1.000000e-02	4.291739e-01	1.882052e-02	1.882052e-02
1.000000e-02	2.000000e-02	1.181879e+00	3.123212e-02	3.123212e-02
2.000000e-02	3.000000e-02	2.273796e+00	4.332024e-02	4.332024e-02
3.000000e-02	4.000000e-02	3.378919e+00	5.280851e-02	5.280851e-02
4.000000e-02	5.000000e-02	4.470011e+00	6.073924e-02	6.073924e-02
5.000000e-02	6.000000e-02	5.217764e+00	6.562317e-02	6.562317e-02
6.000000e-02	7.000000e-02	5.443081e+00	6.702508e-02	6.702508e-02
7.000000e-02	8.000000e-02	5.576785e+00	6.784330e-02	6.784330e-02
8.000000e-02	9.000000e-02	5.438954e+00	6.699967e-02	6.699967e-02
9.000000e-02	1.000000e-01	5.030414e+00	6.443426e-02	6.443426e-02
1.000000e-01	1.100000e-01	4.720088e+00	6.241515e-02	6.241515e-02
1.100000e-01	1.200000e-01	4.250473e+00	5.922889e-02	5.922889e-02
1.200000e-01	1.300000e-01	4.053218e+00	5.783822e-02	5.783822e-02
1.300000e-01	1.400000e-01	3.743717e+00	5.558614e-02	5.558614e-02
1.400000e-01	1.500000e-01	3.426789e+00	5.318127e-02	5.318127e-02
1.500000e-01	1.600000e-01	3.184140e+00	5.126384e-02	5.126384e-02
1.600000e-01	1.700000e-01	3.002567e+00	4.978074e-02	4.978074e-02
1.700000e-01	1.800000e-01	2.743412e+00	4.758395e-02	4.758395e-02
1.800000e-01	1.900000e-01	2.474353e+00	4.519036e-02	4.519036e-02
1.900000e-01	2.000000e-01	2.346426e+00	4.400666e-02	4.400666e-02
2.000000e-01	2.100000e-01	2.182184e+00	4.243857e-02	4.243857e-02
2.100000e-01	2.200000e-01	1.944488e+00	4.006062e-02	4.006062e-02
2.200000e-01	2.300000e-01	1.842147e+00	3.899214e-02	3.899214e-02
2.300000e-01	2.400000e-01	1.652320e+00	3.692853e-02	3.692853e-02
2.400000e-01	2.500000e-01	1.538423e+00	3.563305e-02	3.563305e-02
2.500000e-01	2.600000e-01	1.441034e+00	3.448674e-02	3.448674e-02
2.600000e-01	2.700000e-01	1.333740e+00	3.317803e-02	3.317803e-02
2.700000e-01	2.800000e-01	1.239652e+00	3.198637e-02	3.198637e-02
2.800000e-01	2.900000e-01	1.175276e+00	3.114476e-02	3.114476e-02
2.900000e-01	3.000000e-01	1.101822e+00	3.015578e-02	3.015578e-02
3.000000e-01	3.100000e-01	9.879254e-01	2.855466e-02	2.855466e-02
3.100000e-01	3.200000e-01	9.086932e-01	2.738569e-02	2.738569e-02
3.200000e-01	3.300000e-01	8.657759e-01	2.673116e-02	2.673116e-02
3.300000e-01	3.400000e-01	8.154305e-01	2.594230e-02	2.594230e-02
3.400000e-01	3.500000e-01	7.337223e-01	2.460826e-02	2.460826e-02
3.500000e-01	3.600000e-01	7.064863e-01	2.414720e-02	2.414720e-02
3.600000e-01	3.700000e-01	6.313809e-01	2.282762e-02	2.282762e-02
3.700000e-01	3.800000e-01	5.909395e-01	2.208444e-02	2.208444e-02
3.800000e-01	3.900000e-01	5.306901e-01	2.092837e-02	2.092837e-02
3.900000e-01	4.000000e-01	5.249127e-01	2.081414e-02	2.081414e-02
4.000000e-01	4.100000e-01	4.696153e-01	1.968730e-02	1.968730e-02
4.100000e-01	4.200000e-01	4.044139e-01	1.826956e-02	1.826956e-02
4.200000e-01	4.300000e-01	4.167939e-01	1.854709e-02	1.854709e-02
4.300000e-01	4.400000e-01	3.705752e-01	1.748852e-02	1.748852e-02
4.400000e-01	4.500000e-01	3.301338e-01	1.650669e-02	1.650669e-02
4.500000e-01	4.600000e-01	3.128018e-01	1.606755e-02	1.606755e-02
4.600000e-01	4.700000e-01	2.872164e-01	1.539642e-02	1.539642e-02
4.700000e-01	4.800000e-01	2.748364e-01	1.506094e-02	1.506094e-02
4.800000e-01	4.900000e-01	2.740110e-01	1.503831e-02	1.503831e-02
4.900000e-01	5.000000e-01	2.244910e-01	1.361176e-02	1.361176e-02
5.000000e-01	5.100000e-01	1.865256e-01	1.240750e-02	1.240750e-02
5.100000e-01	5.200000e-01	1.914776e-01	1.257112e-02	1.257112e-02
5.200000e-01	5.300000e-01	1.576389e-01	1.140635e-02	1.140635e-02
5.300000e-01	5.400000e-01	1.345295e-01	1.053716e-02	1.053716e-02
5.400000e-01	5.500000e-01	1.229748e-01	1.007449e-02	1.007449e-02
5.500000e-01	5.600000e-01	1.130708e-01	9.660292e-03	9.660292e-03
5.600000e-01	5.700000e-01	9.656413e-02	8.927357e-03	8.927357e-03
5.700000e-01	5.800000e-01	9.243746e-02	8.734519e-03	8.734519e-03
5.800000e-01	5.900000e-01	7.593077e-02	7.916330e-03	7.916330e-03
5.900000e-01	6.000000e-01	6.602676e-02	7.382016e-03	7.382016e-03
6.000000e-01	6.100000e-01	4.539340e-02	6.120844e-03	6.120844e-03
6.100000e-01	6.200000e-01	4.374273e-02	6.008526e-03	6.008526e-03
6.200000e-01	6.300000e-01	3.301338e-02	5.219874e-03	5.219874e-03
6.300000e-01	6.400000e-01	2.145870e-02	4.208396e-03	4.208396e-03
6.400000e-01	6.500000e-01	2.723604e-02	4.741186e-03	4.741186e-03
6.500000e-01	6.600000e-01	2.228403e-02	4.288564e-03	4.288564e-03
6.600000e-01	6.700000e-01	1.403069e-02	3.402941e-03	3.402941e-03
6.700000e-01	6.800000e-01	9.078679e-03	2.737325e-03	2.737325e-03
6.800000e-01	6.900000e-01	8.253345e-03	2.609937e-03	2.609937e-03
6.900000e-01	7.000000e-01	9.078679e-03	2.737325e-03	2.737325e-03
7.000000e-01	7.100000e-01	8.253345e-03	2.609937e-03	2.609937e-03
7.100000e-01	7.200000e-01	5.777341e-03	2.183630e-03	2.183630e-03
7.200000e-01	7.300000e-01	1.650669e-03	1.167199e-03	1.167199e-03
7.300000e-01	7.400000e-01	2.476003e-03	1.429521e-03	1.429521e-03
7.400000e-01	7.500000e-01	1.650669e-03	1.167199e-03	1.167199e-03
7.500000e-01	7.600000e-01	0.000000e+00	0.000000e+00	0.000000e+00
7.600000e-01	7.700000e-01	5.777341e-03	2.183630e-03	2.183630e-03
7.700000e-01	7.800000e-01	2.476003e-03	1.429521e-03	1.429521e-03
7.800000e-01	7.900000e-01	0.000000e+00	0.000000e+00	0.000000e+00
7.900000e-01	8.000000e-01	8.253345e-04	8.253345e-04	8.253345e-04
8.000000e-01	8.100000e-01	8.253345e-04	8.253345e-04	8.253345e-04
8.100000e-01	8.200000e-01	0.000000e+00	0.000000e+00	0.000000e+00
8.200000e-01	8.300000e-01	8.253345e-04	8.253345e-04	8.253345e-04
8.300000e-01	8.400000e-01	8.253345e-04	8.253345e-04	8.253345e-04
8.400000e-01	8.500000e-01	0.000000e+00	0.000000e+00	0.000000e+00
8.500000e-01	8.600000e-01	0.000000e+00	0.000000e+00	0.000000e+00
8.600000e-01	8.700000e-01	0.000000e+00	0.000000e+00	0.000000e+00
8.700000e-01	8.800000e-01	0.000000e+00	0.000000e+00	0.000000e+00
8.800000e-01	8.900000e-01	0.000000e+00	0.000000e+00	0.000000e+00
8.900000e-01	9.000000e-01	0.000000e+00	0.000000e+00	0.000000e+00
9.000000e-01	9.100000e-01	0.000000e+00	0.000000e+00	0.000000e+00
9.100000e-01	9.200000e-01	0.000000e+00	0.000000e+00	0.000000e+00
9.200000e-01	9.300000e-01	0.000000e+00	0.000000e+00	0.000000e+00
9.300000e-01	9.400000e-01	0.000000e+00	0.000000e+00	0.000000e+00
9.400000e-01	9.500000e-01	0.000000e+00	0.000000e+00	0.000000e+00
9.500000e-01	9.600000e-01	0.000000e+00	0.000000e+00	0.000000e+00
9.600000e-01	9.700000e-01	0.000000e+00	0.000000e+00	0.000000e+00
9.700000e-01	9.800000e-01	0.000000e+00	0.000000e+00	0.000000e+00
9.800000e-01	9.900000e-01	0.000000e+00	0.000000e+00	0.000000e+00
9.900000e-01	1.000000e+00	0.000000e+00	0.000000e+00	0.000000e+00
# END HISTO1D

