# BEGIN PLOT
LegendOnly=//home/frederic/Work/Software/LesHouches2017/lh2017-alphas/rivet-analysis/quark-as013650-parton.yoda/MC_LHJSS_Zjet/log_Angularity_zcut_0.2_beta_2_alpha_1 //home/frederic/Work/Software/LesHouches2017/lh2017-alphas/rivet-analysis/quark-as012285-parton.yoda/MC_LHJSS_Zjet/log_Angularity_zcut_0.2_beta_2_alpha_1 //home/frederic/Work/Software/LesHouches2017/lh2017-alphas/rivet-analysis/quark-as015015-parton.yoda/MC_LHJSS_Zjet/log_Angularity_zcut_0.2_beta_2_alpha_1
DrawOnly=//home/frederic/Work/Software/LesHouches2017/lh2017-alphas/rivet-analysis/quark-as013650-parton.yoda/MC_LHJSS_Zjet/log_Angularity_zcut_0.2_beta_2_alpha_1 //home/frederic/Work/Software/LesHouches2017/lh2017-alphas/rivet-analysis/quark-as012285-parton.yoda/MC_LHJSS_Zjet/log_Angularity_zcut_0.2_beta_2_alpha_1 //home/frederic/Work/Software/LesHouches2017/lh2017-alphas/rivet-analysis/quark-as015015-parton.yoda/MC_LHJSS_Zjet/log_Angularity_zcut_0.2_beta_2_alpha_1
Title=Angularity, $\alpha$ = 1 $z_{cut}$ = 0.2 $\beta$ = 2
RatioPlot=1
LogX=0
LogY=0
RatioPlotYLabel=Ratio
RatioPlotReference=//home/frederic/Work/Software/LesHouches2017/lh2017-alphas/rivet-analysis/quark-as013650-parton.yoda/MC_LHJSS_Zjet/log_Angularity_zcut_0.2_beta_2_alpha_1
XLabel=$e_\alpha$
YLabel=$1/\sigma \text{d}\sigma/\text{d}e_\alpha$
Legend=1
# END PLOT

# BEGIN HISTO1D //home/frederic/Work/Software/LesHouches2017/lh2017-alphas/rivet-analysis/quark-as013650-parton.yoda/MC_LHJSS_Zjet/log_Angularity_zcut_0.2_beta_2_alpha_1
LineColor=red
LineStyle=solid
NormalizeToSum=1
Path=//home/frederic/Work/Software/LesHouches2017/lh2017-alphas/rivet-analysis/quark-as013650-parton.yoda/MC_LHJSS_Zjet/log_Angularity_zcut_0.2_beta_2_alpha_1
ScaledBy=4.84810875277554230e-06
Title=quark-as013650-parton
XLabel=
YLabel=
# xlow	 xhigh	 val	 errminus	 errplus
0.000000e+00	1.000000e-01	0.000000e+00	0.000000e+00	0.000000e+00
1.000000e-01	2.000000e-01	0.000000e+00	0.000000e+00	0.000000e+00
2.000000e-01	3.000000e-01	4.848109e-05	4.848109e-05	4.848109e-05
3.000000e-01	4.000000e-01	1.308989e-03	2.519151e-04	2.519151e-04
4.000000e-01	5.000000e-01	2.230130e-03	3.288147e-04	3.288147e-04
5.000000e-01	6.000000e-01	4.654184e-03	4.750157e-04	4.750157e-04
6.000000e-01	7.000000e-01	1.342926e-02	8.068861e-04	8.068861e-04
7.000000e-01	8.000000e-01	2.855536e-02	1.176603e-03	1.176603e-03
8.000000e-01	9.000000e-01	4.276032e-02	1.439815e-03	1.439815e-03
9.000000e-01	1.000000e+00	5.589869e-02	1.646217e-03	1.646217e-03
1.000000e+00	1.100000e+00	7.238226e-02	1.873278e-03	1.873278e-03
1.100000e+00	1.200000e+00	8.464798e-02	2.025790e-03	2.025790e-03
1.200000e+00	1.300000e+00	9.919231e-02	2.192932e-03	2.192932e-03
1.300000e+00	1.400000e+00	1.070947e-01	2.278611e-03	2.278611e-03
1.400000e+00	1.500000e+00	1.220754e-01	2.432765e-03	2.432765e-03
1.500000e+00	1.600000e+00	1.300263e-01	2.510740e-03	2.510740e-03
1.600000e+00	1.700000e+00	1.354077e-01	2.562169e-03	2.562169e-03
1.700000e+00	1.800000e+00	1.511640e-01	2.707138e-03	2.707138e-03
1.800000e+00	1.900000e+00	1.551880e-01	2.742933e-03	2.742933e-03
1.900000e+00	2.000000e+00	1.634297e-01	2.814827e-03	2.814827e-03
2.000000e+00	2.100000e+00	1.674537e-01	2.849269e-03	2.849269e-03
2.100000e+00	2.200000e+00	1.764712e-01	2.924981e-03	2.924981e-03
2.200000e+00	2.300000e+00	1.797679e-01	2.952176e-03	2.952176e-03
2.300000e+00	2.400000e+00	1.855856e-01	2.999565e-03	2.999565e-03
2.400000e+00	2.500000e+00	1.972695e-01	3.092546e-03	3.092546e-03
2.500000e+00	2.600000e+00	2.006632e-01	3.119034e-03	3.119034e-03
2.600000e+00	2.700000e+00	2.170983e-01	3.244250e-03	3.244250e-03
2.700000e+00	2.800000e+00	2.181649e-01	3.252210e-03	3.252210e-03
2.800000e+00	2.900000e+00	2.262128e-01	3.311652e-03	3.311652e-03
2.900000e+00	3.000000e+00	2.310124e-01	3.346600e-03	3.346600e-03
3.000000e+00	3.100000e+00	2.359090e-01	3.381881e-03	3.381881e-03
3.100000e+00	3.200000e+00	2.485625e-01	3.471395e-03	3.471395e-03
3.200000e+00	3.300000e+00	2.508896e-01	3.487607e-03	3.487607e-03
3.300000e+00	3.400000e+00	2.545257e-01	3.512788e-03	3.512788e-03
3.400000e+00	3.500000e+00	2.604889e-01	3.553699e-03	3.553699e-03
3.500000e+00	3.600000e+00	2.659188e-01	3.590547e-03	3.590547e-03
3.600000e+00	3.700000e+00	2.767300e-01	3.662809e-03	3.662809e-03
3.700000e+00	3.800000e+00	2.701851e-01	3.619236e-03	3.619236e-03
3.800000e+00	3.900000e+00	2.678580e-01	3.603616e-03	3.603616e-03
3.900000e+00	4.000000e+00	2.636886e-01	3.575459e-03	3.575459e-03
4.000000e+00	4.100000e+00	2.648037e-01	3.583011e-03	3.583011e-03
4.100000e+00	4.200000e+00	2.671308e-01	3.598721e-03	3.598721e-03
4.200000e+00	4.300000e+00	2.634462e-01	3.573816e-03	3.573816e-03
4.300000e+00	4.400000e+00	2.566589e-01	3.527478e-03	3.527478e-03
4.400000e+00	4.500000e+00	2.483686e-01	3.470040e-03	3.470040e-03
4.500000e+00	4.600000e+00	2.426963e-01	3.430187e-03	3.430187e-03
4.600000e+00	4.700000e+00	2.289277e-01	3.331465e-03	3.331465e-03
4.700000e+00	4.800000e+00	2.229160e-01	3.287432e-03	3.287432e-03
4.800000e+00	4.900000e+00	2.119593e-01	3.205623e-03	3.205623e-03
4.900000e+00	5.000000e+00	2.028934e-01	3.136318e-03	3.136318e-03
5.000000e+00	5.100000e+00	1.909670e-01	3.042743e-03	3.042743e-03
5.100000e+00	5.200000e+00	1.711382e-01	2.880446e-03	2.880446e-03
5.200000e+00	5.300000e+00	1.575151e-01	2.763422e-03	2.763422e-03
5.300000e+00	5.400000e+00	1.376378e-01	2.583182e-03	2.583182e-03
5.400000e+00	5.500000e+00	1.264387e-01	2.475860e-03	2.475860e-03
5.500000e+00	5.600000e+00	1.112641e-01	2.322543e-03	2.322543e-03
5.600000e+00	5.700000e+00	9.579863e-02	2.155092e-03	2.155092e-03
5.700000e+00	5.800000e+00	8.358139e-02	2.012987e-03	2.012987e-03
5.800000e+00	5.900000e+00	7.606683e-02	1.920365e-03	1.920365e-03
5.900000e+00	6.000000e+00	6.258908e-02	1.741949e-03	1.741949e-03
6.000000e+00	6.100000e+00	5.381401e-02	1.615228e-03	1.615228e-03
6.100000e+00	6.200000e+00	4.372994e-02	1.456048e-03	1.456048e-03
6.200000e+00	6.300000e+00	3.834854e-02	1.363517e-03	1.363517e-03
6.300000e+00	6.400000e+00	3.369436e-02	1.278100e-03	1.278100e-03
6.400000e+00	6.500000e+00	2.874928e-02	1.180592e-03	1.180592e-03
6.500000e+00	6.600000e+00	2.719789e-02	1.148296e-03	1.148296e-03
6.600000e+00	6.700000e+00	2.230130e-02	1.039803e-03	1.039803e-03
6.700000e+00	6.800000e+00	1.822889e-02	9.400832e-04	9.400832e-04
6.800000e+00	6.900000e+00	1.449585e-02	8.383163e-04	8.383163e-04
6.900000e+00	7.000000e+00	1.289597e-02	7.907026e-04	7.907026e-04
7.000000e+00	7.100000e+00	9.841661e-03	6.907492e-04	6.907492e-04
7.100000e+00	7.200000e+00	7.320644e-03	5.957456e-04	5.957456e-04
7.200000e+00	7.300000e+00	6.302541e-03	5.527695e-04	5.527695e-04
7.300000e+00	7.400000e+00	5.381401e-03	5.107800e-04	5.107800e-04
7.400000e+00	7.500000e+00	3.684563e-03	4.226483e-04	4.226483e-04
7.500000e+00	7.600000e+00	3.830006e-03	4.309094e-04	4.309094e-04
7.600000e+00	7.700000e+00	2.569498e-03	3.529476e-04	3.529476e-04
7.700000e+00	7.800000e+00	1.987725e-03	3.104304e-04	3.104304e-04
7.800000e+00	7.900000e+00	2.084687e-03	3.179118e-04	3.179118e-04
7.900000e+00	8.000000e+00	1.696838e-03	2.868180e-04	2.868180e-04
8.000000e+00	8.100000e+00	1.163546e-03	2.375079e-04	2.375079e-04
8.100000e+00	8.200000e+00	9.696218e-04	2.168140e-04	2.168140e-04
8.200000e+00	8.300000e+00	1.308989e-03	2.519151e-04	2.519151e-04
8.300000e+00	8.400000e+00	5.817731e-04	1.679434e-04	1.679434e-04
8.400000e+00	8.500000e+00	3.393676e-04	1.282689e-04	1.282689e-04
8.500000e+00	8.600000e+00	3.393676e-04	1.282689e-04	1.282689e-04
8.600000e+00	8.700000e+00	2.908865e-04	1.187539e-04	1.187539e-04
8.700000e+00	8.800000e+00	3.878487e-04	1.371252e-04	1.371252e-04
8.800000e+00	8.900000e+00	5.817731e-04	1.679434e-04	1.679434e-04
8.900000e+00	9.000000e+00	3.393676e-04	1.282689e-04	1.282689e-04
9.000000e+00	9.100000e+00	2.908865e-04	1.187539e-04	1.187539e-04
9.100000e+00	9.200000e+00	1.939244e-04	9.696217e-05	9.696217e-05
9.200000e+00	9.300000e+00	0.000000e+00	0.000000e+00	0.000000e+00
9.300000e+00	9.400000e+00	1.454433e-04	8.397171e-05	8.397171e-05
9.400000e+00	9.500000e+00	2.424054e-04	1.084070e-04	1.084070e-04
9.500000e+00	9.600000e+00	4.848109e-05	4.848109e-05	4.848109e-05
9.600000e+00	9.700000e+00	4.848109e-05	4.848109e-05	4.848109e-05
9.700000e+00	9.800000e+00	9.696218e-05	6.856261e-05	6.856261e-05
9.800000e+00	9.900000e+00	4.848109e-05	4.848109e-05	4.848109e-05
9.900000e+00	1.000000e+01	9.696218e-05	6.856261e-05	6.856261e-05
1.000000e+01	1.010000e+01	4.848109e-05	4.848109e-05	4.848109e-05
1.010000e+01	1.020000e+01	4.848109e-05	4.848109e-05	4.848109e-05
1.020000e+01	1.030000e+01	0.000000e+00	0.000000e+00	0.000000e+00
1.030000e+01	1.040000e+01	0.000000e+00	0.000000e+00	0.000000e+00
1.040000e+01	1.050000e+01	4.848109e-05	4.848109e-05	4.848109e-05
1.050000e+01	1.060000e+01	0.000000e+00	0.000000e+00	0.000000e+00
1.060000e+01	1.070000e+01	0.000000e+00	0.000000e+00	0.000000e+00
1.070000e+01	1.080000e+01	4.848109e-05	4.848109e-05	4.848109e-05
1.080000e+01	1.090000e+01	0.000000e+00	0.000000e+00	0.000000e+00
1.090000e+01	1.100000e+01	0.000000e+00	0.000000e+00	0.000000e+00
1.100000e+01	1.110000e+01	0.000000e+00	0.000000e+00	0.000000e+00
1.110000e+01	1.120000e+01	0.000000e+00	0.000000e+00	0.000000e+00
1.120000e+01	1.130000e+01	0.000000e+00	0.000000e+00	0.000000e+00
1.130000e+01	1.140000e+01	0.000000e+00	0.000000e+00	0.000000e+00
1.140000e+01	1.150000e+01	0.000000e+00	0.000000e+00	0.000000e+00
1.150000e+01	1.160000e+01	0.000000e+00	0.000000e+00	0.000000e+00
1.160000e+01	1.170000e+01	0.000000e+00	0.000000e+00	0.000000e+00
1.170000e+01	1.180000e+01	0.000000e+00	0.000000e+00	0.000000e+00
1.180000e+01	1.190000e+01	0.000000e+00	0.000000e+00	0.000000e+00
1.190000e+01	1.200000e+01	0.000000e+00	0.000000e+00	0.000000e+00
1.200000e+01	1.210000e+01	0.000000e+00	0.000000e+00	0.000000e+00
1.210000e+01	1.220000e+01	0.000000e+00	0.000000e+00	0.000000e+00
1.220000e+01	1.230000e+01	0.000000e+00	0.000000e+00	0.000000e+00
1.230000e+01	1.240000e+01	0.000000e+00	0.000000e+00	0.000000e+00
1.240000e+01	1.250000e+01	0.000000e+00	0.000000e+00	0.000000e+00
1.250000e+01	1.260000e+01	0.000000e+00	0.000000e+00	0.000000e+00
1.260000e+01	1.270000e+01	0.000000e+00	0.000000e+00	0.000000e+00
1.270000e+01	1.280000e+01	0.000000e+00	0.000000e+00	0.000000e+00
1.280000e+01	1.290000e+01	0.000000e+00	0.000000e+00	0.000000e+00
1.290000e+01	1.300000e+01	0.000000e+00	0.000000e+00	0.000000e+00
1.300000e+01	1.310000e+01	0.000000e+00	0.000000e+00	0.000000e+00
1.310000e+01	1.320000e+01	0.000000e+00	0.000000e+00	0.000000e+00
1.320000e+01	1.330000e+01	0.000000e+00	0.000000e+00	0.000000e+00
1.330000e+01	1.340000e+01	0.000000e+00	0.000000e+00	0.000000e+00
1.340000e+01	1.350000e+01	0.000000e+00	0.000000e+00	0.000000e+00
1.350000e+01	1.360000e+01	0.000000e+00	0.000000e+00	0.000000e+00
1.360000e+01	1.370000e+01	0.000000e+00	0.000000e+00	0.000000e+00
1.370000e+01	1.380000e+01	0.000000e+00	0.000000e+00	0.000000e+00
1.380000e+01	1.390000e+01	0.000000e+00	0.000000e+00	0.000000e+00
1.390000e+01	1.400000e+01	0.000000e+00	0.000000e+00	0.000000e+00
1.400000e+01	1.410000e+01	0.000000e+00	0.000000e+00	0.000000e+00
1.410000e+01	1.420000e+01	0.000000e+00	0.000000e+00	0.000000e+00
1.420000e+01	1.430000e+01	0.000000e+00	0.000000e+00	0.000000e+00
1.430000e+01	1.440000e+01	0.000000e+00	0.000000e+00	0.000000e+00
1.440000e+01	1.450000e+01	0.000000e+00	0.000000e+00	0.000000e+00
1.450000e+01	1.460000e+01	0.000000e+00	0.000000e+00	0.000000e+00
1.460000e+01	1.470000e+01	0.000000e+00	0.000000e+00	0.000000e+00
1.470000e+01	1.480000e+01	0.000000e+00	0.000000e+00	0.000000e+00
1.480000e+01	1.490000e+01	0.000000e+00	0.000000e+00	0.000000e+00
1.490000e+01	1.500000e+01	0.000000e+00	0.000000e+00	0.000000e+00
# END HISTO1D

# BEGIN HISTO1D //home/frederic/Work/Software/LesHouches2017/lh2017-alphas/rivet-analysis/quark-as012285-parton.yoda/MC_LHJSS_Zjet/log_Angularity_zcut_0.2_beta_2_alpha_1
LineColor=blue
LineStyle=solid
NormalizeToSum=1
Path=//home/frederic/Work/Software/LesHouches2017/lh2017-alphas/rivet-analysis/quark-as012285-parton.yoda/MC_LHJSS_Zjet/log_Angularity_zcut_0.2_beta_2_alpha_1
ScaledBy=1.14905547639840050e-05
Title=quark-as012285-parton
XLabel=
YLabel=
# xlow	 xhigh	 val	 errminus	 errplus
0.000000e+00	1.000000e-01	0.000000e+00	0.000000e+00	0.000000e+00
1.000000e-01	2.000000e-01	0.000000e+00	0.000000e+00	0.000000e+00
2.000000e-01	3.000000e-01	1.149055e-04	1.149055e-04	1.149055e-04
3.000000e-01	4.000000e-01	4.596222e-04	2.298111e-04	2.298111e-04
4.000000e-01	5.000000e-01	1.493772e-03	4.142978e-04	4.142978e-04
5.000000e-01	6.000000e-01	4.251505e-03	6.989431e-04	6.989431e-04
6.000000e-01	7.000000e-01	9.537160e-03	1.046840e-03	1.046840e-03
7.000000e-01	8.000000e-01	2.413017e-02	1.665140e-03	1.665140e-03
8.000000e-01	9.000000e-01	3.493129e-02	2.003447e-03	2.003447e-03
9.000000e-01	1.000000e+00	5.159259e-02	2.434805e-03	2.434805e-03
1.000000e+00	1.100000e+00	6.204900e-02	2.670164e-03	2.670164e-03
1.100000e+00	1.200000e+00	7.399917e-02	2.915976e-03	2.915976e-03
1.200000e+00	1.300000e+00	8.399596e-02	3.106703e-03	3.106703e-03
1.300000e+00	1.400000e+00	1.012318e-01	3.410585e-03	3.410585e-03
1.400000e+00	1.500000e+00	1.060578e-01	3.490935e-03	3.490935e-03
1.500000e+00	1.600000e+00	1.181229e-01	3.684153e-03	3.684153e-03
1.600000e+00	1.700000e+00	1.188123e-01	3.694888e-03	3.694888e-03
1.700000e+00	1.800000e+00	1.299582e-01	3.864314e-03	3.864314e-03
1.800000e+00	1.900000e+00	1.292687e-01	3.854050e-03	3.854050e-03
1.900000e+00	2.000000e+00	1.351289e-01	3.940439e-03	3.940439e-03
2.000000e+00	2.100000e+00	1.532840e-01	4.196806e-03	4.196806e-03
2.100000e+00	2.200000e+00	1.558119e-01	4.231270e-03	4.231270e-03
2.200000e+00	2.300000e+00	1.600634e-01	4.288610e-03	4.288610e-03
2.300000e+00	2.400000e+00	1.706347e-01	4.427966e-03	4.427966e-03
2.400000e+00	2.500000e+00	1.774142e-01	4.515071e-03	4.515071e-03
2.500000e+00	2.600000e+00	1.831594e-01	4.587596e-03	4.587596e-03
2.600000e+00	2.700000e+00	1.839638e-01	4.597658e-03	4.597658e-03
2.700000e+00	2.800000e+00	1.939606e-01	4.720926e-03	4.720926e-03
2.800000e+00	2.900000e+00	1.925817e-01	4.704116e-03	4.704116e-03
2.900000e+00	3.000000e+00	2.060256e-01	4.865541e-03	4.865541e-03
3.000000e+00	3.100000e+00	2.031530e-01	4.831502e-03	4.831502e-03
3.100000e+00	3.200000e+00	2.149883e-01	4.970246e-03	4.970246e-03
3.200000e+00	3.300000e+00	2.223422e-01	5.054539e-03	5.054539e-03
3.300000e+00	3.400000e+00	2.263639e-01	5.100046e-03	5.100046e-03
3.400000e+00	3.500000e+00	2.180907e-01	5.005979e-03	5.005979e-03
3.500000e+00	3.600000e+00	2.276279e-01	5.114265e-03	5.114265e-03
3.600000e+00	3.700000e+00	2.337179e-01	5.182227e-03	5.182227e-03
3.700000e+00	3.800000e+00	2.263639e-01	5.100046e-03	5.100046e-03
3.800000e+00	3.900000e+00	2.364756e-01	5.212711e-03	5.212711e-03
3.900000e+00	4.000000e+00	2.462426e-01	5.319271e-03	5.319271e-03
4.000000e+00	4.100000e+00	2.376247e-01	5.225360e-03	5.225360e-03
4.100000e+00	4.200000e+00	2.393483e-01	5.244277e-03	5.244277e-03
4.200000e+00	4.300000e+00	2.407271e-01	5.259361e-03	5.259361e-03
4.300000e+00	4.400000e+00	2.300409e-01	5.141301e-03	5.141301e-03
4.400000e+00	4.500000e+00	2.411867e-01	5.264379e-03	5.264379e-03
4.500000e+00	4.600000e+00	2.347520e-01	5.193680e-03	5.193680e-03
4.600000e+00	4.700000e+00	2.253298e-01	5.088383e-03	5.088383e-03
4.700000e+00	4.800000e+00	2.149883e-01	4.970246e-03	4.970246e-03
4.800000e+00	4.900000e+00	2.198143e-01	5.025722e-03	5.025722e-03
4.900000e+00	5.000000e+00	2.064853e-01	4.870965e-03	4.870965e-03
5.000000e+00	5.100000e+00	2.007400e-01	4.802722e-03	4.802722e-03
5.100000e+00	5.200000e+00	1.855725e-01	4.617717e-03	4.617717e-03
5.200000e+00	5.300000e+00	1.764949e-01	4.503360e-03	4.503360e-03
5.300000e+00	5.400000e+00	1.714391e-01	4.438389e-03	4.438389e-03
5.400000e+00	5.500000e+00	1.522499e-01	4.182625e-03	4.182625e-03
5.500000e+00	5.600000e+00	1.477685e-01	4.120609e-03	4.120609e-03
5.600000e+00	5.700000e+00	1.357035e-01	3.948807e-03	3.948807e-03
5.700000e+00	5.800000e+00	1.258216e-01	3.802315e-03	3.802315e-03
5.800000e+00	5.900000e+00	1.096199e-01	3.549075e-03	3.549075e-03
5.900000e+00	6.000000e+00	9.675047e-02	3.334242e-03	3.334242e-03
6.000000e+00	6.100000e+00	9.054557e-02	3.225553e-03	3.225553e-03
6.100000e+00	6.200000e+00	7.905502e-02	3.013944e-03	3.013944e-03
6.200000e+00	6.300000e+00	7.089672e-02	2.854195e-03	2.854195e-03
6.300000e+00	6.400000e+00	6.423220e-02	2.716733e-03	2.716733e-03
6.400000e+00	6.500000e+00	5.837202e-02	2.589840e-03	2.589840e-03
6.500000e+00	6.600000e+00	5.412051e-02	2.493742e-03	2.493742e-03
6.600000e+00	6.700000e+00	5.044354e-02	2.407539e-03	2.407539e-03
6.700000e+00	6.800000e+00	3.975732e-02	2.137367e-03	2.137367e-03
6.800000e+00	6.900000e+00	3.297789e-02	1.946623e-03	1.946623e-03
6.900000e+00	7.000000e+00	2.734752e-02	1.772677e-03	1.772677e-03
7.000000e+00	7.100000e+00	2.010847e-02	1.520058e-03	1.520058e-03
7.100000e+00	7.200000e+00	1.712093e-02	1.402601e-03	1.402601e-03
7.200000e+00	7.300000e+00	1.172037e-02	1.160489e-03	1.160489e-03
7.300000e+00	7.400000e+00	1.080112e-02	1.114051e-03	1.114051e-03
7.400000e+00	7.500000e+00	9.537160e-03	1.046840e-03	1.046840e-03
7.500000e+00	7.600000e+00	5.860183e-03	8.205897e-04	8.205897e-04
7.600000e+00	7.700000e+00	5.975088e-03	8.285957e-04	8.285957e-04
7.700000e+00	7.800000e+00	4.021694e-03	6.797904e-04	6.797904e-04
7.800000e+00	7.900000e+00	3.791883e-03	6.600821e-04	6.600821e-04
7.900000e+00	8.000000e+00	3.332261e-03	6.187853e-04	6.187853e-04
8.000000e+00	8.100000e+00	1.953394e-03	4.737677e-04	4.737677e-04
8.100000e+00	8.200000e+00	1.723583e-03	4.450273e-04	4.450273e-04
8.200000e+00	8.300000e+00	1.723583e-03	4.450273e-04	4.450273e-04
8.300000e+00	8.400000e+00	1.034150e-03	3.447167e-04	3.447167e-04
8.400000e+00	8.500000e+00	9.192444e-04	3.250020e-04	3.250020e-04
8.500000e+00	8.600000e+00	6.894333e-04	2.814600e-04	2.814600e-04
8.600000e+00	8.700000e+00	3.447166e-04	1.990222e-04	1.990222e-04
8.700000e+00	8.800000e+00	2.298111e-04	1.625010e-04	1.625010e-04
8.800000e+00	8.900000e+00	5.745277e-04	2.569366e-04	2.569366e-04
8.900000e+00	9.000000e+00	3.447166e-04	1.990222e-04	1.990222e-04
9.000000e+00	9.100000e+00	6.894333e-04	2.814600e-04	2.814600e-04
9.100000e+00	9.200000e+00	2.298111e-04	1.625010e-04	1.625010e-04
9.200000e+00	9.300000e+00	3.447166e-04	1.990222e-04	1.990222e-04
9.300000e+00	9.400000e+00	3.447166e-04	1.990222e-04	1.990222e-04
9.400000e+00	9.500000e+00	2.298111e-04	1.625010e-04	1.625010e-04
9.500000e+00	9.600000e+00	0.000000e+00	0.000000e+00	0.000000e+00
9.600000e+00	9.700000e+00	2.298111e-04	1.625010e-04	1.625010e-04
9.700000e+00	9.800000e+00	0.000000e+00	0.000000e+00	0.000000e+00
9.800000e+00	9.900000e+00	1.149055e-04	1.149055e-04	1.149055e-04
9.900000e+00	1.000000e+01	0.000000e+00	0.000000e+00	0.000000e+00
1.000000e+01	1.010000e+01	2.298111e-04	1.625010e-04	1.625010e-04
1.010000e+01	1.020000e+01	2.298111e-04	1.625010e-04	1.625010e-04
1.020000e+01	1.030000e+01	1.149055e-04	1.149055e-04	1.149055e-04
1.030000e+01	1.040000e+01	0.000000e+00	0.000000e+00	0.000000e+00
1.040000e+01	1.050000e+01	0.000000e+00	0.000000e+00	0.000000e+00
1.050000e+01	1.060000e+01	0.000000e+00	0.000000e+00	0.000000e+00
1.060000e+01	1.070000e+01	0.000000e+00	0.000000e+00	0.000000e+00
1.070000e+01	1.080000e+01	0.000000e+00	0.000000e+00	0.000000e+00
1.080000e+01	1.090000e+01	0.000000e+00	0.000000e+00	0.000000e+00
1.090000e+01	1.100000e+01	0.000000e+00	0.000000e+00	0.000000e+00
1.100000e+01	1.110000e+01	0.000000e+00	0.000000e+00	0.000000e+00
1.110000e+01	1.120000e+01	0.000000e+00	0.000000e+00	0.000000e+00
1.120000e+01	1.130000e+01	1.149055e-04	1.149055e-04	1.149055e-04
1.130000e+01	1.140000e+01	0.000000e+00	0.000000e+00	0.000000e+00
1.140000e+01	1.150000e+01	0.000000e+00	0.000000e+00	0.000000e+00
1.150000e+01	1.160000e+01	0.000000e+00	0.000000e+00	0.000000e+00
1.160000e+01	1.170000e+01	0.000000e+00	0.000000e+00	0.000000e+00
1.170000e+01	1.180000e+01	0.000000e+00	0.000000e+00	0.000000e+00
1.180000e+01	1.190000e+01	0.000000e+00	0.000000e+00	0.000000e+00
1.190000e+01	1.200000e+01	0.000000e+00	0.000000e+00	0.000000e+00
1.200000e+01	1.210000e+01	0.000000e+00	0.000000e+00	0.000000e+00
1.210000e+01	1.220000e+01	0.000000e+00	0.000000e+00	0.000000e+00
1.220000e+01	1.230000e+01	0.000000e+00	0.000000e+00	0.000000e+00
1.230000e+01	1.240000e+01	0.000000e+00	0.000000e+00	0.000000e+00
1.240000e+01	1.250000e+01	0.000000e+00	0.000000e+00	0.000000e+00
1.250000e+01	1.260000e+01	0.000000e+00	0.000000e+00	0.000000e+00
1.260000e+01	1.270000e+01	0.000000e+00	0.000000e+00	0.000000e+00
1.270000e+01	1.280000e+01	0.000000e+00	0.000000e+00	0.000000e+00
1.280000e+01	1.290000e+01	0.000000e+00	0.000000e+00	0.000000e+00
1.290000e+01	1.300000e+01	0.000000e+00	0.000000e+00	0.000000e+00
1.300000e+01	1.310000e+01	0.000000e+00	0.000000e+00	0.000000e+00
1.310000e+01	1.320000e+01	0.000000e+00	0.000000e+00	0.000000e+00
1.320000e+01	1.330000e+01	0.000000e+00	0.000000e+00	0.000000e+00
1.330000e+01	1.340000e+01	0.000000e+00	0.000000e+00	0.000000e+00
1.340000e+01	1.350000e+01	0.000000e+00	0.000000e+00	0.000000e+00
1.350000e+01	1.360000e+01	0.000000e+00	0.000000e+00	0.000000e+00
1.360000e+01	1.370000e+01	0.000000e+00	0.000000e+00	0.000000e+00
1.370000e+01	1.380000e+01	0.000000e+00	0.000000e+00	0.000000e+00
1.380000e+01	1.390000e+01	0.000000e+00	0.000000e+00	0.000000e+00
1.390000e+01	1.400000e+01	0.000000e+00	0.000000e+00	0.000000e+00
1.400000e+01	1.410000e+01	0.000000e+00	0.000000e+00	0.000000e+00
1.410000e+01	1.420000e+01	0.000000e+00	0.000000e+00	0.000000e+00
1.420000e+01	1.430000e+01	0.000000e+00	0.000000e+00	0.000000e+00
1.430000e+01	1.440000e+01	0.000000e+00	0.000000e+00	0.000000e+00
1.440000e+01	1.450000e+01	0.000000e+00	0.000000e+00	0.000000e+00
1.450000e+01	1.460000e+01	0.000000e+00	0.000000e+00	0.000000e+00
1.460000e+01	1.470000e+01	0.000000e+00	0.000000e+00	0.000000e+00
1.470000e+01	1.480000e+01	0.000000e+00	0.000000e+00	0.000000e+00
1.480000e+01	1.490000e+01	0.000000e+00	0.000000e+00	0.000000e+00
1.490000e+01	1.500000e+01	0.000000e+00	0.000000e+00	0.000000e+00
# END HISTO1D

# BEGIN HISTO1D //home/frederic/Work/Software/LesHouches2017/lh2017-alphas/rivet-analysis/quark-as015015-parton.yoda/MC_LHJSS_Zjet/log_Angularity_zcut_0.2_beta_2_alpha_1
LineColor=green
LineStyle=solid
NormalizeToSum=1
Path=//home/frederic/Work/Software/LesHouches2017/lh2017-alphas/rivet-analysis/quark-as015015-parton.yoda/MC_LHJSS_Zjet/log_Angularity_zcut_0.2_beta_2_alpha_1
ScaledBy=8.25334466792667666e-06
Title=quark-as015015-parton
XLabel=
YLabel=
# xlow	 xhigh	 val	 errminus	 errplus
0.000000e+00	1.000000e-01	0.000000e+00	0.000000e+00	0.000000e+00
1.000000e-01	2.000000e-01	8.253345e-05	8.253345e-05	8.253345e-05
2.000000e-01	3.000000e-01	2.476003e-04	1.429521e-04	1.429521e-04
3.000000e-01	4.000000e-01	1.320535e-03	3.301338e-04	3.301338e-04
4.000000e-01	5.000000e-01	1.815736e-03	3.871161e-04	3.871161e-04
5.000000e-01	6.000000e-01	7.262943e-03	7.742323e-04	7.742323e-04
6.000000e-01	7.000000e-01	1.724949e-02	1.193172e-03	1.193172e-03
7.000000e-01	8.000000e-01	3.532432e-02	1.707465e-03	1.707465e-03
8.000000e-01	9.000000e-01	4.918993e-02	2.014898e-03	2.014898e-03
9.000000e-01	1.000000e+00	6.355075e-02	2.290210e-03	2.290210e-03
1.000000e+00	1.100000e+00	8.212078e-02	2.603404e-03	2.603404e-03
1.100000e+00	1.200000e+00	9.813227e-02	2.845908e-03	2.845908e-03
1.200000e+00	1.300000e+00	1.071284e-01	2.973496e-03	2.973496e-03
1.300000e+00	1.400000e+00	1.208290e-01	3.157916e-03	3.157916e-03
1.400000e+00	1.500000e+00	1.289172e-01	3.261898e-03	3.261898e-03
1.500000e+00	1.600000e+00	1.448462e-01	3.457551e-03	3.457551e-03
1.600000e+00	1.700000e+00	1.502934e-01	3.521964e-03	3.521964e-03
1.700000e+00	1.800000e+00	1.587944e-01	3.620200e-03	3.620200e-03
1.800000e+00	1.900000e+00	1.712569e-01	3.759577e-03	3.759577e-03
1.900000e+00	2.000000e+00	1.838020e-01	3.894844e-03	3.894844e-03
2.000000e+00	2.100000e+00	1.866081e-01	3.924463e-03	3.924463e-03
2.100000e+00	2.200000e+00	1.999785e-01	4.062625e-03	4.062625e-03
2.200000e+00	2.300000e+00	2.121110e-01	4.184047e-03	4.184047e-03
2.300000e+00	2.400000e+00	2.114507e-01	4.177529e-03	4.177529e-03
2.400000e+00	2.500000e+00	2.240783e-01	4.300460e-03	4.300460e-03
2.500000e+00	2.600000e+00	2.316714e-01	4.372715e-03	4.372715e-03
2.600000e+00	2.700000e+00	2.405850e-01	4.456042e-03	4.456042e-03
2.700000e+00	2.800000e+00	2.494986e-01	4.537839e-03	4.537839e-03
2.800000e+00	2.900000e+00	2.568441e-01	4.604154e-03	4.604154e-03
2.900000e+00	3.000000e+00	2.683162e-01	4.705854e-03	4.705854e-03
3.000000e+00	3.100000e+00	2.730206e-01	4.746928e-03	4.746928e-03
3.100000e+00	3.200000e+00	2.804487e-01	4.811070e-03	4.811070e-03
3.200000e+00	3.300000e+00	2.797059e-01	4.804695e-03	4.804695e-03
3.300000e+00	3.400000e+00	2.941492e-01	4.927185e-03	4.927185e-03
3.400000e+00	3.500000e+00	2.941492e-01	4.927185e-03	4.927185e-03
3.500000e+00	3.600000e+00	3.076847e-01	5.039274e-03	5.039274e-03
3.600000e+00	3.700000e+00	2.943968e-01	4.929258e-03	4.929258e-03
3.700000e+00	3.800000e+00	2.987711e-01	4.965744e-03	4.965744e-03
3.800000e+00	3.900000e+00	2.894448e-01	4.887625e-03	4.887625e-03
3.900000e+00	4.000000e+00	2.918383e-01	4.907792e-03	4.907792e-03
4.000000e+00	4.100000e+00	2.918383e-01	4.907792e-03	4.907792e-03
4.100000e+00	4.200000e+00	2.806963e-01	4.813193e-03	4.813193e-03
4.200000e+00	4.300000e+00	2.787980e-01	4.796891e-03	4.796891e-03
4.300000e+00	4.400000e+00	2.702145e-01	4.722471e-03	4.722471e-03
4.400000e+00	4.500000e+00	2.546982e-01	4.584879e-03	4.584879e-03
4.500000e+00	4.600000e+00	2.441339e-01	4.488788e-03	4.488788e-03
4.600000e+00	4.700000e+00	2.351378e-01	4.405307e-03	4.405307e-03
4.700000e+00	4.800000e+00	2.042703e-01	4.105987e-03	4.105987e-03
4.800000e+00	4.900000e+00	1.956868e-01	4.018795e-03	4.018795e-03
4.900000e+00	5.000000e+00	1.752185e-01	3.802813e-03	3.802813e-03
5.000000e+00	5.100000e+00	1.484777e-01	3.500624e-03	3.500624e-03
5.100000e+00	5.200000e+00	1.311456e-01	3.289970e-03	3.289970e-03
5.200000e+00	5.300000e+00	1.082013e-01	2.988349e-03	2.988349e-03
5.300000e+00	5.400000e+00	9.367546e-02	2.780532e-03	2.780532e-03
5.400000e+00	5.500000e+00	7.271197e-02	2.449728e-03	2.449728e-03
5.500000e+00	5.600000e+00	5.917648e-02	2.209986e-03	2.209986e-03
5.600000e+00	5.700000e+00	4.852967e-02	2.001330e-03	2.001330e-03
5.700000e+00	5.800000e+00	3.829552e-02	1.777825e-03	1.777825e-03
5.800000e+00	5.900000e+00	3.194044e-02	1.623624e-03	1.623624e-03
5.900000e+00	6.000000e+00	2.426483e-02	1.415154e-03	1.415154e-03
6.000000e+00	6.100000e+00	1.857003e-02	1.238002e-03	1.238002e-03
6.100000e+00	6.200000e+00	1.568135e-02	1.137645e-03	1.137645e-03
6.200000e+00	6.300000e+00	1.238002e-02	1.010824e-03	1.010824e-03
6.300000e+00	6.400000e+00	9.408813e-03	8.812161e-04	8.812161e-04
6.400000e+00	6.500000e+00	6.355075e-03	7.242281e-04	7.242281e-04
6.500000e+00	6.600000e+00	7.015343e-03	7.609208e-04	7.609208e-04
6.600000e+00	6.700000e+00	4.952007e-03	6.393013e-04	6.393013e-04
6.700000e+00	6.800000e+00	4.291739e-03	5.951571e-04	5.951571e-04
6.800000e+00	6.900000e+00	3.383871e-03	5.284719e-04	5.284719e-04
6.900000e+00	7.000000e+00	2.476003e-03	4.520543e-04	4.520543e-04
7.000000e+00	7.100000e+00	2.063336e-03	4.126672e-04	4.126672e-04
7.100000e+00	7.200000e+00	2.145870e-03	4.208396e-04	4.208396e-04
7.200000e+00	7.300000e+00	1.733202e-03	3.782158e-04	3.782158e-04
7.300000e+00	7.400000e+00	1.238002e-03	3.196506e-04	3.196506e-04
7.400000e+00	7.500000e+00	1.403069e-03	3.402941e-04	3.402941e-04
7.500000e+00	7.600000e+00	1.238002e-03	3.196506e-04	3.196506e-04
7.600000e+00	7.700000e+00	8.253345e-04	2.609937e-04	2.609937e-04
7.700000e+00	7.800000e+00	7.428010e-04	2.476003e-04	2.476003e-04
7.800000e+00	7.900000e+00	4.126672e-04	1.845504e-04	1.845504e-04
7.900000e+00	8.000000e+00	4.952007e-04	2.021648e-04	2.021648e-04
8.000000e+00	8.100000e+00	9.904014e-04	2.859042e-04	2.859042e-04
8.100000e+00	8.200000e+00	3.301338e-04	1.650669e-04	1.650669e-04
8.200000e+00	8.300000e+00	1.650669e-04	1.167199e-04	1.167199e-04
8.300000e+00	8.400000e+00	2.476003e-04	1.429521e-04	1.429521e-04
8.400000e+00	8.500000e+00	1.650669e-04	1.167199e-04	1.167199e-04
8.500000e+00	8.600000e+00	3.301338e-04	1.650669e-04	1.650669e-04
8.600000e+00	8.700000e+00	1.650669e-04	1.167199e-04	1.167199e-04
8.700000e+00	8.800000e+00	1.650669e-04	1.167199e-04	1.167199e-04
8.800000e+00	8.900000e+00	2.476003e-04	1.429521e-04	1.429521e-04
8.900000e+00	9.000000e+00	2.476003e-04	1.429521e-04	1.429521e-04
9.000000e+00	9.100000e+00	1.650669e-04	1.167199e-04	1.167199e-04
9.100000e+00	9.200000e+00	1.650669e-04	1.167199e-04	1.167199e-04
9.200000e+00	9.300000e+00	0.000000e+00	0.000000e+00	0.000000e+00
9.300000e+00	9.400000e+00	8.253345e-05	8.253345e-05	8.253345e-05
9.400000e+00	9.500000e+00	0.000000e+00	0.000000e+00	0.000000e+00
9.500000e+00	9.600000e+00	0.000000e+00	0.000000e+00	0.000000e+00
9.600000e+00	9.700000e+00	0.000000e+00	0.000000e+00	0.000000e+00
9.700000e+00	9.800000e+00	0.000000e+00	0.000000e+00	0.000000e+00
9.800000e+00	9.900000e+00	0.000000e+00	0.000000e+00	0.000000e+00
9.900000e+00	1.000000e+01	8.253345e-05	8.253345e-05	8.253345e-05
1.000000e+01	1.010000e+01	0.000000e+00	0.000000e+00	0.000000e+00
1.010000e+01	1.020000e+01	8.253345e-05	8.253345e-05	8.253345e-05
1.020000e+01	1.030000e+01	0.000000e+00	0.000000e+00	0.000000e+00
1.030000e+01	1.040000e+01	0.000000e+00	0.000000e+00	0.000000e+00
1.040000e+01	1.050000e+01	0.000000e+00	0.000000e+00	0.000000e+00
1.050000e+01	1.060000e+01	0.000000e+00	0.000000e+00	0.000000e+00
1.060000e+01	1.070000e+01	0.000000e+00	0.000000e+00	0.000000e+00
1.070000e+01	1.080000e+01	0.000000e+00	0.000000e+00	0.000000e+00
1.080000e+01	1.090000e+01	0.000000e+00	0.000000e+00	0.000000e+00
1.090000e+01	1.100000e+01	0.000000e+00	0.000000e+00	0.000000e+00
1.100000e+01	1.110000e+01	0.000000e+00	0.000000e+00	0.000000e+00
1.110000e+01	1.120000e+01	0.000000e+00	0.000000e+00	0.000000e+00
1.120000e+01	1.130000e+01	0.000000e+00	0.000000e+00	0.000000e+00
1.130000e+01	1.140000e+01	0.000000e+00	0.000000e+00	0.000000e+00
1.140000e+01	1.150000e+01	0.000000e+00	0.000000e+00	0.000000e+00
1.150000e+01	1.160000e+01	0.000000e+00	0.000000e+00	0.000000e+00
1.160000e+01	1.170000e+01	0.000000e+00	0.000000e+00	0.000000e+00
1.170000e+01	1.180000e+01	0.000000e+00	0.000000e+00	0.000000e+00
1.180000e+01	1.190000e+01	0.000000e+00	0.000000e+00	0.000000e+00
1.190000e+01	1.200000e+01	0.000000e+00	0.000000e+00	0.000000e+00
1.200000e+01	1.210000e+01	0.000000e+00	0.000000e+00	0.000000e+00
1.210000e+01	1.220000e+01	0.000000e+00	0.000000e+00	0.000000e+00
1.220000e+01	1.230000e+01	0.000000e+00	0.000000e+00	0.000000e+00
1.230000e+01	1.240000e+01	0.000000e+00	0.000000e+00	0.000000e+00
1.240000e+01	1.250000e+01	0.000000e+00	0.000000e+00	0.000000e+00
1.250000e+01	1.260000e+01	0.000000e+00	0.000000e+00	0.000000e+00
1.260000e+01	1.270000e+01	0.000000e+00	0.000000e+00	0.000000e+00
1.270000e+01	1.280000e+01	0.000000e+00	0.000000e+00	0.000000e+00
1.280000e+01	1.290000e+01	0.000000e+00	0.000000e+00	0.000000e+00
1.290000e+01	1.300000e+01	0.000000e+00	0.000000e+00	0.000000e+00
1.300000e+01	1.310000e+01	0.000000e+00	0.000000e+00	0.000000e+00
1.310000e+01	1.320000e+01	0.000000e+00	0.000000e+00	0.000000e+00
1.320000e+01	1.330000e+01	0.000000e+00	0.000000e+00	0.000000e+00
1.330000e+01	1.340000e+01	0.000000e+00	0.000000e+00	0.000000e+00
1.340000e+01	1.350000e+01	0.000000e+00	0.000000e+00	0.000000e+00
1.350000e+01	1.360000e+01	0.000000e+00	0.000000e+00	0.000000e+00
1.360000e+01	1.370000e+01	0.000000e+00	0.000000e+00	0.000000e+00
1.370000e+01	1.380000e+01	0.000000e+00	0.000000e+00	0.000000e+00
1.380000e+01	1.390000e+01	0.000000e+00	0.000000e+00	0.000000e+00
1.390000e+01	1.400000e+01	0.000000e+00	0.000000e+00	0.000000e+00
1.400000e+01	1.410000e+01	0.000000e+00	0.000000e+00	0.000000e+00
1.410000e+01	1.420000e+01	0.000000e+00	0.000000e+00	0.000000e+00
1.420000e+01	1.430000e+01	0.000000e+00	0.000000e+00	0.000000e+00
1.430000e+01	1.440000e+01	0.000000e+00	0.000000e+00	0.000000e+00
1.440000e+01	1.450000e+01	0.000000e+00	0.000000e+00	0.000000e+00
1.450000e+01	1.460000e+01	0.000000e+00	0.000000e+00	0.000000e+00
1.460000e+01	1.470000e+01	0.000000e+00	0.000000e+00	0.000000e+00
1.470000e+01	1.480000e+01	0.000000e+00	0.000000e+00	0.000000e+00
1.480000e+01	1.490000e+01	0.000000e+00	0.000000e+00	0.000000e+00
1.490000e+01	1.500000e+01	0.000000e+00	0.000000e+00	0.000000e+00
# END HISTO1D

