# BEGIN PLOT
LegendOnly=//home/frederic/Work/Software/LesHouches2017/lh2017-alphas/rivet-analysis/quark-as013650-parton.yoda/MC_LHJSS_Zjet/log_theta_g_zcut_0.05_beta_1_alpha_2 //home/frederic/Work/Software/LesHouches2017/lh2017-alphas/rivet-analysis/quark-as012285-parton.yoda/MC_LHJSS_Zjet/log_theta_g_zcut_0.05_beta_1_alpha_2 //home/frederic/Work/Software/LesHouches2017/lh2017-alphas/rivet-analysis/quark-as015015-parton.yoda/MC_LHJSS_Zjet/log_theta_g_zcut_0.05_beta_1_alpha_2
DrawOnly=//home/frederic/Work/Software/LesHouches2017/lh2017-alphas/rivet-analysis/quark-as013650-parton.yoda/MC_LHJSS_Zjet/log_theta_g_zcut_0.05_beta_1_alpha_2 //home/frederic/Work/Software/LesHouches2017/lh2017-alphas/rivet-analysis/quark-as012285-parton.yoda/MC_LHJSS_Zjet/log_theta_g_zcut_0.05_beta_1_alpha_2 //home/frederic/Work/Software/LesHouches2017/lh2017-alphas/rivet-analysis/quark-as015015-parton.yoda/MC_LHJSS_Zjet/log_theta_g_zcut_0.05_beta_1_alpha_2
Title=$\theta_g$, $\alpha$ = 2 $z_{cut}$ = 0.05 $\beta$ = 1
RatioPlot=1
LogX=0
LogY=0
RatioPlotYLabel=Ratio
RatioPlotReference=//home/frederic/Work/Software/LesHouches2017/lh2017-alphas/rivet-analysis/quark-as013650-parton.yoda/MC_LHJSS_Zjet/log_theta_g_zcut_0.05_beta_1_alpha_2
XLabel=$\theta_g$
YLabel=$1/\sigma \text{d}\sigma/\text{d}\theta_g$
Legend=1
# END PLOT

# BEGIN HISTO1D //home/frederic/Work/Software/LesHouches2017/lh2017-alphas/rivet-analysis/quark-as013650-parton.yoda/MC_LHJSS_Zjet/log_theta_g_zcut_0.05_beta_1_alpha_2
LineColor=red
LineStyle=solid
NormalizeToSum=1
Path=//home/frederic/Work/Software/LesHouches2017/lh2017-alphas/rivet-analysis/quark-as013650-parton.yoda/MC_LHJSS_Zjet/log_theta_g_zcut_0.05_beta_1_alpha_2
ScaledBy=4.84810875277554230e-06
Title=quark-as013650-parton
XLabel=
YLabel=
# xlow	 xhigh	 val	 errminus	 errplus
0.000000e+00	1.000000e-01	8.193304e-03	6.302542e-04	6.302542e-04
1.000000e-01	2.000000e-01	6.229820e-02	1.737896e-03	1.737896e-03
2.000000e-01	3.000000e-01	2.649007e-01	3.583667e-03	3.583667e-03
3.000000e-01	4.000000e-01	3.392707e-01	4.055639e-03	4.055639e-03
4.000000e-01	5.000000e-01	3.411129e-01	4.066636e-03	4.066636e-03
5.000000e-01	6.000000e-01	3.399009e-01	4.059405e-03	4.059405e-03
6.000000e-01	7.000000e-01	3.370405e-01	4.042288e-03	4.042288e-03
7.000000e-01	8.000000e-01	3.448460e-01	4.088827e-03	4.088827e-03
8.000000e-01	9.000000e-01	3.363133e-01	4.037924e-03	4.037924e-03
9.000000e-01	1.000000e+00	3.304471e-01	4.002553e-03	4.002553e-03
1.000000e+00	1.100000e+00	3.332105e-01	4.019255e-03	4.019255e-03
1.100000e+00	1.200000e+00	3.353922e-01	4.032391e-03	4.032391e-03
1.200000e+00	1.300000e+00	3.392707e-01	4.055639e-03	4.055639e-03
1.300000e+00	1.400000e+00	3.448945e-01	4.089115e-03	4.089115e-03
1.400000e+00	1.500000e+00	3.561906e-01	4.155540e-03	4.155540e-03
1.500000e+00	1.600000e+00	3.564330e-01	4.156953e-03	4.156953e-03
1.600000e+00	1.700000e+00	3.585176e-01	4.169092e-03	4.169092e-03
1.700000e+00	1.800000e+00	3.721408e-01	4.247563e-03	4.247563e-03
1.800000e+00	1.900000e+00	3.762132e-01	4.270741e-03	4.270741e-03
1.900000e+00	2.000000e+00	3.773283e-01	4.277066e-03	4.277066e-03
2.000000e+00	2.100000e+00	3.737407e-01	4.256684e-03	4.256684e-03
2.100000e+00	2.200000e+00	3.599236e-01	4.177259e-03	4.177259e-03
2.200000e+00	2.300000e+00	3.336468e-01	4.021885e-03	4.021885e-03
2.300000e+00	2.400000e+00	3.132363e-01	3.896927e-03	3.896927e-03
2.400000e+00	2.500000e+00	2.844870e-01	3.713791e-03	3.713791e-03
2.500000e+00	2.600000e+00	2.522956e-01	3.497365e-03	3.497365e-03
2.600000e+00	2.700000e+00	2.242735e-01	3.297426e-03	3.297426e-03
2.700000e+00	2.800000e+00	1.979968e-01	3.098241e-03	3.098241e-03
2.800000e+00	2.900000e+00	1.692960e-01	2.864900e-03	2.864900e-03
2.900000e+00	3.000000e+00	1.524730e-01	2.718834e-03	2.718834e-03
3.000000e+00	3.100000e+00	1.365227e-01	2.572697e-03	2.572697e-03
3.100000e+00	3.200000e+00	1.136882e-01	2.347706e-03	2.347706e-03
3.200000e+00	3.300000e+00	9.870749e-02	2.187566e-03	2.187566e-03
3.300000e+00	3.400000e+00	8.547216e-02	2.035628e-03	2.035628e-03
3.400000e+00	3.500000e+00	7.451543e-02	1.900681e-03	1.900681e-03
3.500000e+00	3.600000e+00	6.438288e-02	1.766735e-03	1.766735e-03
3.600000e+00	3.700000e+00	5.987414e-02	1.703750e-03	1.703750e-03
3.700000e+00	3.800000e+00	5.289287e-02	1.601344e-03	1.601344e-03
3.800000e+00	3.900000e+00	4.591159e-02	1.491926e-03	1.491926e-03
3.900000e+00	4.000000e+00	3.703955e-02	1.340044e-03	1.340044e-03
4.000000e+00	4.100000e+00	3.505183e-02	1.303592e-03	1.303592e-03
4.100000e+00	4.200000e+00	3.049460e-02	1.215900e-03	1.215900e-03
4.200000e+00	4.300000e+00	2.700397e-02	1.144195e-03	1.144195e-03
4.300000e+00	4.400000e+00	2.356181e-02	1.068785e-03	1.068785e-03
4.400000e+00	4.500000e+00	1.900459e-02	9.598766e-04	9.598766e-04
4.500000e+00	4.600000e+00	1.759863e-02	9.236888e-04	9.236888e-04
4.600000e+00	4.700000e+00	1.391407e-02	8.213217e-04	8.213217e-04
4.700000e+00	4.800000e+00	1.372015e-02	8.155781e-04	8.155781e-04
4.800000e+00	4.900000e+00	1.124761e-02	7.384419e-04	7.384419e-04
4.900000e+00	5.000000e+00	9.696218e-03	6.856261e-04	6.856261e-04
5.000000e+00	5.100000e+00	1.027799e-02	7.058953e-04	7.058953e-04
5.100000e+00	5.200000e+00	8.532671e-03	6.431743e-04	6.431743e-04
5.200000e+00	5.300000e+00	7.223682e-03	5.917871e-04	5.917871e-04
5.300000e+00	5.400000e+00	5.575325e-03	5.199017e-04	5.199017e-04
5.400000e+00	5.500000e+00	5.042033e-03	4.944120e-04	4.944120e-04
5.500000e+00	5.600000e+00	3.830006e-03	4.309094e-04	4.309094e-04
5.600000e+00	5.700000e+00	2.181649e-03	3.252210e-04	3.252210e-04
5.700000e+00	5.800000e+00	1.648357e-03	2.826909e-04	2.826909e-04
5.800000e+00	5.900000e+00	9.211407e-04	2.113242e-04	2.113242e-04
5.900000e+00	6.000000e+00	2.908865e-04	1.187539e-04	1.187539e-04
6.000000e+00	6.100000e+00	3.393676e-04	1.282689e-04	1.282689e-04
6.100000e+00	6.200000e+00	2.908865e-04	1.187539e-04	1.187539e-04
6.200000e+00	6.300000e+00	1.454433e-04	8.397171e-05	8.397171e-05
6.300000e+00	6.400000e+00	9.696218e-05	6.856261e-05	6.856261e-05
6.400000e+00	6.500000e+00	1.454433e-04	8.397171e-05	8.397171e-05
6.500000e+00	6.600000e+00	1.454433e-04	8.397171e-05	8.397171e-05
6.600000e+00	6.700000e+00	0.000000e+00	0.000000e+00	0.000000e+00
6.700000e+00	6.800000e+00	0.000000e+00	0.000000e+00	0.000000e+00
6.800000e+00	6.900000e+00	4.848109e-05	4.848109e-05	4.848109e-05
6.900000e+00	7.000000e+00	0.000000e+00	0.000000e+00	0.000000e+00
7.000000e+00	7.100000e+00	1.454433e-04	8.397171e-05	8.397171e-05
7.100000e+00	7.200000e+00	9.696218e-05	6.856261e-05	6.856261e-05
7.200000e+00	7.300000e+00	0.000000e+00	0.000000e+00	0.000000e+00
7.300000e+00	7.400000e+00	0.000000e+00	0.000000e+00	0.000000e+00
7.400000e+00	7.500000e+00	0.000000e+00	0.000000e+00	0.000000e+00
7.500000e+00	7.600000e+00	0.000000e+00	0.000000e+00	0.000000e+00
7.600000e+00	7.700000e+00	0.000000e+00	0.000000e+00	0.000000e+00
7.700000e+00	7.800000e+00	0.000000e+00	0.000000e+00	0.000000e+00
7.800000e+00	7.900000e+00	0.000000e+00	0.000000e+00	0.000000e+00
7.900000e+00	8.000000e+00	0.000000e+00	0.000000e+00	0.000000e+00
8.000000e+00	8.100000e+00	0.000000e+00	0.000000e+00	0.000000e+00
8.100000e+00	8.200000e+00	0.000000e+00	0.000000e+00	0.000000e+00
8.200000e+00	8.300000e+00	0.000000e+00	0.000000e+00	0.000000e+00
8.300000e+00	8.400000e+00	0.000000e+00	0.000000e+00	0.000000e+00
8.400000e+00	8.500000e+00	0.000000e+00	0.000000e+00	0.000000e+00
8.500000e+00	8.600000e+00	0.000000e+00	0.000000e+00	0.000000e+00
8.600000e+00	8.700000e+00	0.000000e+00	0.000000e+00	0.000000e+00
8.700000e+00	8.800000e+00	0.000000e+00	0.000000e+00	0.000000e+00
8.800000e+00	8.900000e+00	0.000000e+00	0.000000e+00	0.000000e+00
8.900000e+00	9.000000e+00	0.000000e+00	0.000000e+00	0.000000e+00
9.000000e+00	9.100000e+00	0.000000e+00	0.000000e+00	0.000000e+00
9.100000e+00	9.200000e+00	0.000000e+00	0.000000e+00	0.000000e+00
9.200000e+00	9.300000e+00	0.000000e+00	0.000000e+00	0.000000e+00
9.300000e+00	9.400000e+00	0.000000e+00	0.000000e+00	0.000000e+00
9.400000e+00	9.500000e+00	0.000000e+00	0.000000e+00	0.000000e+00
9.500000e+00	9.600000e+00	0.000000e+00	0.000000e+00	0.000000e+00
9.600000e+00	9.700000e+00	0.000000e+00	0.000000e+00	0.000000e+00
9.700000e+00	9.800000e+00	0.000000e+00	0.000000e+00	0.000000e+00
9.800000e+00	9.900000e+00	0.000000e+00	0.000000e+00	0.000000e+00
9.900000e+00	1.000000e+01	0.000000e+00	0.000000e+00	0.000000e+00
1.000000e+01	1.010000e+01	0.000000e+00	0.000000e+00	0.000000e+00
1.010000e+01	1.020000e+01	0.000000e+00	0.000000e+00	0.000000e+00
1.020000e+01	1.030000e+01	0.000000e+00	0.000000e+00	0.000000e+00
1.030000e+01	1.040000e+01	0.000000e+00	0.000000e+00	0.000000e+00
1.040000e+01	1.050000e+01	0.000000e+00	0.000000e+00	0.000000e+00
1.050000e+01	1.060000e+01	0.000000e+00	0.000000e+00	0.000000e+00
1.060000e+01	1.070000e+01	0.000000e+00	0.000000e+00	0.000000e+00
1.070000e+01	1.080000e+01	0.000000e+00	0.000000e+00	0.000000e+00
1.080000e+01	1.090000e+01	0.000000e+00	0.000000e+00	0.000000e+00
1.090000e+01	1.100000e+01	0.000000e+00	0.000000e+00	0.000000e+00
1.100000e+01	1.110000e+01	0.000000e+00	0.000000e+00	0.000000e+00
1.110000e+01	1.120000e+01	0.000000e+00	0.000000e+00	0.000000e+00
1.120000e+01	1.130000e+01	0.000000e+00	0.000000e+00	0.000000e+00
1.130000e+01	1.140000e+01	0.000000e+00	0.000000e+00	0.000000e+00
1.140000e+01	1.150000e+01	0.000000e+00	0.000000e+00	0.000000e+00
1.150000e+01	1.160000e+01	0.000000e+00	0.000000e+00	0.000000e+00
1.160000e+01	1.170000e+01	0.000000e+00	0.000000e+00	0.000000e+00
1.170000e+01	1.180000e+01	0.000000e+00	0.000000e+00	0.000000e+00
1.180000e+01	1.190000e+01	0.000000e+00	0.000000e+00	0.000000e+00
1.190000e+01	1.200000e+01	0.000000e+00	0.000000e+00	0.000000e+00
1.200000e+01	1.210000e+01	0.000000e+00	0.000000e+00	0.000000e+00
1.210000e+01	1.220000e+01	0.000000e+00	0.000000e+00	0.000000e+00
1.220000e+01	1.230000e+01	0.000000e+00	0.000000e+00	0.000000e+00
1.230000e+01	1.240000e+01	0.000000e+00	0.000000e+00	0.000000e+00
1.240000e+01	1.250000e+01	0.000000e+00	0.000000e+00	0.000000e+00
1.250000e+01	1.260000e+01	0.000000e+00	0.000000e+00	0.000000e+00
1.260000e+01	1.270000e+01	0.000000e+00	0.000000e+00	0.000000e+00
1.270000e+01	1.280000e+01	0.000000e+00	0.000000e+00	0.000000e+00
1.280000e+01	1.290000e+01	0.000000e+00	0.000000e+00	0.000000e+00
1.290000e+01	1.300000e+01	0.000000e+00	0.000000e+00	0.000000e+00
1.300000e+01	1.310000e+01	0.000000e+00	0.000000e+00	0.000000e+00
1.310000e+01	1.320000e+01	0.000000e+00	0.000000e+00	0.000000e+00
1.320000e+01	1.330000e+01	0.000000e+00	0.000000e+00	0.000000e+00
1.330000e+01	1.340000e+01	0.000000e+00	0.000000e+00	0.000000e+00
1.340000e+01	1.350000e+01	0.000000e+00	0.000000e+00	0.000000e+00
1.350000e+01	1.360000e+01	0.000000e+00	0.000000e+00	0.000000e+00
1.360000e+01	1.370000e+01	0.000000e+00	0.000000e+00	0.000000e+00
1.370000e+01	1.380000e+01	0.000000e+00	0.000000e+00	0.000000e+00
1.380000e+01	1.390000e+01	0.000000e+00	0.000000e+00	0.000000e+00
1.390000e+01	1.400000e+01	0.000000e+00	0.000000e+00	0.000000e+00
1.400000e+01	1.410000e+01	0.000000e+00	0.000000e+00	0.000000e+00
1.410000e+01	1.420000e+01	0.000000e+00	0.000000e+00	0.000000e+00
1.420000e+01	1.430000e+01	0.000000e+00	0.000000e+00	0.000000e+00
1.430000e+01	1.440000e+01	0.000000e+00	0.000000e+00	0.000000e+00
1.440000e+01	1.450000e+01	0.000000e+00	0.000000e+00	0.000000e+00
1.450000e+01	1.460000e+01	0.000000e+00	0.000000e+00	0.000000e+00
1.460000e+01	1.470000e+01	0.000000e+00	0.000000e+00	0.000000e+00
1.470000e+01	1.480000e+01	0.000000e+00	0.000000e+00	0.000000e+00
1.480000e+01	1.490000e+01	0.000000e+00	0.000000e+00	0.000000e+00
1.490000e+01	1.500000e+01	0.000000e+00	0.000000e+00	0.000000e+00
# END HISTO1D

# BEGIN HISTO1D //home/frederic/Work/Software/LesHouches2017/lh2017-alphas/rivet-analysis/quark-as012285-parton.yoda/MC_LHJSS_Zjet/log_theta_g_zcut_0.05_beta_1_alpha_2
LineColor=blue
LineStyle=solid
NormalizeToSum=1
Path=//home/frederic/Work/Software/LesHouches2017/lh2017-alphas/rivet-analysis/quark-as012285-parton.yoda/MC_LHJSS_Zjet/log_theta_g_zcut_0.05_beta_1_alpha_2
ScaledBy=1.14905547639840050e-05
Title=quark-as012285-parton
XLabel=
YLabel=
# xlow	 xhigh	 val	 errminus	 errplus
0.000000e+00	1.000000e-01	5.055844e-03	7.621972e-04	7.621972e-04
1.000000e-01	2.000000e-01	4.929448e-02	2.379960e-03	2.379960e-03
2.000000e-01	3.000000e-01	2.416464e-01	5.269394e-03	5.269394e-03
3.000000e-01	4.000000e-01	3.146114e-01	6.012536e-03	6.012536e-03
4.000000e-01	5.000000e-01	3.058786e-01	5.928502e-03	5.928502e-03
5.000000e-01	6.000000e-01	3.134623e-01	6.001546e-03	6.001546e-03
6.000000e-01	7.000000e-01	3.117388e-01	5.985024e-03	5.985024e-03
7.000000e-01	8.000000e-01	3.040401e-01	5.910659e-03	5.910659e-03
8.000000e-01	9.000000e-01	3.115089e-01	5.982818e-03	5.982818e-03
9.000000e-01	1.000000e+00	3.030059e-01	5.900598e-03	5.900598e-03
1.000000e+00	1.100000e+00	3.095555e-01	5.964030e-03	5.964030e-03
1.100000e+00	1.200000e+00	3.117388e-01	5.985024e-03	5.985024e-03
1.200000e+00	1.300000e+00	3.140369e-01	6.007044e-03	6.007044e-03
1.300000e+00	1.400000e+00	3.140369e-01	6.007044e-03	6.007044e-03
1.400000e+00	1.500000e+00	3.196672e-01	6.060655e-03	6.060655e-03
1.500000e+00	1.600000e+00	3.205865e-01	6.069362e-03	6.069362e-03
1.600000e+00	1.700000e+00	3.304684e-01	6.162195e-03	6.162195e-03
1.700000e+00	1.800000e+00	3.428782e-01	6.276830e-03	6.276830e-03
1.800000e+00	1.900000e+00	3.440272e-01	6.287339e-03	6.287339e-03
1.900000e+00	2.000000e+00	3.427632e-01	6.275779e-03	6.275779e-03
2.000000e+00	2.100000e+00	3.288597e-01	6.147178e-03	6.147178e-03
2.100000e+00	2.200000e+00	3.277106e-01	6.136430e-03	6.136430e-03
2.200000e+00	2.300000e+00	3.126580e-01	5.993842e-03	5.993842e-03
2.300000e+00	2.400000e+00	3.041550e-01	5.911776e-03	5.911776e-03
2.400000e+00	2.500000e+00	2.760031e-01	5.631544e-03	5.631544e-03
2.500000e+00	2.600000e+00	2.485407e-01	5.344035e-03	5.344035e-03
2.600000e+00	2.700000e+00	2.190100e-01	5.016519e-03	5.016519e-03
2.700000e+00	2.800000e+00	2.082089e-01	4.891252e-03	4.891252e-03
2.800000e+00	2.900000e+00	1.820104e-01	4.573183e-03	4.573183e-03
2.900000e+00	3.000000e+00	1.662683e-01	4.370944e-03	4.370944e-03
3.000000e+00	3.100000e+00	1.505263e-01	4.158882e-03	4.158882e-03
3.100000e+00	3.200000e+00	1.314519e-01	3.886459e-03	3.886459e-03
3.200000e+00	3.300000e+00	1.236384e-01	3.769182e-03	3.769182e-03
3.300000e+00	3.400000e+00	1.090454e-01	3.539763e-03	3.539763e-03
3.400000e+00	3.500000e+00	1.010020e-01	3.406712e-03	3.406712e-03
3.500000e+00	3.600000e+00	9.089029e-02	3.231687e-03	3.231687e-03
3.600000e+00	3.700000e+00	7.825068e-02	2.998572e-03	2.998572e-03
3.700000e+00	3.800000e+00	7.262031e-02	2.888681e-03	2.888681e-03
3.800000e+00	3.900000e+00	6.767937e-02	2.788680e-03	2.788680e-03
3.900000e+00	4.000000e+00	5.825711e-02	2.587289e-03	2.587289e-03
4.000000e+00	4.100000e+00	5.320127e-02	2.472473e-03	2.472473e-03
4.100000e+00	4.200000e+00	4.412373e-02	2.251680e-03	2.251680e-03
4.200000e+00	4.300000e+00	4.148090e-02	2.183205e-03	2.183205e-03
4.300000e+00	4.400000e+00	4.125109e-02	2.177149e-03	2.177149e-03
4.400000e+00	4.500000e+00	3.412695e-02	1.980246e-03	1.980246e-03
4.500000e+00	4.600000e+00	3.171393e-02	1.908954e-03	1.908954e-03
4.600000e+00	4.700000e+00	2.723261e-02	1.768949e-03	1.768949e-03
4.700000e+00	4.800000e+00	2.642828e-02	1.742629e-03	1.742629e-03
4.800000e+00	4.900000e+00	2.413017e-02	1.665140e-03	1.665140e-03
4.900000e+00	5.000000e+00	2.229168e-02	1.600449e-03	1.600449e-03
5.000000e+00	5.100000e+00	1.895942e-02	1.475988e-03	1.475988e-03
5.100000e+00	5.200000e+00	1.792527e-02	1.435170e-03	1.435170e-03
5.200000e+00	5.300000e+00	1.470791e-02	1.300008e-03	1.300008e-03
5.300000e+00	5.400000e+00	1.309923e-02	1.226855e-03	1.226855e-03
5.400000e+00	5.500000e+00	1.034150e-02	1.090090e-03	1.090090e-03
5.500000e+00	5.600000e+00	6.089994e-03	8.365250e-04	8.365250e-04
5.600000e+00	5.700000e+00	3.447166e-03	6.293636e-04	6.293636e-04
5.700000e+00	5.800000e+00	2.183205e-03	5.008617e-04	5.008617e-04
5.800000e+00	5.900000e+00	2.068300e-03	4.875029e-04	4.875029e-04
5.900000e+00	6.000000e+00	1.493772e-03	4.142978e-04	4.142978e-04
6.000000e+00	6.100000e+00	8.043388e-04	3.040115e-04	3.040115e-04
6.100000e+00	6.200000e+00	6.894333e-04	2.814600e-04	2.814600e-04
6.200000e+00	6.300000e+00	1.149055e-04	1.149055e-04	1.149055e-04
6.300000e+00	6.400000e+00	4.596222e-04	2.298111e-04	2.298111e-04
6.400000e+00	6.500000e+00	2.298111e-04	1.625010e-04	1.625010e-04
6.500000e+00	6.600000e+00	1.149055e-04	1.149055e-04	1.149055e-04
6.600000e+00	6.700000e+00	0.000000e+00	0.000000e+00	0.000000e+00
6.700000e+00	6.800000e+00	0.000000e+00	0.000000e+00	0.000000e+00
6.800000e+00	6.900000e+00	1.149055e-04	1.149055e-04	1.149055e-04
6.900000e+00	7.000000e+00	0.000000e+00	0.000000e+00	0.000000e+00
7.000000e+00	7.100000e+00	0.000000e+00	0.000000e+00	0.000000e+00
7.100000e+00	7.200000e+00	0.000000e+00	0.000000e+00	0.000000e+00
7.200000e+00	7.300000e+00	0.000000e+00	0.000000e+00	0.000000e+00
7.300000e+00	7.400000e+00	0.000000e+00	0.000000e+00	0.000000e+00
7.400000e+00	7.500000e+00	0.000000e+00	0.000000e+00	0.000000e+00
7.500000e+00	7.600000e+00	1.149055e-04	1.149055e-04	1.149055e-04
7.600000e+00	7.700000e+00	0.000000e+00	0.000000e+00	0.000000e+00
7.700000e+00	7.800000e+00	0.000000e+00	0.000000e+00	0.000000e+00
7.800000e+00	7.900000e+00	0.000000e+00	0.000000e+00	0.000000e+00
7.900000e+00	8.000000e+00	0.000000e+00	0.000000e+00	0.000000e+00
8.000000e+00	8.100000e+00	0.000000e+00	0.000000e+00	0.000000e+00
8.100000e+00	8.200000e+00	0.000000e+00	0.000000e+00	0.000000e+00
8.200000e+00	8.300000e+00	0.000000e+00	0.000000e+00	0.000000e+00
8.300000e+00	8.400000e+00	0.000000e+00	0.000000e+00	0.000000e+00
8.400000e+00	8.500000e+00	0.000000e+00	0.000000e+00	0.000000e+00
8.500000e+00	8.600000e+00	0.000000e+00	0.000000e+00	0.000000e+00
8.600000e+00	8.700000e+00	0.000000e+00	0.000000e+00	0.000000e+00
8.700000e+00	8.800000e+00	0.000000e+00	0.000000e+00	0.000000e+00
8.800000e+00	8.900000e+00	0.000000e+00	0.000000e+00	0.000000e+00
8.900000e+00	9.000000e+00	0.000000e+00	0.000000e+00	0.000000e+00
9.000000e+00	9.100000e+00	0.000000e+00	0.000000e+00	0.000000e+00
9.100000e+00	9.200000e+00	0.000000e+00	0.000000e+00	0.000000e+00
9.200000e+00	9.300000e+00	0.000000e+00	0.000000e+00	0.000000e+00
9.300000e+00	9.400000e+00	0.000000e+00	0.000000e+00	0.000000e+00
9.400000e+00	9.500000e+00	0.000000e+00	0.000000e+00	0.000000e+00
9.500000e+00	9.600000e+00	0.000000e+00	0.000000e+00	0.000000e+00
9.600000e+00	9.700000e+00	0.000000e+00	0.000000e+00	0.000000e+00
9.700000e+00	9.800000e+00	0.000000e+00	0.000000e+00	0.000000e+00
9.800000e+00	9.900000e+00	0.000000e+00	0.000000e+00	0.000000e+00
9.900000e+00	1.000000e+01	0.000000e+00	0.000000e+00	0.000000e+00
1.000000e+01	1.010000e+01	0.000000e+00	0.000000e+00	0.000000e+00
1.010000e+01	1.020000e+01	0.000000e+00	0.000000e+00	0.000000e+00
1.020000e+01	1.030000e+01	0.000000e+00	0.000000e+00	0.000000e+00
1.030000e+01	1.040000e+01	0.000000e+00	0.000000e+00	0.000000e+00
1.040000e+01	1.050000e+01	0.000000e+00	0.000000e+00	0.000000e+00
1.050000e+01	1.060000e+01	0.000000e+00	0.000000e+00	0.000000e+00
1.060000e+01	1.070000e+01	0.000000e+00	0.000000e+00	0.000000e+00
1.070000e+01	1.080000e+01	0.000000e+00	0.000000e+00	0.000000e+00
1.080000e+01	1.090000e+01	0.000000e+00	0.000000e+00	0.000000e+00
1.090000e+01	1.100000e+01	0.000000e+00	0.000000e+00	0.000000e+00
1.100000e+01	1.110000e+01	0.000000e+00	0.000000e+00	0.000000e+00
1.110000e+01	1.120000e+01	0.000000e+00	0.000000e+00	0.000000e+00
1.120000e+01	1.130000e+01	0.000000e+00	0.000000e+00	0.000000e+00
1.130000e+01	1.140000e+01	0.000000e+00	0.000000e+00	0.000000e+00
1.140000e+01	1.150000e+01	0.000000e+00	0.000000e+00	0.000000e+00
1.150000e+01	1.160000e+01	0.000000e+00	0.000000e+00	0.000000e+00
1.160000e+01	1.170000e+01	0.000000e+00	0.000000e+00	0.000000e+00
1.170000e+01	1.180000e+01	0.000000e+00	0.000000e+00	0.000000e+00
1.180000e+01	1.190000e+01	0.000000e+00	0.000000e+00	0.000000e+00
1.190000e+01	1.200000e+01	0.000000e+00	0.000000e+00	0.000000e+00
1.200000e+01	1.210000e+01	0.000000e+00	0.000000e+00	0.000000e+00
1.210000e+01	1.220000e+01	0.000000e+00	0.000000e+00	0.000000e+00
1.220000e+01	1.230000e+01	0.000000e+00	0.000000e+00	0.000000e+00
1.230000e+01	1.240000e+01	0.000000e+00	0.000000e+00	0.000000e+00
1.240000e+01	1.250000e+01	0.000000e+00	0.000000e+00	0.000000e+00
1.250000e+01	1.260000e+01	0.000000e+00	0.000000e+00	0.000000e+00
1.260000e+01	1.270000e+01	0.000000e+00	0.000000e+00	0.000000e+00
1.270000e+01	1.280000e+01	0.000000e+00	0.000000e+00	0.000000e+00
1.280000e+01	1.290000e+01	0.000000e+00	0.000000e+00	0.000000e+00
1.290000e+01	1.300000e+01	0.000000e+00	0.000000e+00	0.000000e+00
1.300000e+01	1.310000e+01	0.000000e+00	0.000000e+00	0.000000e+00
1.310000e+01	1.320000e+01	0.000000e+00	0.000000e+00	0.000000e+00
1.320000e+01	1.330000e+01	0.000000e+00	0.000000e+00	0.000000e+00
1.330000e+01	1.340000e+01	0.000000e+00	0.000000e+00	0.000000e+00
1.340000e+01	1.350000e+01	0.000000e+00	0.000000e+00	0.000000e+00
1.350000e+01	1.360000e+01	0.000000e+00	0.000000e+00	0.000000e+00
1.360000e+01	1.370000e+01	0.000000e+00	0.000000e+00	0.000000e+00
1.370000e+01	1.380000e+01	0.000000e+00	0.000000e+00	0.000000e+00
1.380000e+01	1.390000e+01	0.000000e+00	0.000000e+00	0.000000e+00
1.390000e+01	1.400000e+01	0.000000e+00	0.000000e+00	0.000000e+00
1.400000e+01	1.410000e+01	0.000000e+00	0.000000e+00	0.000000e+00
1.410000e+01	1.420000e+01	0.000000e+00	0.000000e+00	0.000000e+00
1.420000e+01	1.430000e+01	0.000000e+00	0.000000e+00	0.000000e+00
1.430000e+01	1.440000e+01	0.000000e+00	0.000000e+00	0.000000e+00
1.440000e+01	1.450000e+01	0.000000e+00	0.000000e+00	0.000000e+00
1.450000e+01	1.460000e+01	0.000000e+00	0.000000e+00	0.000000e+00
1.460000e+01	1.470000e+01	0.000000e+00	0.000000e+00	0.000000e+00
1.470000e+01	1.480000e+01	0.000000e+00	0.000000e+00	0.000000e+00
1.480000e+01	1.490000e+01	0.000000e+00	0.000000e+00	0.000000e+00
1.490000e+01	1.500000e+01	0.000000e+00	0.000000e+00	0.000000e+00
# END HISTO1D

# BEGIN HISTO1D //home/frederic/Work/Software/LesHouches2017/lh2017-alphas/rivet-analysis/quark-as015015-parton.yoda/MC_LHJSS_Zjet/log_theta_g_zcut_0.05_beta_1_alpha_2
LineColor=green
LineStyle=solid
NormalizeToSum=1
Path=//home/frederic/Work/Software/LesHouches2017/lh2017-alphas/rivet-analysis/quark-as015015-parton.yoda/MC_LHJSS_Zjet/log_theta_g_zcut_0.05_beta_1_alpha_2
ScaledBy=8.25334466792667666e-06
Title=quark-as015015-parton
XLabel=
YLabel=
# xlow	 xhigh	 val	 errminus	 errplus
0.000000e+00	1.000000e-01	1.031668e-02	9.227520e-04	9.227520e-04
1.000000e-01	2.000000e-01	7.593077e-02	2.503363e-03	2.503363e-03
2.000000e-01	3.000000e-01	2.889496e-01	4.883442e-03	4.883442e-03
3.000000e-01	4.000000e-01	3.533257e-01	5.400110e-03	5.400110e-03
4.000000e-01	5.000000e-01	3.601760e-01	5.452207e-03	5.452207e-03
5.000000e-01	6.000000e-01	3.666961e-01	5.501335e-03	5.501335e-03
6.000000e-01	7.000000e-01	3.559668e-01	5.420255e-03	5.420255e-03
7.000000e-01	8.000000e-01	3.638900e-01	5.480245e-03	5.480245e-03
8.000000e-01	9.000000e-01	3.672738e-01	5.505668e-03	5.505668e-03
9.000000e-01	1.000000e+00	3.567921e-01	5.426535e-03	5.426535e-03
1.000000e+00	1.100000e+00	3.714830e-01	5.537127e-03	5.537127e-03
1.100000e+00	1.200000e+00	3.632297e-01	5.475272e-03	5.475272e-03
1.200000e+00	1.300000e+00	3.723084e-01	5.543274e-03	5.543274e-03
1.300000e+00	1.400000e+00	3.805617e-01	5.604380e-03	5.604380e-03
1.400000e+00	1.500000e+00	3.929417e-01	5.694808e-03	5.694808e-03
1.500000e+00	1.600000e+00	3.882373e-01	5.660616e-03	5.660616e-03
1.600000e+00	1.700000e+00	4.025982e-01	5.764357e-03	5.764357e-03
1.700000e+00	1.800000e+00	4.028458e-01	5.766130e-03	5.766130e-03
1.800000e+00	1.900000e+00	4.016903e-01	5.757854e-03	5.757854e-03
1.900000e+00	2.000000e+00	4.114292e-01	5.827235e-03	5.827235e-03
2.000000e+00	2.100000e+00	3.980588e-01	5.731768e-03	5.731768e-03
2.100000e+00	2.200000e+00	3.697498e-01	5.524195e-03	5.524195e-03
2.200000e+00	2.300000e+00	3.392125e-01	5.291160e-03	5.291160e-03
2.300000e+00	2.400000e+00	3.093354e-01	5.052773e-03	5.052773e-03
2.400000e+00	2.500000e+00	2.759093e-01	4.771975e-03	4.771975e-03
2.500000e+00	2.600000e+00	2.494161e-01	4.537088e-03	4.537088e-03
2.600000e+00	2.700000e+00	2.132664e-01	4.195427e-03	4.195427e-03
2.700000e+00	2.800000e+00	1.670477e-01	3.713088e-03	3.713088e-03
2.800000e+00	2.900000e+00	1.473222e-01	3.486977e-03	3.486977e-03
2.900000e+00	3.000000e+00	1.189307e-01	3.133011e-03	3.133011e-03
3.000000e+00	3.100000e+00	1.006908e-01	2.882769e-03	2.882769e-03
3.100000e+00	3.200000e+00	8.748545e-02	2.687094e-03	2.687094e-03
3.200000e+00	3.300000e+00	6.941063e-02	2.393470e-03	2.393470e-03
3.300000e+00	3.400000e+00	6.239529e-02	2.269295e-03	2.269295e-03
3.400000e+00	3.500000e+00	4.985020e-02	2.028376e-03	2.028376e-03
3.500000e+00	3.600000e+00	3.903832e-02	1.794984e-03	1.794984e-03
3.600000e+00	3.700000e+00	3.581952e-02	1.719392e-03	1.719392e-03
3.700000e+00	3.800000e+00	2.797884e-02	1.519602e-03	1.519602e-03
3.800000e+00	3.900000e+00	2.756617e-02	1.508354e-03	1.508354e-03
3.900000e+00	4.000000e+00	2.096350e-02	1.315367e-03	1.315367e-03
4.000000e+00	4.100000e+00	1.790976e-02	1.215794e-03	1.215794e-03
4.100000e+00	4.200000e+00	1.411322e-02	1.079265e-03	1.079265e-03
4.200000e+00	4.300000e+00	1.138962e-02	9.695485e-04	9.695485e-04
4.300000e+00	4.400000e+00	9.408813e-03	8.812161e-04	8.812161e-04
4.400000e+00	4.500000e+00	7.758144e-03	8.001915e-04	8.001915e-04
4.500000e+00	4.600000e+00	7.758144e-03	8.001915e-04	8.001915e-04
4.600000e+00	4.700000e+00	4.621873e-03	6.176238e-04	6.176238e-04
4.700000e+00	4.800000e+00	4.291739e-03	5.951571e-04	5.951571e-04
4.800000e+00	4.900000e+00	4.456806e-03	6.064945e-04	6.064945e-04
4.900000e+00	5.000000e+00	3.301338e-03	5.219874e-04	5.219874e-04
5.000000e+00	5.100000e+00	3.218804e-03	5.154212e-04	5.154212e-04
5.100000e+00	5.200000e+00	3.301338e-03	5.219874e-04	5.219874e-04
5.200000e+00	5.300000e+00	1.155468e-03	3.088119e-04	3.088119e-04
5.300000e+00	5.400000e+00	1.155468e-03	3.088119e-04	3.088119e-04
5.400000e+00	5.500000e+00	1.072935e-03	2.975786e-04	2.975786e-04
5.500000e+00	5.600000e+00	5.777341e-04	2.183630e-04	2.183630e-04
5.600000e+00	5.700000e+00	8.253345e-05	8.253345e-05	8.253345e-05
5.700000e+00	5.800000e+00	8.253345e-05	8.253345e-05	8.253345e-05
5.800000e+00	5.900000e+00	4.952007e-04	2.021648e-04	2.021648e-04
5.900000e+00	6.000000e+00	2.476003e-04	1.429521e-04	1.429521e-04
6.000000e+00	6.100000e+00	1.650669e-04	1.167199e-04	1.167199e-04
6.100000e+00	6.200000e+00	0.000000e+00	0.000000e+00	0.000000e+00
6.200000e+00	6.300000e+00	0.000000e+00	0.000000e+00	0.000000e+00
6.300000e+00	6.400000e+00	0.000000e+00	0.000000e+00	0.000000e+00
6.400000e+00	6.500000e+00	0.000000e+00	0.000000e+00	0.000000e+00
6.500000e+00	6.600000e+00	8.253345e-05	8.253345e-05	8.253345e-05
6.600000e+00	6.700000e+00	0.000000e+00	0.000000e+00	0.000000e+00
6.700000e+00	6.800000e+00	8.253345e-05	8.253345e-05	8.253345e-05
6.800000e+00	6.900000e+00	8.253345e-05	8.253345e-05	8.253345e-05
6.900000e+00	7.000000e+00	8.253345e-05	8.253345e-05	8.253345e-05
7.000000e+00	7.100000e+00	0.000000e+00	0.000000e+00	0.000000e+00
7.100000e+00	7.200000e+00	0.000000e+00	0.000000e+00	0.000000e+00
7.200000e+00	7.300000e+00	0.000000e+00	0.000000e+00	0.000000e+00
7.300000e+00	7.400000e+00	0.000000e+00	0.000000e+00	0.000000e+00
7.400000e+00	7.500000e+00	0.000000e+00	0.000000e+00	0.000000e+00
7.500000e+00	7.600000e+00	0.000000e+00	0.000000e+00	0.000000e+00
7.600000e+00	7.700000e+00	0.000000e+00	0.000000e+00	0.000000e+00
7.700000e+00	7.800000e+00	0.000000e+00	0.000000e+00	0.000000e+00
7.800000e+00	7.900000e+00	0.000000e+00	0.000000e+00	0.000000e+00
7.900000e+00	8.000000e+00	0.000000e+00	0.000000e+00	0.000000e+00
8.000000e+00	8.100000e+00	0.000000e+00	0.000000e+00	0.000000e+00
8.100000e+00	8.200000e+00	0.000000e+00	0.000000e+00	0.000000e+00
8.200000e+00	8.300000e+00	0.000000e+00	0.000000e+00	0.000000e+00
8.300000e+00	8.400000e+00	0.000000e+00	0.000000e+00	0.000000e+00
8.400000e+00	8.500000e+00	0.000000e+00	0.000000e+00	0.000000e+00
8.500000e+00	8.600000e+00	0.000000e+00	0.000000e+00	0.000000e+00
8.600000e+00	8.700000e+00	0.000000e+00	0.000000e+00	0.000000e+00
8.700000e+00	8.800000e+00	0.000000e+00	0.000000e+00	0.000000e+00
8.800000e+00	8.900000e+00	0.000000e+00	0.000000e+00	0.000000e+00
8.900000e+00	9.000000e+00	0.000000e+00	0.000000e+00	0.000000e+00
9.000000e+00	9.100000e+00	0.000000e+00	0.000000e+00	0.000000e+00
9.100000e+00	9.200000e+00	0.000000e+00	0.000000e+00	0.000000e+00
9.200000e+00	9.300000e+00	0.000000e+00	0.000000e+00	0.000000e+00
9.300000e+00	9.400000e+00	0.000000e+00	0.000000e+00	0.000000e+00
9.400000e+00	9.500000e+00	0.000000e+00	0.000000e+00	0.000000e+00
9.500000e+00	9.600000e+00	0.000000e+00	0.000000e+00	0.000000e+00
9.600000e+00	9.700000e+00	0.000000e+00	0.000000e+00	0.000000e+00
9.700000e+00	9.800000e+00	0.000000e+00	0.000000e+00	0.000000e+00
9.800000e+00	9.900000e+00	0.000000e+00	0.000000e+00	0.000000e+00
9.900000e+00	1.000000e+01	0.000000e+00	0.000000e+00	0.000000e+00
1.000000e+01	1.010000e+01	0.000000e+00	0.000000e+00	0.000000e+00
1.010000e+01	1.020000e+01	0.000000e+00	0.000000e+00	0.000000e+00
1.020000e+01	1.030000e+01	0.000000e+00	0.000000e+00	0.000000e+00
1.030000e+01	1.040000e+01	0.000000e+00	0.000000e+00	0.000000e+00
1.040000e+01	1.050000e+01	0.000000e+00	0.000000e+00	0.000000e+00
1.050000e+01	1.060000e+01	0.000000e+00	0.000000e+00	0.000000e+00
1.060000e+01	1.070000e+01	0.000000e+00	0.000000e+00	0.000000e+00
1.070000e+01	1.080000e+01	0.000000e+00	0.000000e+00	0.000000e+00
1.080000e+01	1.090000e+01	0.000000e+00	0.000000e+00	0.000000e+00
1.090000e+01	1.100000e+01	0.000000e+00	0.000000e+00	0.000000e+00
1.100000e+01	1.110000e+01	0.000000e+00	0.000000e+00	0.000000e+00
1.110000e+01	1.120000e+01	0.000000e+00	0.000000e+00	0.000000e+00
1.120000e+01	1.130000e+01	0.000000e+00	0.000000e+00	0.000000e+00
1.130000e+01	1.140000e+01	0.000000e+00	0.000000e+00	0.000000e+00
1.140000e+01	1.150000e+01	0.000000e+00	0.000000e+00	0.000000e+00
1.150000e+01	1.160000e+01	0.000000e+00	0.000000e+00	0.000000e+00
1.160000e+01	1.170000e+01	0.000000e+00	0.000000e+00	0.000000e+00
1.170000e+01	1.180000e+01	0.000000e+00	0.000000e+00	0.000000e+00
1.180000e+01	1.190000e+01	0.000000e+00	0.000000e+00	0.000000e+00
1.190000e+01	1.200000e+01	0.000000e+00	0.000000e+00	0.000000e+00
1.200000e+01	1.210000e+01	0.000000e+00	0.000000e+00	0.000000e+00
1.210000e+01	1.220000e+01	0.000000e+00	0.000000e+00	0.000000e+00
1.220000e+01	1.230000e+01	0.000000e+00	0.000000e+00	0.000000e+00
1.230000e+01	1.240000e+01	0.000000e+00	0.000000e+00	0.000000e+00
1.240000e+01	1.250000e+01	0.000000e+00	0.000000e+00	0.000000e+00
1.250000e+01	1.260000e+01	0.000000e+00	0.000000e+00	0.000000e+00
1.260000e+01	1.270000e+01	0.000000e+00	0.000000e+00	0.000000e+00
1.270000e+01	1.280000e+01	0.000000e+00	0.000000e+00	0.000000e+00
1.280000e+01	1.290000e+01	0.000000e+00	0.000000e+00	0.000000e+00
1.290000e+01	1.300000e+01	0.000000e+00	0.000000e+00	0.000000e+00
1.300000e+01	1.310000e+01	0.000000e+00	0.000000e+00	0.000000e+00
1.310000e+01	1.320000e+01	0.000000e+00	0.000000e+00	0.000000e+00
1.320000e+01	1.330000e+01	0.000000e+00	0.000000e+00	0.000000e+00
1.330000e+01	1.340000e+01	0.000000e+00	0.000000e+00	0.000000e+00
1.340000e+01	1.350000e+01	0.000000e+00	0.000000e+00	0.000000e+00
1.350000e+01	1.360000e+01	0.000000e+00	0.000000e+00	0.000000e+00
1.360000e+01	1.370000e+01	0.000000e+00	0.000000e+00	0.000000e+00
1.370000e+01	1.380000e+01	0.000000e+00	0.000000e+00	0.000000e+00
1.380000e+01	1.390000e+01	0.000000e+00	0.000000e+00	0.000000e+00
1.390000e+01	1.400000e+01	0.000000e+00	0.000000e+00	0.000000e+00
1.400000e+01	1.410000e+01	0.000000e+00	0.000000e+00	0.000000e+00
1.410000e+01	1.420000e+01	0.000000e+00	0.000000e+00	0.000000e+00
1.420000e+01	1.430000e+01	0.000000e+00	0.000000e+00	0.000000e+00
1.430000e+01	1.440000e+01	0.000000e+00	0.000000e+00	0.000000e+00
1.440000e+01	1.450000e+01	0.000000e+00	0.000000e+00	0.000000e+00
1.450000e+01	1.460000e+01	0.000000e+00	0.000000e+00	0.000000e+00
1.460000e+01	1.470000e+01	0.000000e+00	0.000000e+00	0.000000e+00
1.470000e+01	1.480000e+01	0.000000e+00	0.000000e+00	0.000000e+00
1.480000e+01	1.490000e+01	0.000000e+00	0.000000e+00	0.000000e+00
1.490000e+01	1.500000e+01	0.000000e+00	0.000000e+00	0.000000e+00
# END HISTO1D

