# BEGIN PLOT
RatioPlotYLabel=Ratio
LegendOnly=//home/frederic/Work/Software/LesHouches2017/lh2017-alphas/pythia-alphas/robustness/quark-as013650-as012285-parton.yoda/MC_LHJSS_Zjet/Angularity_zcut_0.05_beta_2_alpha_0.5 //home/frederic/Work/Software/LesHouches2017/lh2017-alphas/pythia-alphas/robustness/quark-as013650-as015015-parton.yoda/MC_LHJSS_Zjet/Angularity_zcut_0.05_beta_2_alpha_0.5 //home/frederic/Work/Software/LesHouches2017/lh2017-alphas/pythia-alphas/robustness/as013650-quark-robustness.yoda/MC_LHJSS_Zjet/Angularity_zcut_0.05_beta_2_alpha_0.5
XLabel=$e_\alpha$
RatioPlotReference=//home/frederic/Work/Software/LesHouches2017/lh2017-alphas/pythia-alphas/robustness/quark-as013650-as012285-parton.yoda/MC_LHJSS_Zjet/Angularity_zcut_0.05_beta_2_alpha_0.5
YLabel=$1/\sigma \text{d}\sigma/\text{d}e_{\alpha}$
DrawOnly=//home/frederic/Work/Software/LesHouches2017/lh2017-alphas/pythia-alphas/robustness/quark-as013650-as012285-parton.yoda/MC_LHJSS_Zjet/Angularity_zcut_0.05_beta_2_alpha_0.5 //home/frederic/Work/Software/LesHouches2017/lh2017-alphas/pythia-alphas/robustness/quark-as013650-as015015-parton.yoda/MC_LHJSS_Zjet/Angularity_zcut_0.05_beta_2_alpha_0.5 //home/frederic/Work/Software/LesHouches2017/lh2017-alphas/pythia-alphas/robustness/as013650-quark-robustness.yoda/MC_LHJSS_Zjet/Angularity_zcut_0.05_beta_2_alpha_0.5
RatioPlot=1
Title=Angularity, $\alpha$ = 0.5 $z_{cut}$ = 0.05 $\beta$ = 2
Legend=1
LogY=0
# END PLOT

# BEGIN HISTO1D //home/frederic/Work/Software/LesHouches2017/lh2017-alphas/pythia-alphas/robustness/quark-as013650-as012285-parton.yoda/MC_LHJSS_Zjet/Angularity_zcut_0.05_beta_2_alpha_0.5
LineColor=red
LineStyle=solid
NormalizeToSum=1
Path=//home/frederic/Work/Software/LesHouches2017/lh2017-alphas/pythia-alphas/robustness/quark-as013650-as012285-parton.yoda/MC_LHJSS_Zjet/Angularity_zcut_0.05_beta_2_alpha_0.5
ScaledBy=1.0
Title=quark-as013650-as012285-parton
XLabel=
YLabel=
# xlow	 xhigh	 val	 errminus	 errplus
0.000000e+00	1.000000e-02	9.911525e-01	3.648155e-02	3.648155e-02
1.000000e-02	2.000000e-02	3.504469e-01	2.320401e-02	2.320401e-02
2.000000e-02	3.000000e-02	1.875590e-01	1.727109e-02	1.727109e-02
3.000000e-02	4.000000e-02	9.011443e-02	1.206425e-02	1.206425e-02
4.000000e-02	5.000000e-02	1.921096e-02	5.595699e-03	5.595699e-03
5.000000e-02	6.000000e-02	1.277301e-03	1.444506e-03	1.444506e-03
6.000000e-02	7.000000e-02	2.654497e-03	2.082192e-03	2.082192e-03
7.000000e-02	8.000000e-02	3.479752e-03	2.383815e-03	2.383815e-03
8.000000e-02	9.000000e-02	6.680682e-03	3.302097e-03	3.302097e-03
9.000000e-02	1.000000e-01	2.300402e-02	6.118514e-03	6.118514e-03
1.000000e-01	1.100000e-01	3.019497e-02	7.003687e-03	7.003687e-03
1.100000e-01	1.200000e-01	2.766307e-02	6.703366e-03	6.703366e-03
1.200000e-01	1.300000e-01	2.406907e-02	6.253839e-03	6.253839e-03
1.300000e-01	1.400000e-01	2.361529e-02	6.193694e-03	6.193694e-03
1.400000e-01	1.500000e-01	1.709073e-02	5.272189e-03	5.272189e-03
1.500000e-01	1.600000e-01	2.126389e-02	5.875650e-03	5.875650e-03
1.600000e-01	1.700000e-01	1.797371e-02	5.403956e-03	5.403956e-03
1.700000e-01	1.800000e-01	1.403893e-02	4.777815e-03	4.777815e-03
1.800000e-01	1.900000e-01	1.699016e-02	5.251648e-03	5.251648e-03
1.900000e-01	2.000000e-01	1.038705e-02	4.110780e-03	4.110780e-03
2.000000e-01	2.100000e-01	1.344807e-02	4.673243e-03	4.673243e-03
2.100000e-01	2.200000e-01	1.756860e-02	5.334902e-03	5.334902e-03
2.200000e-01	2.300000e-01	5.222130e-03	2.917043e-03	2.917043e-03
2.300000e-01	2.400000e-01	5.696835e-03	3.045919e-03	3.045919e-03
2.400000e-01	2.500000e-01	1.418997e-02	4.794315e-03	4.794315e-03
2.500000e-01	2.600000e-01	6.601171e-03	3.276931e-03	3.276931e-03
2.600000e-01	2.700000e-01	1.166434e-02	4.347713e-03	4.347713e-03
2.700000e-01	2.800000e-01	9.699498e-03	3.966078e-03	3.966078e-03
2.800000e-01	2.900000e-01	1.169143e-02	4.349025e-03	4.349025e-03
2.900000e-01	3.000000e-01	1.646174e-02	5.146548e-03	5.146548e-03
3.000000e-01	3.100000e-01	1.356050e-02	4.676350e-03	4.676350e-03
3.100000e-01	3.200000e-01	4.823279e-03	2.800120e-03	2.800120e-03
3.200000e-01	3.300000e-01	9.872972e-03	3.994090e-03	3.994090e-03
3.300000e-01	3.400000e-01	3.043832e-03	2.226010e-03	2.226010e-03
3.400000e-01	3.500000e-01	6.028428e-03	3.125658e-03	3.125658e-03
3.500000e-01	3.600000e-01	8.252064e-03	3.650730e-03	3.650730e-03
3.600000e-01	3.700000e-01	9.459632e-03	3.901888e-03	3.901888e-03
3.700000e-01	3.800000e-01	3.256817e-03	2.300560e-03	2.300560e-03
3.800000e-01	3.900000e-01	3.552458e-03	2.401733e-03	2.401733e-03
3.900000e-01	4.000000e-01	2.565997e-03	2.042334e-03	2.042334e-03
4.000000e-01	4.100000e-01	3.225588e-03	2.288051e-03	2.288051e-03
4.100000e-01	4.200000e-01	6.198601e-03	3.160496e-03	3.160496e-03
4.200000e-01	4.300000e-01	3.515313e-03	2.386249e-03	2.386249e-03
4.300000e-01	4.400000e-01	2.787850e-03	2.126505e-03	2.126505e-03
4.400000e-01	4.500000e-01	1.765767e-03	1.694040e-03	1.694040e-03
4.500000e-01	4.600000e-01	1.635793e-03	1.630498e-03	1.630498e-03
4.600000e-01	4.700000e-01	2.006452e-03	1.804095e-03	1.804095e-03
4.700000e-01	4.800000e-01	4.548483e-03	2.701840e-03	2.701840e-03
4.800000e-01	4.900000e-01	5.360207e-03	2.923130e-03	2.923130e-03
4.900000e-01	5.000000e-01	5.910241e-03	3.054632e-03	3.054632e-03
5.000000e-01	5.100000e-01	5.551450e-03	2.963284e-03	2.963284e-03
5.100000e-01	5.200000e-01	2.369044e-03	1.953556e-03	1.953556e-03
5.200000e-01	5.300000e-01	1.582588e-03	1.598278e-03	1.598278e-03
5.300000e-01	5.400000e-01	4.721885e-04	8.768632e-04	8.768632e-04
5.400000e-01	5.500000e-01	4.491532e-04	8.548986e-04	8.548986e-04
5.500000e-01	5.600000e-01	3.715880e-03	2.408791e-03	2.408791e-03
5.600000e-01	5.700000e-01	2.344559e-03	1.924007e-03	1.924007e-03
5.700000e-01	5.800000e-01	5.869110e-04	9.753634e-04	9.753634e-04
5.800000e-01	5.900000e-01	1.632847e-03	1.605866e-03	1.605866e-03
5.900000e-01	6.000000e-01	2.671603e-03	2.026166e-03	2.026166e-03
6.000000e-01	6.100000e-01	7.163185e-04	1.072273e-03	1.072273e-03
6.100000e-01	6.200000e-01	9.377900e-06	1.237675e-04	1.237675e-04
6.200000e-01	6.300000e-01	9.212631e-04	1.206637e-03	1.206637e-03
6.300000e-01	6.400000e-01	2.540571e-03	1.945093e-03	1.945093e-03
6.400000e-01	6.500000e-01	1.643616e-04	5.161027e-04	5.161027e-04
6.500000e-01	6.600000e-01	4.217518e-04	8.181926e-04	8.181926e-04
6.600000e-01	6.700000e-01	5.019743e-04	8.859132e-04	8.859132e-04
6.700000e-01	6.800000e-01	4.181237e-04	7.984156e-04	7.984156e-04
6.800000e-01	6.900000e-01	1.391692e-05	1.506982e-04	1.506982e-04
6.900000e-01	7.000000e-01	1.782062e-03	1.330139e-03	1.330139e-03
7.000000e-01	7.100000e-01	2.025076e-04	5.648807e-04	5.648807e-04
7.100000e-01	7.200000e-01	4.648198e-04	8.372485e-04	8.372485e-04
7.200000e-01	7.300000e-01	2.181649e-03	7.272163e-04	7.272163e-04
7.300000e-01	7.400000e-01	1.140789e-03	1.134731e-03	1.134731e-03
7.400000e-01	7.500000e-01	3.581930e-05	2.406459e-04	2.406459e-04
7.500000e-01	7.600000e-01	1.679488e-06	5.236974e-05	5.236974e-05
7.600000e-01	7.700000e-01	4.848109e-04	3.428131e-04	3.428131e-04
7.700000e-01	7.800000e-01	4.848109e-04	3.428131e-04	3.428131e-04
7.800000e-01	7.900000e-01	2.424054e-04	2.424054e-04	2.424054e-04
7.900000e-01	8.000000e-01	0.000000e+00	0.000000e+00	0.000000e+00
8.000000e-01	8.100000e-01	0.000000e+00	0.000000e+00	0.000000e+00
8.100000e-01	8.200000e-01	5.745275e-04	5.745276e-04	5.745276e-04
8.200000e-01	8.300000e-01	0.000000e+00	0.000000e+00	0.000000e+00
8.300000e-01	8.400000e-01	0.000000e+00	0.000000e+00	0.000000e+00
8.400000e-01	8.500000e-01	0.000000e+00	0.000000e+00	0.000000e+00
8.500000e-01	8.600000e-01	0.000000e+00	0.000000e+00	0.000000e+00
8.600000e-01	8.700000e-01	0.000000e+00	0.000000e+00	0.000000e+00
8.700000e-01	8.800000e-01	0.000000e+00	0.000000e+00	0.000000e+00
8.800000e-01	8.900000e-01	0.000000e+00	0.000000e+00	0.000000e+00
8.900000e-01	9.000000e-01	0.000000e+00	0.000000e+00	0.000000e+00
9.000000e-01	9.100000e-01	0.000000e+00	0.000000e+00	0.000000e+00
9.100000e-01	9.200000e-01	0.000000e+00	0.000000e+00	0.000000e+00
9.200000e-01	9.300000e-01	0.000000e+00	0.000000e+00	0.000000e+00
9.300000e-01	9.400000e-01	0.000000e+00	0.000000e+00	0.000000e+00
9.400000e-01	9.500000e-01	0.000000e+00	0.000000e+00	0.000000e+00
9.500000e-01	9.600000e-01	0.000000e+00	0.000000e+00	0.000000e+00
9.600000e-01	9.700000e-01	0.000000e+00	0.000000e+00	0.000000e+00
9.700000e-01	9.800000e-01	0.000000e+00	0.000000e+00	0.000000e+00
9.800000e-01	9.900000e-01	0.000000e+00	0.000000e+00	0.000000e+00
9.900000e-01	1.000000e+00	0.000000e+00	0.000000e+00	0.000000e+00
# END HISTO1D

# BEGIN HISTO1D //home/frederic/Work/Software/LesHouches2017/lh2017-alphas/pythia-alphas/robustness/quark-as013650-as015015-parton.yoda/MC_LHJSS_Zjet/Angularity_zcut_0.05_beta_2_alpha_0.5
LineColor=blue
LineStyle=solid
NormalizeToSum=1
Path=//home/frederic/Work/Software/LesHouches2017/lh2017-alphas/pythia-alphas/robustness/quark-as013650-as015015-parton.yoda/MC_LHJSS_Zjet/Angularity_zcut_0.05_beta_2_alpha_0.5
ScaledBy=1.0
Title=quark-as013650-as015015-parton
XLabel=
YLabel=
# xlow	 xhigh	 val	 errminus	 errplus
0.000000e+00	1.000000e-02	5.651796e-01	2.108795e-02	2.108795e-02
1.000000e-02	2.000000e-02	5.215373e-01	2.331181e-02	2.331181e-02
2.000000e-02	3.000000e-02	4.105921e-01	2.195102e-02	2.195102e-02
3.000000e-02	4.000000e-02	2.719887e-01	1.838133e-02	1.838133e-02
4.000000e-02	5.000000e-02	1.211478e-01	1.247658e-02	1.247658e-02
5.000000e-02	6.000000e-02	3.384010e-02	6.642408e-03	6.642408e-03
6.000000e-02	7.000000e-02	8.829125e-03	3.399006e-03	3.399006e-03
7.000000e-02	8.000000e-02	4.301797e-04	7.507091e-04	7.507091e-04
8.000000e-02	9.000000e-02	8.098312e-03	3.255385e-03	3.255385e-03
9.000000e-02	1.000000e-01	8.179354e-03	3.271511e-03	3.271511e-03
1.000000e-01	1.100000e-01	1.271128e-02	4.076659e-03	4.076659e-03
1.100000e-01	1.200000e-01	1.308914e-02	4.136233e-03	4.136233e-03
1.200000e-01	1.300000e-01	2.056291e-02	5.180218e-03	5.180218e-03
1.300000e-01	1.400000e-01	1.831709e-02	4.889580e-03	4.889580e-03
1.400000e-01	1.500000e-01	2.025325e-02	5.139411e-03	5.139411e-03
1.500000e-01	1.600000e-01	2.076519e-02	5.202621e-03	5.202621e-03
1.600000e-01	1.700000e-01	1.837090e-02	4.894315e-03	4.894315e-03
1.700000e-01	1.800000e-01	2.564073e-02	5.775080e-03	5.775080e-03
1.800000e-01	1.900000e-01	1.563745e-02	4.515149e-03	4.515149e-03
1.900000e-01	2.000000e-01	2.749274e-02	5.974043e-03	5.974043e-03
2.000000e-01	2.100000e-01	2.235606e-02	5.390007e-03	5.390007e-03
2.100000e-01	2.200000e-01	1.289010e-02	4.099085e-03	4.099085e-03
2.200000e-01	2.300000e-01	2.173868e-02	5.311903e-03	5.311903e-03
2.300000e-01	2.400000e-01	1.296164e-02	4.108084e-03	4.108084e-03
2.400000e-01	2.500000e-01	8.663671e-03	3.361843e-03	3.361843e-03
2.500000e-01	2.600000e-01	1.283685e-02	4.086607e-03	4.086607e-03
2.600000e-01	2.700000e-01	9.728939e-03	3.560347e-03	3.560347e-03
2.700000e-01	2.800000e-01	6.665125e-03	2.948805e-03	2.948805e-03
2.800000e-01	2.900000e-01	9.557735e-03	3.527289e-03	3.527289e-03
2.900000e-01	3.000000e-01	8.668394e-03	3.359510e-03	3.359510e-03
3.000000e-01	3.100000e-01	3.462337e-03	2.126955e-03	2.126955e-03
3.100000e-01	3.200000e-01	7.863976e-03	3.198930e-03	3.198930e-03
3.200000e-01	3.300000e-01	4.587815e-03	2.446583e-03	2.446583e-03
3.300000e-01	3.400000e-01	8.577686e-03	3.338189e-03	3.338189e-03
3.400000e-01	3.500000e-01	7.221820e-03	3.064061e-03	3.064061e-03
3.500000e-01	3.600000e-01	4.906432e-03	2.528479e-03	2.528479e-03
3.600000e-01	3.700000e-01	4.421701e-03	2.400300e-03	2.400300e-03
3.700000e-01	3.800000e-01	6.148043e-03	2.826426e-03	2.826426e-03
3.800000e-01	3.900000e-01	2.375381e-03	1.761047e-03	1.761047e-03
3.900000e-01	4.000000e-01	7.139104e-03	3.041066e-03	3.041066e-03
4.000000e-01	4.100000e-01	3.017296e-03	1.983154e-03	1.983154e-03
4.100000e-01	4.200000e-01	5.722490e-04	8.654134e-04	8.654134e-04
4.200000e-01	4.300000e-01	4.329276e-03	2.371622e-03	2.371622e-03
4.300000e-01	4.400000e-01	1.222792e-03	1.264026e-03	1.264026e-03
4.400000e-01	4.500000e-01	4.022081e-03	2.284445e-03	2.284445e-03
4.500000e-01	4.600000e-01	2.965035e-03	1.963256e-03	1.963256e-03
4.600000e-01	4.700000e-01	4.332773e-03	2.368184e-03	2.368184e-03
4.700000e-01	4.800000e-01	2.116963e-03	1.660124e-03	1.660124e-03
4.800000e-01	4.900000e-01	7.285078e-03	3.054756e-03	3.054756e-03
4.900000e-01	5.000000e-01	6.205314e-03	2.818182e-03	2.818182e-03
5.000000e-01	5.100000e-01	9.040885e-04	1.086232e-03	1.086232e-03
5.100000e-01	5.200000e-01	3.648425e-03	2.169016e-03	2.169016e-03
5.200000e-01	5.300000e-01	4.982637e-03	2.520927e-03	2.520927e-03
5.300000e-01	5.400000e-01	1.009785e-03	1.146716e-03	1.146716e-03
5.400000e-01	5.500000e-01	2.933624e-03	1.940493e-03	1.940493e-03
5.500000e-01	5.600000e-01	3.410318e-03	2.086684e-03	2.086684e-03
5.600000e-01	5.700000e-01	3.387595e-03	2.074241e-03	2.074241e-03
5.700000e-01	5.800000e-01	2.987334e-03	1.949938e-03	1.949938e-03
5.800000e-01	5.900000e-01	3.613805e-03	2.127545e-03	2.127545e-03
5.900000e-01	6.000000e-01	2.220812e-03	1.680514e-03	1.680514e-03
6.000000e-01	6.100000e-01	5.572879e-04	8.501143e-04	8.501143e-04
6.100000e-01	6.200000e-01	2.073468e-03	1.614288e-03	1.614288e-03
6.200000e-01	6.300000e-01	4.886748e-04	7.953002e-04	7.953002e-04
6.300000e-01	6.400000e-01	5.773419e-04	8.623956e-04	8.623956e-04
6.400000e-01	6.500000e-01	1.192469e-03	1.224893e-03	1.224893e-03
6.500000e-01	6.600000e-01	1.057656e-03	1.151376e-03	1.151376e-03
6.600000e-01	6.700000e-01	8.666842e-05	3.360753e-04	3.360753e-04
6.700000e-01	6.800000e-01	2.505309e-04	5.659840e-04	5.659840e-04
6.800000e-01	6.900000e-01	6.595032e-06	9.292688e-05	9.292688e-05
6.900000e-01	7.000000e-01	4.001655e-04	7.107961e-04	7.107961e-04
7.000000e-01	7.100000e-01	3.138788e-04	6.302711e-04	6.302711e-04
7.100000e-01	7.200000e-01	4.736334e-04	7.557959e-04	7.557959e-04
7.200000e-01	7.300000e-01	1.206212e-03	9.983439e-04	9.983439e-04
7.300000e-01	7.400000e-01	3.841344e-04	6.801233e-04	6.801233e-04
7.400000e-01	7.500000e-01	1.739778e-05	1.506068e-04	1.506068e-04
7.500000e-01	7.600000e-01	1.212027e-03	5.420351e-04	5.420351e-04
7.600000e-01	7.700000e-01	1.712931e-03	1.200963e-03	1.200963e-03
7.700000e-01	7.800000e-01	3.292849e-04	6.098451e-04	6.098451e-04
7.800000e-01	7.900000e-01	2.424054e-04	2.424054e-04	2.424054e-04
7.900000e-01	8.000000e-01	4.126672e-04	4.126672e-04	4.126672e-04
8.000000e-01	8.100000e-01	4.126672e-04	4.126672e-04	4.126672e-04
8.100000e-01	8.200000e-01	0.000000e+00	0.000000e+00	0.000000e+00
8.200000e-01	8.300000e-01	4.126672e-04	4.126672e-04	4.126672e-04
8.300000e-01	8.400000e-01	4.126672e-04	4.126672e-04	4.126672e-04
8.400000e-01	8.500000e-01	0.000000e+00	0.000000e+00	0.000000e+00
8.500000e-01	8.600000e-01	0.000000e+00	0.000000e+00	0.000000e+00
8.600000e-01	8.700000e-01	0.000000e+00	0.000000e+00	0.000000e+00
8.700000e-01	8.800000e-01	0.000000e+00	0.000000e+00	0.000000e+00
8.800000e-01	8.900000e-01	0.000000e+00	0.000000e+00	0.000000e+00
8.900000e-01	9.000000e-01	0.000000e+00	0.000000e+00	0.000000e+00
9.000000e-01	9.100000e-01	0.000000e+00	0.000000e+00	0.000000e+00
9.100000e-01	9.200000e-01	0.000000e+00	0.000000e+00	0.000000e+00
9.200000e-01	9.300000e-01	0.000000e+00	0.000000e+00	0.000000e+00
9.300000e-01	9.400000e-01	0.000000e+00	0.000000e+00	0.000000e+00
9.400000e-01	9.500000e-01	0.000000e+00	0.000000e+00	0.000000e+00
9.500000e-01	9.600000e-01	0.000000e+00	0.000000e+00	0.000000e+00
9.600000e-01	9.700000e-01	0.000000e+00	0.000000e+00	0.000000e+00
9.700000e-01	9.800000e-01	0.000000e+00	0.000000e+00	0.000000e+00
9.800000e-01	9.900000e-01	0.000000e+00	0.000000e+00	0.000000e+00
9.900000e-01	1.000000e+00	0.000000e+00	0.000000e+00	0.000000e+00
# END HISTO1D

# BEGIN HISTO1D //home/frederic/Work/Software/LesHouches2017/lh2017-alphas/pythia-alphas/robustness/as013650-quark-robustness.yoda/MC_LHJSS_Zjet/Angularity_zcut_0.05_beta_2_alpha_0.5
LineColor=green
LineStyle=solid
NormalizeToSum=1
Path=//home/frederic/Work/Software/LesHouches2017/lh2017-alphas/pythia-alphas/robustness/as013650-quark-robustness.yoda/MC_LHJSS_Zjet/Angularity_zcut_0.05_beta_2_alpha_0.5
ScaledBy=1.0
Title=as013650-quark-robustness
XLabel=
YLabel=
# xlow	 xhigh	 val	 errminus	 errplus
0.000000e+00	1.000000e-02	9.621070e-01	1.527154e-02	1.527154e-02
1.000000e-02	2.000000e-02	1.433171e+00	5.514725e-02	5.514725e-02
2.000000e-02	3.000000e-02	2.045035e+00	4.384075e-02	4.384075e-02
3.000000e-02	4.000000e-02	1.833894e+00	1.349332e-01	1.349332e-01
4.000000e-02	5.000000e-02	9.972901e-01	1.403660e-01	1.403660e-01
5.000000e-02	6.000000e-02	3.682418e-01	9.445811e-02	9.445811e-02
6.000000e-02	7.000000e-02	2.319001e-03	7.762946e-03	7.762946e-03
7.000000e-02	8.000000e-02	4.403552e-02	3.374003e-02	3.374003e-02
8.000000e-02	9.000000e-02	6.606253e-02	4.126193e-02	4.126193e-02
9.000000e-02	1.000000e-01	2.848230e-01	8.461268e-02	8.461268e-02
1.000000e-01	1.100000e-01	2.200720e-01	7.455410e-02	7.455410e-02
1.100000e-01	1.200000e-01	1.363937e-01	5.893292e-02	5.893292e-02
1.200000e-01	1.300000e-01	1.337487e-01	5.832455e-02	5.832455e-02
1.300000e-01	1.400000e-01	1.092487e-02	1.683310e-02	1.683310e-02
1.400000e-01	1.500000e-01	1.009684e-01	5.072639e-02	5.072639e-02
1.500000e-01	1.600000e-01	6.649153e-02	4.126999e-02	4.126999e-02
1.600000e-01	1.700000e-01	4.768582e-03	1.112660e-02	1.112660e-02
1.700000e-01	1.800000e-01	5.041861e-02	3.596501e-02	3.596501e-02
1.800000e-01	1.900000e-01	6.720482e-02	4.140994e-02	4.140994e-02
1.900000e-01	2.000000e-01	4.558162e-02	3.417753e-02	3.417753e-02
2.000000e-01	2.100000e-01	6.232006e-02	3.984387e-02	3.984387e-02
2.100000e-01	2.200000e-01	2.330879e-02	2.450886e-02	2.450886e-02
2.200000e-01	2.300000e-01	2.968502e-05	8.784369e-04	8.784369e-04
2.300000e-01	2.400000e-01	3.070625e-02	2.806207e-02	2.806207e-02
2.400000e-01	2.500000e-01	1.393731e-02	1.897136e-02	1.897136e-02
2.500000e-01	2.600000e-01	2.186420e-02	2.370649e-02	2.370649e-02
2.600000e-01	2.700000e-01	1.149463e-04	1.728530e-03	1.728530e-03
2.700000e-01	2.800000e-01	9.414863e-03	1.559919e-02	1.559919e-02
2.800000e-01	2.900000e-01	6.396901e-03	1.286754e-02	1.286754e-02
2.900000e-01	3.000000e-01	1.688520e-04	2.094925e-03	2.094925e-03
3.000000e-01	3.100000e-01	2.465314e-02	2.510483e-02	2.510483e-02
3.100000e-01	3.200000e-01	1.590443e-02	2.020381e-02	2.020381e-02
3.200000e-01	3.300000e-01	3.005506e-02	2.763029e-02	2.763029e-02
3.300000e-01	3.400000e-01	1.169380e-02	1.733969e-02	1.733969e-02
3.400000e-01	3.500000e-01	1.625167e-03	6.493767e-03	6.493767e-03
3.500000e-01	3.600000e-01	2.114521e-04	2.344209e-03	2.344209e-03
3.600000e-01	3.700000e-01	1.599870e-03	6.442384e-03	6.442384e-03
3.700000e-01	3.800000e-01	3.637840e-03	9.700642e-03	9.700642e-03
3.800000e-01	3.900000e-01	1.554870e-02	1.990846e-02	1.990846e-02
3.900000e-01	4.000000e-01	2.509422e-04	2.553501e-03	2.553501e-03
4.000000e-01	4.100000e-01	5.488118e-04	3.775249e-03	3.775249e-03
4.100000e-01	4.200000e-01	1.790811e-04	2.157235e-03	2.157235e-03
4.200000e-01	4.300000e-01	1.191348e-04	1.759582e-03	1.759582e-03
4.300000e-01	4.400000e-01	1.383675e-03	5.986815e-03	5.986815e-03
4.400000e-01	4.500000e-01	3.543312e-02	2.940590e-02	2.940590e-02
4.500000e-01	4.600000e-01	6.602730e-04	4.139145e-03	4.139145e-03
4.600000e-01	4.700000e-01	4.930827e-03	1.124702e-02	1.124702e-02
4.700000e-01	4.800000e-01	1.112379e-05	5.377291e-04	5.377291e-04
4.800000e-01	4.900000e-01	3.431899e-03	9.393688e-03	9.393688e-03
4.900000e-01	5.000000e-01	1.005140e-02	1.589134e-02	1.589134e-02
5.000000e-01	5.100000e-01	2.869432e-02	2.386625e-02	2.386625e-02
5.100000e-01	5.200000e-01	4.251163e-02	2.455008e-02	2.455008e-02
5.200000e-01	5.300000e-01	2.004878e-02	2.191765e-02	2.191765e-02
5.300000e-01	5.400000e-01	7.382952e-03	1.360721e-02	1.360721e-02
5.400000e-01	5.500000e-01	3.091058e-02	2.651738e-02	2.651738e-02
5.500000e-01	5.600000e-01	5.325708e-03	1.155472e-02	1.155472e-02
5.600000e-01	5.700000e-01	4.727056e-04	3.496860e-03	3.496860e-03
5.700000e-01	5.800000e-01	7.559198e-04	4.415288e-03	4.415288e-03
5.800000e-01	5.900000e-01	1.080088e-02	1.592909e-02	1.592909e-02
5.900000e-01	6.000000e-01	4.207755e-03	1.020605e-02	1.020605e-02
6.000000e-01	6.100000e-01	1.319693e-03	5.793759e-03	5.793759e-03
6.100000e-01	6.200000e-01	8.842999e-05	1.514266e-03	1.514266e-03
6.200000e-01	6.300000e-01	3.996469e-03	9.831285e-03	9.831285e-03
6.300000e-01	6.400000e-01	2.709783e-03	8.197711e-03	8.197711e-03
6.400000e-01	6.500000e-01	8.588174e-04	4.657427e-03	4.657427e-03
6.500000e-01	6.600000e-01	1.822394e-03	6.662175e-03	6.662175e-03
6.600000e-01	6.700000e-01	5.575325e-03	1.162536e-03	1.162536e-03
6.700000e-01	6.800000e-01	5.798528e-03	1.084003e-02	1.084003e-02
6.800000e-01	6.900000e-01	4.113839e-03	9.523495e-03	9.523495e-03
6.900000e-01	7.000000e-01	3.151270e-03	8.740053e-04	8.740053e-04
7.000000e-01	7.100000e-01	2.666460e-03	8.039678e-04	8.039678e-04
7.100000e-01	7.200000e-01	1.454432e-03	5.937697e-04	5.937697e-04
7.200000e-01	7.300000e-01	2.181649e-03	7.272163e-04	7.272163e-04
7.300000e-01	7.400000e-01	2.424054e-03	7.665533e-04	7.665533e-04
7.400000e-01	7.500000e-01	1.454432e-03	5.937697e-04	5.937697e-04
7.500000e-01	7.600000e-01	1.212027e-03	5.420351e-04	5.420351e-04
7.600000e-01	7.700000e-01	4.848109e-04	3.428131e-04	3.428131e-04
7.700000e-01	7.800000e-01	4.848109e-04	3.428131e-04	3.428131e-04
7.800000e-01	7.900000e-01	2.424054e-04	2.424054e-04	2.424054e-04
7.900000e-01	8.000000e-01	0.000000e+00	0.000000e+00	0.000000e+00
8.000000e-01	8.100000e-01	0.000000e+00	0.000000e+00	0.000000e+00
8.100000e-01	8.200000e-01	0.000000e+00	0.000000e+00	0.000000e+00
8.200000e-01	8.300000e-01	0.000000e+00	0.000000e+00	0.000000e+00
8.300000e-01	8.400000e-01	0.000000e+00	0.000000e+00	0.000000e+00
8.400000e-01	8.500000e-01	0.000000e+00	0.000000e+00	0.000000e+00
8.500000e-01	8.600000e-01	0.000000e+00	0.000000e+00	0.000000e+00
8.600000e-01	8.700000e-01	0.000000e+00	0.000000e+00	0.000000e+00
8.700000e-01	8.800000e-01	0.000000e+00	0.000000e+00	0.000000e+00
8.800000e-01	8.900000e-01	0.000000e+00	0.000000e+00	0.000000e+00
8.900000e-01	9.000000e-01	0.000000e+00	0.000000e+00	0.000000e+00
9.000000e-01	9.100000e-01	0.000000e+00	0.000000e+00	0.000000e+00
9.100000e-01	9.200000e-01	0.000000e+00	0.000000e+00	0.000000e+00
9.200000e-01	9.300000e-01	0.000000e+00	0.000000e+00	0.000000e+00
9.300000e-01	9.400000e-01	0.000000e+00	0.000000e+00	0.000000e+00
9.400000e-01	9.500000e-01	0.000000e+00	0.000000e+00	0.000000e+00
9.500000e-01	9.600000e-01	0.000000e+00	0.000000e+00	0.000000e+00
9.600000e-01	9.700000e-01	0.000000e+00	0.000000e+00	0.000000e+00
9.700000e-01	9.800000e-01	0.000000e+00	0.000000e+00	0.000000e+00
9.800000e-01	9.900000e-01	0.000000e+00	0.000000e+00	0.000000e+00
9.900000e-01	1.000000e+00	0.000000e+00	0.000000e+00	0.000000e+00
# END HISTO1D

