# BEGIN PLOT
LegendOnly=//home/frederic/Work/Software/LesHouches2017/lh2017-alphas/pythia-alphas/robustness/quark-as013650-as012285-parton.yoda/MC_LHJSS_Zjet/log_Angularity_zcut_0.05_beta_2_alpha_1 //home/frederic/Work/Software/LesHouches2017/lh2017-alphas/pythia-alphas/robustness/quark-as013650-as015015-parton.yoda/MC_LHJSS_Zjet/log_Angularity_zcut_0.05_beta_2_alpha_1 //home/frederic/Work/Software/LesHouches2017/lh2017-alphas/pythia-alphas/robustness/as013650-quark-robustness.yoda/MC_LHJSS_Zjet/log_Angularity_zcut_0.05_beta_2_alpha_1
DrawOnly=//home/frederic/Work/Software/LesHouches2017/lh2017-alphas/pythia-alphas/robustness/quark-as013650-as012285-parton.yoda/MC_LHJSS_Zjet/log_Angularity_zcut_0.05_beta_2_alpha_1 //home/frederic/Work/Software/LesHouches2017/lh2017-alphas/pythia-alphas/robustness/quark-as013650-as015015-parton.yoda/MC_LHJSS_Zjet/log_Angularity_zcut_0.05_beta_2_alpha_1 //home/frederic/Work/Software/LesHouches2017/lh2017-alphas/pythia-alphas/robustness/as013650-quark-robustness.yoda/MC_LHJSS_Zjet/log_Angularity_zcut_0.05_beta_2_alpha_1
Title=Angularity, $\alpha$ = 1 $z_{cut}$ = 0.05 $\beta$ = 2
RatioPlot=1
LogX=0
LogY=0
RatioPlotYLabel=Ratio
RatioPlotReference=//home/frederic/Work/Software/LesHouches2017/lh2017-alphas/pythia-alphas/robustness/quark-as013650-as012285-parton.yoda/MC_LHJSS_Zjet/log_Angularity_zcut_0.05_beta_2_alpha_1
XLabel=$e_\alpha$
YLabel=$1/\sigma \text{d}\sigma/\text{d}e_\alpha$
Legend=1
# END PLOT

# BEGIN HISTO1D //home/frederic/Work/Software/LesHouches2017/lh2017-alphas/pythia-alphas/robustness/quark-as013650-as012285-parton.yoda/MC_LHJSS_Zjet/log_Angularity_zcut_0.05_beta_2_alpha_1
LineColor=red
LineStyle=solid
NormalizeToSum=1
Path=//home/frederic/Work/Software/LesHouches2017/lh2017-alphas/pythia-alphas/robustness/quark-as013650-as012285-parton.yoda/MC_LHJSS_Zjet/log_Angularity_zcut_0.05_beta_2_alpha_1
ScaledBy=1.0
Title=quark-as013650-as012285-parton
XLabel=
YLabel=
# xlow	 xhigh	 val	 errminus	 errplus
0.000000e+00	1.000000e-01	0.000000e+00	0.000000e+00	0.000000e+00
1.000000e-01	2.000000e-01	0.000000e+00	0.000000e+00	0.000000e+00
2.000000e-01	3.000000e-01	1.350234e-05	4.413274e-05	4.413274e-05
3.000000e-01	4.000000e-01	2.585214e-04	1.818756e-04	1.818756e-04
4.000000e-01	5.000000e-01	8.164233e-05	1.135518e-04	1.135518e-04
5.000000e-01	6.000000e-01	3.302390e-05	7.326656e-05	7.326656e-05
6.000000e-01	7.000000e-01	2.435744e-04	1.979447e-04	1.979447e-04
7.000000e-01	8.000000e-01	2.627167e-04	2.064187e-04	2.064187e-04
8.000000e-01	9.000000e-01	3.932023e-04	2.525307e-04	2.525307e-04
9.000000e-01	1.000000e+00	1.438581e-04	1.531628e-04	1.531628e-04
1.000000e+00	1.100000e+00	3.909264e-04	2.522097e-04	2.522097e-04
1.100000e+00	1.200000e+00	3.823507e-04	2.495155e-04	2.495155e-04
1.200000e+00	1.300000e+00	8.257162e-04	3.661405e-04	3.661405e-04
1.300000e+00	1.400000e+00	2.210542e-04	1.899058e-04	1.899058e-04
1.400000e+00	1.500000e+00	6.444517e-04	3.238823e-04	3.238823e-04
1.500000e+00	1.600000e+00	3.407643e-04	2.357412e-04	2.357412e-04
1.600000e+00	1.700000e+00	8.749220e-04	3.772517e-04	3.772517e-04
1.700000e+00	1.800000e+00	1.028539e-03	4.089836e-04	4.089836e-04
1.800000e+00	1.900000e+00	2.173052e-03	5.930131e-04	5.930131e-04
1.900000e+00	2.000000e+00	9.517919e-04	3.935863e-04	3.935863e-04
2.000000e+00	2.100000e+00	3.188289e-04	2.281012e-04	2.281012e-04
2.100000e+00	2.200000e+00	6.556580e-04	3.269163e-04	3.269163e-04
2.200000e+00	2.300000e+00	6.786501e-04	3.325948e-04	3.325948e-04
2.300000e+00	2.400000e+00	4.919387e-04	2.832770e-04	2.832770e-04
2.400000e+00	2.500000e+00	5.648696e-04	3.035226e-04	3.035226e-04
2.500000e+00	2.600000e+00	9.492914e-04	3.932529e-04	3.932529e-04
2.600000e+00	2.700000e+00	1.595794e-03	5.093953e-04	5.093953e-04
2.700000e+00	2.800000e+00	8.840731e-04	3.795598e-04	3.795598e-04
2.800000e+00	2.900000e+00	1.133455e-03	4.296163e-04	4.296163e-04
2.900000e+00	3.000000e+00	7.851531e-04	3.577513e-04	3.577513e-04
3.000000e+00	3.100000e+00	7.955376e-04	3.601052e-04	3.601052e-04
3.100000e+00	3.200000e+00	7.488439e-04	3.494139e-04	3.494139e-04
3.200000e+00	3.300000e+00	1.092114e-03	4.217591e-04	4.217591e-04
3.300000e+00	3.400000e+00	9.404224e-04	3.914587e-04	3.914587e-04
3.400000e+00	3.500000e+00	8.082974e-04	3.629797e-04	3.629797e-04
3.500000e+00	3.600000e+00	9.841297e-04	4.004221e-04	4.004221e-04
3.600000e+00	3.700000e+00	1.313236e-03	4.623136e-04	4.623136e-04
3.700000e+00	3.800000e+00	1.330263e-03	4.652754e-04	4.652754e-04
3.800000e+00	3.900000e+00	4.121861e-04	2.593518e-04	2.593518e-04
3.900000e+00	4.000000e+00	6.274347e-06	3.201758e-05	3.201758e-05
4.000000e+00	4.100000e+00	1.029675e-04	1.296851e-04	1.296851e-04
4.100000e+00	4.200000e+00	3.630045e-04	2.433983e-04	2.433983e-04
4.200000e+00	4.300000e+00	9.464572e-06	3.932352e-05	3.932352e-05
4.300000e+00	4.400000e+00	8.001982e-05	1.143271e-04	1.143271e-04
4.400000e+00	4.500000e+00	5.824890e-06	3.084948e-05	3.084948e-05
4.500000e+00	4.600000e+00	2.076221e-05	5.824102e-05	5.824102e-05
4.600000e+00	4.700000e+00	1.221969e-04	1.412668e-04	1.412668e-04
4.700000e+00	4.800000e+00	2.247259e-04	1.915335e-04	1.915335e-04
4.800000e+00	4.900000e+00	3.848258e-04	2.505497e-04	2.505497e-04
4.900000e+00	5.000000e+00	6.183718e-04	3.174232e-04	3.174232e-04
5.000000e+00	5.100000e+00	1.615472e-03	5.118173e-04	5.118173e-04
5.100000e+00	5.200000e+00	1.593818e-03	5.081782e-04	5.081782e-04
5.200000e+00	5.300000e+00	1.874553e-03	5.504707e-04	5.504707e-04
5.300000e+00	5.400000e+00	3.438501e-03	7.414762e-04	7.414762e-04
5.400000e+00	5.500000e+00	2.756799e-03	6.645774e-04	6.645774e-04
5.500000e+00	5.600000e+00	2.949669e-03	6.859389e-04	6.859389e-04
5.600000e+00	5.700000e+00	3.487033e-03	7.432227e-04	7.432227e-04
5.700000e+00	5.800000e+00	5.087785e-03	8.885010e-04	8.885010e-04
5.800000e+00	5.900000e+00	5.291180e-03	9.026727e-04	9.026727e-04
5.900000e+00	6.000000e+00	4.799026e-03	8.570705e-04	8.570705e-04
6.000000e+00	6.100000e+00	5.018164e-03	8.709640e-04	8.709640e-04
6.100000e+00	6.200000e+00	5.716685e-03	9.186842e-04	9.186842e-04
6.200000e+00	6.300000e+00	4.998432e-03	8.594072e-04	8.594072e-04
6.300000e+00	6.400000e+00	4.994907e-03	8.527014e-04	8.527014e-04
6.400000e+00	6.500000e+00	5.037353e-03	8.511845e-04	8.511845e-04
6.500000e+00	6.600000e+00	4.924232e-03	8.391531e-04	8.391531e-04
6.600000e+00	6.700000e+00	4.252592e-03	7.767015e-04	7.767015e-04
6.700000e+00	6.800000e+00	2.890183e-03	6.472048e-04	6.472048e-04
6.800000e+00	6.900000e+00	3.005507e-03	6.512954e-04	6.512954e-04
6.900000e+00	7.000000e+00	2.148732e-03	5.547535e-04	5.547535e-04
7.000000e+00	7.100000e+00	1.459866e-03	4.609452e-04	4.609452e-04
7.100000e+00	7.200000e+00	1.872223e-03	5.031892e-04	5.031892e-04
7.200000e+00	7.300000e+00	9.351506e-04	3.679559e-04	3.679559e-04
7.300000e+00	7.400000e+00	8.812359e-04	3.507835e-04	3.507835e-04
7.400000e+00	7.500000e+00	8.161467e-04	3.354513e-04	3.354513e-04
7.500000e+00	7.600000e+00	1.452418e-04	1.508943e-04	1.508943e-04
7.600000e+00	7.700000e+00	7.216827e-04	3.089664e-04	3.089664e-04
7.700000e+00	7.800000e+00	2.789383e-04	2.026545e-04	2.026545e-04
7.800000e+00	7.900000e+00	3.214238e-04	2.139812e-04	2.139812e-04
7.900000e+00	8.000000e+00	9.671377e-05	1.218667e-04	1.218667e-04
8.000000e+00	8.100000e+00	5.465970e-06	2.982184e-05	2.982184e-05
8.100000e+00	8.200000e+00	1.885073e-04	1.597291e-04	1.597291e-04
8.200000e+00	8.300000e+00	1.260692e-04	1.363575e-04	1.363575e-04
8.300000e+00	8.400000e+00	5.400940e-05	8.826550e-05	8.826550e-05
8.400000e+00	8.500000e+00	8.156834e-05	1.040282e-04	1.040282e-04
8.500000e+00	8.600000e+00	5.400940e-05	8.826550e-05	8.826550e-05
8.600000e+00	8.700000e+00	7.598203e-07	1.111235e-05	1.111235e-05
8.700000e+00	8.800000e+00	1.679488e-07	5.236974e-06	5.236974e-06
8.800000e+00	8.900000e+00	3.039299e-06	2.222477e-05	2.222477e-05
8.900000e+00	9.000000e+00	2.279473e-06	1.924720e-05	1.924720e-05
9.000000e+00	9.100000e+00	1.181513e-04	1.170480e-04	1.170480e-04
9.100000e+00	9.200000e+00	2.700471e-05	6.241315e-05	6.241315e-05
9.200000e+00	9.300000e+00	1.149055e-04	8.125049e-05	8.125049e-05
9.300000e+00	9.400000e+00	1.149056e-04	8.125049e-05	8.125049e-05
9.400000e+00	9.500000e+00	1.519645e-06	1.571526e-05	1.571526e-05
9.500000e+00	9.600000e+00	7.598203e-07	1.111235e-05	1.111235e-05
9.600000e+00	9.700000e+00	2.424055e-05	2.424054e-05	2.424054e-05
9.700000e+00	9.800000e+00	2.424054e-05	2.424054e-05	2.424054e-05
9.800000e+00	9.900000e+00	5.745275e-05	5.745276e-05	5.745276e-05
9.900000e+00	1.000000e+01	0.000000e+00	0.000000e+00	0.000000e+00
1.000000e+01	1.010000e+01	5.745275e-05	5.745276e-05	5.745276e-05
1.010000e+01	1.020000e+01	5.745275e-05	5.745276e-05	5.745276e-05
1.020000e+01	1.030000e+01	0.000000e+00	0.000000e+00	0.000000e+00
1.030000e+01	1.040000e+01	0.000000e+00	0.000000e+00	0.000000e+00
1.040000e+01	1.050000e+01	0.000000e+00	0.000000e+00	0.000000e+00
1.050000e+01	1.060000e+01	0.000000e+00	0.000000e+00	0.000000e+00
1.060000e+01	1.070000e+01	0.000000e+00	0.000000e+00	0.000000e+00
1.070000e+01	1.080000e+01	2.424054e-05	2.424054e-05	2.424054e-05
1.080000e+01	1.090000e+01	0.000000e+00	0.000000e+00	0.000000e+00
1.090000e+01	1.100000e+01	0.000000e+00	0.000000e+00	0.000000e+00
1.100000e+01	1.110000e+01	0.000000e+00	0.000000e+00	0.000000e+00
1.110000e+01	1.120000e+01	2.424055e-05	2.424054e-05	2.424054e-05
1.120000e+01	1.130000e+01	5.745275e-05	5.745276e-05	5.745276e-05
1.130000e+01	1.140000e+01	0.000000e+00	0.000000e+00	0.000000e+00
1.140000e+01	1.150000e+01	0.000000e+00	0.000000e+00	0.000000e+00
1.150000e+01	1.160000e+01	0.000000e+00	0.000000e+00	0.000000e+00
1.160000e+01	1.170000e+01	0.000000e+00	0.000000e+00	0.000000e+00
1.170000e+01	1.180000e+01	0.000000e+00	0.000000e+00	0.000000e+00
1.180000e+01	1.190000e+01	0.000000e+00	0.000000e+00	0.000000e+00
1.190000e+01	1.200000e+01	0.000000e+00	0.000000e+00	0.000000e+00
1.200000e+01	1.210000e+01	0.000000e+00	0.000000e+00	0.000000e+00
1.210000e+01	1.220000e+01	0.000000e+00	0.000000e+00	0.000000e+00
1.220000e+01	1.230000e+01	0.000000e+00	0.000000e+00	0.000000e+00
1.230000e+01	1.240000e+01	0.000000e+00	0.000000e+00	0.000000e+00
1.240000e+01	1.250000e+01	0.000000e+00	0.000000e+00	0.000000e+00
1.250000e+01	1.260000e+01	0.000000e+00	0.000000e+00	0.000000e+00
1.260000e+01	1.270000e+01	0.000000e+00	0.000000e+00	0.000000e+00
1.270000e+01	1.280000e+01	0.000000e+00	0.000000e+00	0.000000e+00
1.280000e+01	1.290000e+01	0.000000e+00	0.000000e+00	0.000000e+00
1.290000e+01	1.300000e+01	0.000000e+00	0.000000e+00	0.000000e+00
1.300000e+01	1.310000e+01	0.000000e+00	0.000000e+00	0.000000e+00
1.310000e+01	1.320000e+01	0.000000e+00	0.000000e+00	0.000000e+00
1.320000e+01	1.330000e+01	0.000000e+00	0.000000e+00	0.000000e+00
1.330000e+01	1.340000e+01	0.000000e+00	0.000000e+00	0.000000e+00
1.340000e+01	1.350000e+01	0.000000e+00	0.000000e+00	0.000000e+00
1.350000e+01	1.360000e+01	0.000000e+00	0.000000e+00	0.000000e+00
1.360000e+01	1.370000e+01	0.000000e+00	0.000000e+00	0.000000e+00
1.370000e+01	1.380000e+01	0.000000e+00	0.000000e+00	0.000000e+00
1.380000e+01	1.390000e+01	0.000000e+00	0.000000e+00	0.000000e+00
1.390000e+01	1.400000e+01	0.000000e+00	0.000000e+00	0.000000e+00
1.400000e+01	1.410000e+01	0.000000e+00	0.000000e+00	0.000000e+00
1.410000e+01	1.420000e+01	0.000000e+00	0.000000e+00	0.000000e+00
1.420000e+01	1.430000e+01	0.000000e+00	0.000000e+00	0.000000e+00
1.430000e+01	1.440000e+01	0.000000e+00	0.000000e+00	0.000000e+00
1.440000e+01	1.450000e+01	0.000000e+00	0.000000e+00	0.000000e+00
1.450000e+01	1.460000e+01	0.000000e+00	0.000000e+00	0.000000e+00
1.460000e+01	1.470000e+01	0.000000e+00	0.000000e+00	0.000000e+00
1.470000e+01	1.480000e+01	0.000000e+00	0.000000e+00	0.000000e+00
1.480000e+01	1.490000e+01	0.000000e+00	0.000000e+00	0.000000e+00
1.490000e+01	1.500000e+01	0.000000e+00	0.000000e+00	0.000000e+00
# END HISTO1D

# BEGIN HISTO1D //home/frederic/Work/Software/LesHouches2017/lh2017-alphas/pythia-alphas/robustness/quark-as013650-as015015-parton.yoda/MC_LHJSS_Zjet/log_Angularity_zcut_0.05_beta_2_alpha_1
LineColor=blue
LineStyle=solid
NormalizeToSum=1
Path=//home/frederic/Work/Software/LesHouches2017/lh2017-alphas/pythia-alphas/robustness/quark-as013650-as015015-parton.yoda/MC_LHJSS_Zjet/log_Angularity_zcut_0.05_beta_2_alpha_1
ScaledBy=1.0
Title=quark-as013650-as015015-parton
XLabel=
YLabel=
# xlow	 xhigh	 val	 errminus	 errplus
0.000000e+00	1.000000e-01	0.000000e+00	0.000000e+00	0.000000e+00
1.000000e-01	2.000000e-01	4.126672e-05	4.126672e-05	4.126672e-05
2.000000e-01	3.000000e-01	6.695534e-05	7.726530e-05	7.726530e-05
3.000000e-01	4.000000e-01	3.230429e-06	2.055459e-05	2.055459e-05
4.000000e-01	5.000000e-01	2.796578e-07	6.052753e-06	6.052753e-06
5.000000e-01	6.000000e-01	2.069424e-04	1.626932e-04	1.626932e-04
6.000000e-01	7.000000e-01	2.911631e-04	1.939833e-04	1.939833e-04
7.000000e-01	8.000000e-01	3.270844e-04	2.062475e-04	2.062475e-04
8.000000e-01	9.000000e-01	2.327687e-04	1.743153e-04	1.743153e-04
9.000000e-01	1.000000e+00	3.976804e-04	2.277279e-04	2.277279e-04
1.000000e+00	1.100000e+00	3.714484e-04	2.202330e-04	2.202330e-04
1.100000e+00	1.200000e+00	5.258268e-04	2.619441e-04	2.619441e-04
1.200000e+00	1.300000e+00	2.408673e-04	1.775024e-04	1.775024e-04
1.300000e+00	1.400000e+00	3.982888e-04	2.281624e-04	2.281624e-04
1.400000e+00	1.500000e+00	1.224625e-04	1.266259e-04	1.266259e-04
1.500000e+00	1.600000e+00	5.712589e-04	2.732014e-04	2.732014e-04
1.600000e+00	1.700000e+00	5.463394e-04	2.672225e-04	2.672225e-04
1.700000e+00	1.800000e+00	4.371038e-04	2.390993e-04	2.390993e-04
1.800000e+00	1.900000e+00	4.790990e-04	2.503163e-04	2.503163e-04
1.900000e+00	2.000000e+00	9.590313e-04	3.538760e-04	3.538760e-04
2.000000e+00	2.100000e+00	9.643246e-04	3.548731e-04	3.548731e-04
2.100000e+00	2.200000e+00	1.094304e-03	3.779949e-04	3.779949e-04
2.200000e+00	2.300000e+00	1.606051e-03	4.576048e-04	4.576048e-04
2.300000e+00	2.400000e+00	1.046680e-03	3.697458e-04	3.697458e-04
2.400000e+00	2.500000e+00	9.669985e-04	3.554507e-04	3.554507e-04
2.500000e+00	2.600000e+00	5.448981e-04	2.669889e-04	2.669889e-04
2.600000e+00	2.700000e+00	6.942924e-04	3.013271e-04	3.013271e-04
2.700000e+00	2.800000e+00	5.237731e-04	2.617754e-04	2.617754e-04
2.800000e+00	2.900000e+00	1.372881e-03	4.233657e-04	4.233657e-04
2.900000e+00	3.000000e+00	1.298347e-03	4.117442e-04	4.117442e-04
3.000000e+00	3.100000e+00	1.374401e-03	4.235944e-04	4.235944e-04
3.100000e+00	3.200000e+00	5.341849e-04	2.643676e-04	2.643676e-04
3.200000e+00	3.300000e+00	4.106718e-04	2.318353e-04	2.318353e-04
3.300000e+00	3.400000e+00	7.866155e-04	3.207077e-04	3.207077e-04
3.400000e+00	3.500000e+00	8.329611e-04	3.299934e-04	3.299934e-04
3.500000e+00	3.600000e+00	3.775259e-04	2.222905e-04	2.222905e-04
3.600000e+00	3.700000e+00	2.209870e-04	1.701046e-04	1.701046e-04
3.700000e+00	3.800000e+00	4.114701e-04	2.320555e-04	2.320555e-04
3.800000e+00	3.900000e+00	1.861003e-04	1.561068e-04	1.561068e-04
3.900000e+00	4.000000e+00	3.099693e-04	2.014324e-04	2.014324e-04
4.000000e+00	4.100000e+00	2.528266e-04	1.819336e-04	1.819336e-04
4.100000e+00	4.200000e+00	1.289972e-05	4.110943e-05	4.110943e-05
4.200000e+00	4.300000e+00	1.142894e-04	1.223446e-04	1.223446e-04
4.300000e+00	4.400000e+00	1.149485e-05	3.880639e-05	3.880639e-05
4.400000e+00	4.500000e+00	6.185356e-05	9.001102e-05	9.001102e-05
4.500000e+00	4.600000e+00	3.429344e-04	2.118280e-04	2.118280e-04
4.600000e+00	4.700000e+00	6.753894e-04	2.970573e-04	2.970573e-04
4.700000e+00	4.800000e+00	2.371402e-03	5.543577e-04	5.543577e-04
4.800000e+00	4.900000e+00	2.252224e-03	5.401688e-04	5.401688e-04
4.900000e+00	5.000000e+00	3.540891e-03	6.743362e-04	6.743362e-04
5.000000e+00	5.100000e+00	3.980565e-03	7.130226e-04	7.130226e-04
5.100000e+00	5.200000e+00	5.701631e-03	8.457096e-04	8.457096e-04
5.200000e+00	5.300000e+00	5.798125e-03	8.501110e-04	8.501110e-04
5.300000e+00	5.400000e+00	5.758273e-03	8.431446e-04	8.431446e-04
5.400000e+00	5.500000e+00	8.021993e-03	9.745069e-04	9.745069e-04
5.500000e+00	5.600000e+00	7.903032e-03	9.581225e-04	9.581225e-04
5.600000e+00	5.700000e+00	8.449789e-03	9.751259e-04	9.751259e-04
5.700000e+00	5.800000e+00	7.806846e-03	9.240266e-04	9.240266e-04
5.800000e+00	5.900000e+00	7.511747e-03	8.968361e-04	8.968361e-04
5.900000e+00	6.000000e+00	6.702234e-03	8.347761e-04	8.347761e-04
6.000000e+00	6.100000e+00	7.056516e-03	8.210971e-04	8.210971e-04
6.100000e+00	6.200000e+00	5.387176e-03	7.287294e-04	7.287294e-04
6.200000e+00	6.300000e+00	5.542439e-03	7.131158e-04	7.131158e-04
6.300000e+00	6.400000e+00	5.124774e-03	6.657936e-04	6.657936e-04
6.400000e+00	6.500000e+00	5.673329e-03	6.378357e-04	6.378357e-04
6.500000e+00	6.600000e+00	4.190360e-03	6.022761e-04	6.022761e-04
6.600000e+00	6.700000e+00	3.705956e-03	5.458253e-04	5.458253e-04
6.700000e+00	6.800000e+00	3.169466e-03	5.016941e-04	5.016941e-04
6.800000e+00	6.900000e+00	2.124966e-03	4.370371e-04	4.370371e-04
6.900000e+00	7.000000e+00	2.429737e-03	4.063933e-04	4.063933e-04
7.000000e+00	7.100000e+00	1.939879e-03	3.646828e-04	3.646828e-04
7.100000e+00	7.200000e+00	7.751919e-04	2.762273e-04	2.762273e-04
7.200000e+00	7.300000e+00	1.307169e-03	2.776202e-04	2.776202e-04
7.300000e+00	7.400000e+00	1.045400e-03	2.015914e-04	2.015914e-04
7.400000e+00	7.500000e+00	5.704726e-04	2.117235e-04	2.117235e-04
7.500000e+00	7.600000e+00	3.327319e-04	1.871348e-04	1.871348e-04
7.600000e+00	7.700000e+00	2.720902e-04	1.613616e-04	1.613616e-04
7.700000e+00	7.800000e+00	2.148113e-04	1.499522e-04	1.499522e-04
7.800000e+00	7.900000e+00	3.075089e-04	1.536248e-04	1.536248e-04
7.900000e+00	8.000000e+00	2.195755e-04	1.365163e-04	1.365163e-04
8.000000e+00	8.100000e+00	7.266666e-05	9.419681e-05	9.419681e-05
8.100000e+00	8.200000e+00	4.488183e-05	7.168830e-05	7.168830e-05
8.200000e+00	8.300000e+00	1.875943e-04	1.161422e-04	1.161422e-04
8.300000e+00	8.400000e+00	2.244093e-05	5.069130e-05	5.069130e-05
8.400000e+00	8.500000e+00	6.200854e-07	8.999898e-06	8.999898e-06
8.500000e+00	8.600000e+00	2.244093e-05	5.069130e-05	5.069130e-05
8.600000e+00	8.700000e+00	4.848109e-05	3.428131e-05	3.428131e-05
8.700000e+00	8.800000e+00	2.753742e-08	1.899342e-06	1.899342e-06
8.800000e+00	8.900000e+00	9.908688e-05	9.300098e-05	9.300098e-05
8.900000e+00	9.000000e+00	1.739778e-06	1.506068e-05	1.506068e-05
9.000000e+00	9.100000e+00	4.848109e-05	3.428131e-05	3.428131e-05
9.100000e+00	9.200000e+00	5.799257e-07	8.695281e-06	8.695281e-06
9.200000e+00	9.300000e+00	0.000000e+00	0.000000e+00	0.000000e+00
9.300000e+00	9.400000e+00	4.126673e-05	4.126672e-05	4.126672e-05
9.400000e+00	9.500000e+00	9.696220e-05	4.848109e-05	4.848109e-05
9.500000e+00	9.600000e+00	5.799257e-07	8.695281e-06	8.695281e-06
9.600000e+00	9.700000e+00	2.424055e-05	2.424054e-05	2.424054e-05
9.700000e+00	9.800000e+00	2.424054e-05	2.424054e-05	2.424054e-05
9.800000e+00	9.900000e+00	0.000000e+00	0.000000e+00	0.000000e+00
9.900000e+00	1.000000e+01	4.126673e-05	4.126672e-05	4.126672e-05
1.000000e+01	1.010000e+01	4.126673e-05	4.126672e-05	4.126672e-05
1.010000e+01	1.020000e+01	4.126673e-05	4.126672e-05	4.126672e-05
1.020000e+01	1.030000e+01	0.000000e+00	0.000000e+00	0.000000e+00
1.030000e+01	1.040000e+01	0.000000e+00	0.000000e+00	0.000000e+00
1.040000e+01	1.050000e+01	0.000000e+00	0.000000e+00	0.000000e+00
1.050000e+01	1.060000e+01	0.000000e+00	0.000000e+00	0.000000e+00
1.060000e+01	1.070000e+01	0.000000e+00	0.000000e+00	0.000000e+00
1.070000e+01	1.080000e+01	2.424054e-05	2.424054e-05	2.424054e-05
1.080000e+01	1.090000e+01	0.000000e+00	0.000000e+00	0.000000e+00
1.090000e+01	1.100000e+01	0.000000e+00	0.000000e+00	0.000000e+00
1.100000e+01	1.110000e+01	0.000000e+00	0.000000e+00	0.000000e+00
1.110000e+01	1.120000e+01	2.424055e-05	2.424054e-05	2.424054e-05
1.120000e+01	1.130000e+01	0.000000e+00	0.000000e+00	0.000000e+00
1.130000e+01	1.140000e+01	0.000000e+00	0.000000e+00	0.000000e+00
1.140000e+01	1.150000e+01	0.000000e+00	0.000000e+00	0.000000e+00
1.150000e+01	1.160000e+01	0.000000e+00	0.000000e+00	0.000000e+00
1.160000e+01	1.170000e+01	0.000000e+00	0.000000e+00	0.000000e+00
1.170000e+01	1.180000e+01	0.000000e+00	0.000000e+00	0.000000e+00
1.180000e+01	1.190000e+01	0.000000e+00	0.000000e+00	0.000000e+00
1.190000e+01	1.200000e+01	0.000000e+00	0.000000e+00	0.000000e+00
1.200000e+01	1.210000e+01	0.000000e+00	0.000000e+00	0.000000e+00
1.210000e+01	1.220000e+01	0.000000e+00	0.000000e+00	0.000000e+00
1.220000e+01	1.230000e+01	0.000000e+00	0.000000e+00	0.000000e+00
1.230000e+01	1.240000e+01	0.000000e+00	0.000000e+00	0.000000e+00
1.240000e+01	1.250000e+01	0.000000e+00	0.000000e+00	0.000000e+00
1.250000e+01	1.260000e+01	0.000000e+00	0.000000e+00	0.000000e+00
1.260000e+01	1.270000e+01	0.000000e+00	0.000000e+00	0.000000e+00
1.270000e+01	1.280000e+01	0.000000e+00	0.000000e+00	0.000000e+00
1.280000e+01	1.290000e+01	0.000000e+00	0.000000e+00	0.000000e+00
1.290000e+01	1.300000e+01	0.000000e+00	0.000000e+00	0.000000e+00
1.300000e+01	1.310000e+01	0.000000e+00	0.000000e+00	0.000000e+00
1.310000e+01	1.320000e+01	0.000000e+00	0.000000e+00	0.000000e+00
1.320000e+01	1.330000e+01	0.000000e+00	0.000000e+00	0.000000e+00
1.330000e+01	1.340000e+01	0.000000e+00	0.000000e+00	0.000000e+00
1.340000e+01	1.350000e+01	0.000000e+00	0.000000e+00	0.000000e+00
1.350000e+01	1.360000e+01	0.000000e+00	0.000000e+00	0.000000e+00
1.360000e+01	1.370000e+01	0.000000e+00	0.000000e+00	0.000000e+00
1.370000e+01	1.380000e+01	0.000000e+00	0.000000e+00	0.000000e+00
1.380000e+01	1.390000e+01	0.000000e+00	0.000000e+00	0.000000e+00
1.390000e+01	1.400000e+01	0.000000e+00	0.000000e+00	0.000000e+00
1.400000e+01	1.410000e+01	0.000000e+00	0.000000e+00	0.000000e+00
1.410000e+01	1.420000e+01	0.000000e+00	0.000000e+00	0.000000e+00
1.420000e+01	1.430000e+01	0.000000e+00	0.000000e+00	0.000000e+00
1.430000e+01	1.440000e+01	0.000000e+00	0.000000e+00	0.000000e+00
1.440000e+01	1.450000e+01	0.000000e+00	0.000000e+00	0.000000e+00
1.450000e+01	1.460000e+01	0.000000e+00	0.000000e+00	0.000000e+00
1.460000e+01	1.470000e+01	0.000000e+00	0.000000e+00	0.000000e+00
1.470000e+01	1.480000e+01	0.000000e+00	0.000000e+00	0.000000e+00
1.480000e+01	1.490000e+01	0.000000e+00	0.000000e+00	0.000000e+00
1.490000e+01	1.500000e+01	0.000000e+00	0.000000e+00	0.000000e+00
# END HISTO1D

# BEGIN HISTO1D //home/frederic/Work/Software/LesHouches2017/lh2017-alphas/pythia-alphas/robustness/as013650-quark-robustness.yoda/MC_LHJSS_Zjet/log_Angularity_zcut_0.05_beta_2_alpha_1
LineColor=green
LineStyle=solid
NormalizeToSum=1
Path=//home/frederic/Work/Software/LesHouches2017/lh2017-alphas/pythia-alphas/robustness/as013650-quark-robustness.yoda/MC_LHJSS_Zjet/log_Angularity_zcut_0.05_beta_2_alpha_1
ScaledBy=1.0
Title=as013650-quark-robustness
XLabel=
YLabel=
# xlow	 xhigh	 val	 errminus	 errplus
0.000000e+00	1.000000e-01	0.000000e+00	0.000000e+00	0.000000e+00
1.000000e-01	2.000000e-01	0.000000e+00	0.000000e+00	0.000000e+00
2.000000e-01	3.000000e-01	2.424055e-05	2.424054e-05	2.424054e-05
3.000000e-01	4.000000e-01	7.272165e-04	1.327709e-04	1.327709e-04
4.000000e-01	5.000000e-01	7.682436e-06	1.411514e-04	1.411514e-04
5.000000e-01	6.000000e-01	1.601555e-06	6.451570e-05	6.451570e-05
6.000000e-01	7.000000e-01	6.449312e-04	1.277499e-03	1.277499e-03
7.000000e-01	8.000000e-01	8.566215e-04	1.479292e-03	1.479292e-03
8.000000e-01	9.000000e-01	6.529112e-04	1.296669e-03	1.296669e-03
9.000000e-01	1.000000e+00	4.010739e-04	1.018726e-03	1.018726e-03
1.000000e+00	1.100000e+00	1.097755e-03	1.681556e-03	1.681556e-03
1.100000e+00	1.200000e+00	8.356472e-04	1.468054e-03	1.468054e-03
1.200000e+00	1.300000e+00	3.148172e-04	9.035770e-04	9.035770e-04
1.300000e+00	1.400000e+00	4.328025e-04	1.059118e-03	1.059118e-03
1.400000e+00	1.500000e+00	5.355378e-04	1.178036e-03	1.178036e-03
1.500000e+00	1.600000e+00	1.422627e-04	6.078915e-04	6.078915e-04
1.600000e+00	1.700000e+00	1.062723e-03	1.658400e-03	1.658400e-03
1.700000e+00	1.800000e+00	7.110909e-04	1.357740e-03	1.357740e-03
1.800000e+00	1.900000e+00	3.234939e-04	9.164723e-04	9.164723e-04
1.900000e+00	2.000000e+00	5.120065e-05	3.647892e-04	3.647892e-04
2.000000e+00	2.100000e+00	6.677419e-05	4.165802e-04	4.165802e-04
2.100000e+00	2.200000e+00	1.553837e-04	6.353866e-04	6.353866e-04
2.200000e+00	2.300000e+00	5.395801e-04	1.183210e-03	1.183210e-03
2.300000e+00	2.400000e+00	1.055856e-04	5.238097e-04	5.238097e-04
2.400000e+00	2.500000e+00	1.665663e-05	2.080788e-04	2.080788e-04
2.500000e+00	2.600000e+00	9.640613e-04	1.581032e-03	1.581032e-03
2.600000e+00	2.700000e+00	8.185882e-04	1.457212e-03	1.457212e-03
2.700000e+00	2.800000e+00	2.551397e-03	2.567261e-03	2.567261e-03
2.800000e+00	2.900000e+00	1.466476e-04	6.172942e-04	6.172942e-04
2.900000e+00	3.000000e+00	4.849861e-04	1.122103e-03	1.122103e-03
3.000000e+00	3.100000e+00	2.819752e-03	2.698126e-03	2.698126e-03
3.100000e+00	3.200000e+00	3.584504e-05	3.052378e-04	3.052378e-04
3.200000e+00	3.300000e+00	1.446108e-03	1.935460e-03	1.935460e-03
3.300000e+00	3.400000e+00	6.706706e-04	1.319272e-03	1.319272e-03
3.400000e+00	3.500000e+00	3.215191e-03	2.879944e-03	2.879944e-03
3.500000e+00	3.600000e+00	1.896508e-03	2.215263e-03	2.215263e-03
3.600000e+00	3.700000e+00	4.438416e-03	3.379257e-03	3.379257e-03
3.700000e+00	3.800000e+00	2.790267e-03	2.684082e-03	2.684082e-03
3.800000e+00	3.900000e+00	3.014838e-03	2.789050e-03	2.789050e-03
3.900000e+00	4.000000e+00	1.808810e-03	2.163261e-03	2.163261e-03
4.000000e+00	4.100000e+00	5.201436e-03	3.653383e-03	3.653383e-03
4.100000e+00	4.200000e+00	3.564765e-03	3.030173e-03	3.030173e-03
4.200000e+00	4.300000e+00	2.723863e-03	2.651241e-03	2.651241e-03
4.300000e+00	4.400000e+00	5.994622e-03	3.916219e-03	3.916219e-03
4.400000e+00	4.500000e+00	3.000557e-03	2.780599e-03	2.780599e-03
4.500000e+00	4.600000e+00	2.475549e-03	2.526901e-03	2.526901e-03
4.600000e+00	4.700000e+00	2.827354e-05	2.710891e-04	2.710891e-04
4.700000e+00	4.800000e+00	2.862847e-04	8.621418e-04	8.621418e-04
4.800000e+00	4.900000e+00	5.628759e-03	3.764721e-03	3.764721e-03
4.900000e+00	5.000000e+00	1.038804e-02	5.012391e-03	5.012391e-03
5.000000e+00	5.100000e+00	1.085325e-02	5.086859e-03	5.086859e-03
5.100000e+00	5.200000e+00	1.613966e-02	5.954935e-03	5.954935e-03
5.200000e+00	5.300000e+00	2.234807e-02	6.523963e-03	6.523963e-03
5.300000e+00	5.400000e+00	3.000972e-02	6.296563e-03	6.296563e-03
5.400000e+00	5.500000e+00	3.034750e-02	5.708664e-03	5.708664e-03
5.500000e+00	5.600000e+00	3.367247e-02	3.621023e-03	3.621023e-03
5.600000e+00	5.700000e+00	3.320954e-02	8.972277e-04	8.972277e-04
5.700000e+00	5.800000e+00	2.331139e-02	3.468901e-03	3.468901e-03
5.800000e+00	5.900000e+00	2.382845e-02	7.600097e-04	7.600097e-04
5.900000e+00	6.000000e+00	1.573756e-02	3.281681e-03	3.281681e-03
6.000000e+00	6.100000e+00	1.628965e-02	6.283866e-04	6.283866e-04
6.100000e+00	6.200000e+00	1.335654e-02	5.690077e-04	5.690077e-04
6.200000e+00	6.300000e+00	1.180515e-02	5.349423e-04	5.349423e-04
6.300000e+00	6.400000e+00	9.890140e-03	4.896350e-04	4.896350e-04
6.400000e+00	6.500000e+00	8.775075e-03	4.612078e-04	4.612078e-04
6.500000e+00	6.600000e+00	8.096340e-03	4.430121e-04	4.430121e-04
6.600000e+00	6.700000e+00	6.472225e-03	3.960937e-04	3.960937e-04
6.700000e+00	6.800000e+00	5.454120e-03	3.636082e-04	3.636082e-04
6.800000e+00	6.900000e+00	4.363298e-03	3.252210e-04	3.252210e-04
6.900000e+00	7.000000e+00	3.587601e-03	2.948989e-04	2.948989e-04
7.000000e+00	7.100000e+00	2.884625e-03	2.644331e-04	2.644331e-04
7.100000e+00	7.200000e+00	1.915003e-03	2.154547e-04	2.154547e-04
7.200000e+00	7.300000e+00	1.745319e-03	2.056878e-04	2.056878e-04
7.300000e+00	7.400000e+00	1.163546e-03	1.679434e-04	1.679434e-04
7.400000e+00	7.500000e+00	9.696220e-04	1.533107e-04	1.533107e-04
7.500000e+00	7.600000e+00	9.938625e-04	1.552152e-04	1.552152e-04
7.600000e+00	7.700000e+00	6.302540e-04	1.236030e-04	1.236030e-04
7.700000e+00	7.800000e+00	6.302540e-04	1.236030e-04	1.236030e-04
7.800000e+00	7.900000e+00	5.090515e-04	1.110841e-04	1.110841e-04
7.900000e+00	8.000000e+00	4.120893e-04	9.994632e-05	9.994632e-05
8.000000e+00	8.100000e+00	5.332920e-04	1.136982e-04	1.136982e-04
8.100000e+00	8.200000e+00	1.939244e-04	6.856262e-05	6.856262e-05
8.200000e+00	8.300000e+00	2.908865e-04	8.397171e-05	8.397171e-05
8.300000e+00	8.400000e+00	9.696220e-05	4.848109e-05	4.848109e-05
8.400000e+00	8.500000e+00	7.272165e-05	4.198585e-05	4.198585e-05
8.500000e+00	8.600000e+00	9.696220e-05	4.848109e-05	4.848109e-05
8.600000e+00	8.700000e+00	4.848109e-05	3.428131e-05	3.428131e-05
8.700000e+00	8.800000e+00	1.212027e-04	5.420351e-05	5.420351e-05
8.800000e+00	8.900000e+00	1.939244e-04	6.856262e-05	6.856262e-05
8.900000e+00	9.000000e+00	1.454433e-04	5.937697e-05	5.937697e-05
9.000000e+00	9.100000e+00	4.848109e-05	3.428131e-05	3.428131e-05
9.100000e+00	9.200000e+00	4.848109e-05	3.428131e-05	3.428131e-05
9.200000e+00	9.300000e+00	0.000000e+00	0.000000e+00	0.000000e+00
9.300000e+00	9.400000e+00	0.000000e+00	0.000000e+00	0.000000e+00
9.400000e+00	9.500000e+00	9.696220e-05	4.848109e-05	4.848109e-05
9.500000e+00	9.600000e+00	4.848109e-05	3.428131e-05	3.428131e-05
9.600000e+00	9.700000e+00	2.424055e-05	2.424054e-05	2.424054e-05
9.700000e+00	9.800000e+00	2.424054e-05	2.424054e-05	2.424054e-05
9.800000e+00	9.900000e+00	0.000000e+00	0.000000e+00	0.000000e+00
9.900000e+00	1.000000e+01	0.000000e+00	0.000000e+00	0.000000e+00
1.000000e+01	1.010000e+01	0.000000e+00	0.000000e+00	0.000000e+00
1.010000e+01	1.020000e+01	0.000000e+00	0.000000e+00	0.000000e+00
1.020000e+01	1.030000e+01	0.000000e+00	0.000000e+00	0.000000e+00
1.030000e+01	1.040000e+01	0.000000e+00	0.000000e+00	0.000000e+00
1.040000e+01	1.050000e+01	0.000000e+00	0.000000e+00	0.000000e+00
1.050000e+01	1.060000e+01	0.000000e+00	0.000000e+00	0.000000e+00
1.060000e+01	1.070000e+01	0.000000e+00	0.000000e+00	0.000000e+00
1.070000e+01	1.080000e+01	2.424054e-05	2.424054e-05	2.424054e-05
1.080000e+01	1.090000e+01	0.000000e+00	0.000000e+00	0.000000e+00
1.090000e+01	1.100000e+01	0.000000e+00	0.000000e+00	0.000000e+00
1.100000e+01	1.110000e+01	0.000000e+00	0.000000e+00	0.000000e+00
1.110000e+01	1.120000e+01	2.424055e-05	2.424054e-05	2.424054e-05
1.120000e+01	1.130000e+01	0.000000e+00	0.000000e+00	0.000000e+00
1.130000e+01	1.140000e+01	0.000000e+00	0.000000e+00	0.000000e+00
1.140000e+01	1.150000e+01	0.000000e+00	0.000000e+00	0.000000e+00
1.150000e+01	1.160000e+01	0.000000e+00	0.000000e+00	0.000000e+00
1.160000e+01	1.170000e+01	0.000000e+00	0.000000e+00	0.000000e+00
1.170000e+01	1.180000e+01	0.000000e+00	0.000000e+00	0.000000e+00
1.180000e+01	1.190000e+01	0.000000e+00	0.000000e+00	0.000000e+00
1.190000e+01	1.200000e+01	0.000000e+00	0.000000e+00	0.000000e+00
1.200000e+01	1.210000e+01	0.000000e+00	0.000000e+00	0.000000e+00
1.210000e+01	1.220000e+01	0.000000e+00	0.000000e+00	0.000000e+00
1.220000e+01	1.230000e+01	0.000000e+00	0.000000e+00	0.000000e+00
1.230000e+01	1.240000e+01	0.000000e+00	0.000000e+00	0.000000e+00
1.240000e+01	1.250000e+01	0.000000e+00	0.000000e+00	0.000000e+00
1.250000e+01	1.260000e+01	0.000000e+00	0.000000e+00	0.000000e+00
1.260000e+01	1.270000e+01	0.000000e+00	0.000000e+00	0.000000e+00
1.270000e+01	1.280000e+01	0.000000e+00	0.000000e+00	0.000000e+00
1.280000e+01	1.290000e+01	0.000000e+00	0.000000e+00	0.000000e+00
1.290000e+01	1.300000e+01	0.000000e+00	0.000000e+00	0.000000e+00
1.300000e+01	1.310000e+01	0.000000e+00	0.000000e+00	0.000000e+00
1.310000e+01	1.320000e+01	0.000000e+00	0.000000e+00	0.000000e+00
1.320000e+01	1.330000e+01	0.000000e+00	0.000000e+00	0.000000e+00
1.330000e+01	1.340000e+01	0.000000e+00	0.000000e+00	0.000000e+00
1.340000e+01	1.350000e+01	0.000000e+00	0.000000e+00	0.000000e+00
1.350000e+01	1.360000e+01	0.000000e+00	0.000000e+00	0.000000e+00
1.360000e+01	1.370000e+01	0.000000e+00	0.000000e+00	0.000000e+00
1.370000e+01	1.380000e+01	0.000000e+00	0.000000e+00	0.000000e+00
1.380000e+01	1.390000e+01	0.000000e+00	0.000000e+00	0.000000e+00
1.390000e+01	1.400000e+01	0.000000e+00	0.000000e+00	0.000000e+00
1.400000e+01	1.410000e+01	0.000000e+00	0.000000e+00	0.000000e+00
1.410000e+01	1.420000e+01	0.000000e+00	0.000000e+00	0.000000e+00
1.420000e+01	1.430000e+01	0.000000e+00	0.000000e+00	0.000000e+00
1.430000e+01	1.440000e+01	0.000000e+00	0.000000e+00	0.000000e+00
1.440000e+01	1.450000e+01	0.000000e+00	0.000000e+00	0.000000e+00
1.450000e+01	1.460000e+01	0.000000e+00	0.000000e+00	0.000000e+00
1.460000e+01	1.470000e+01	0.000000e+00	0.000000e+00	0.000000e+00
1.470000e+01	1.480000e+01	0.000000e+00	0.000000e+00	0.000000e+00
1.480000e+01	1.490000e+01	0.000000e+00	0.000000e+00	0.000000e+00
1.490000e+01	1.500000e+01	0.000000e+00	0.000000e+00	0.000000e+00
# END HISTO1D

