# BEGIN PLOT
LegendOnly=//home/frederic/Work/Software/LesHouches2017/lh2017-alphas/pythia-alphas/robustness/quark-as013650-as012285-parton.yoda/MC_LHJSS_Zjet/log_theta_g_zcut_0.05_beta_1_alpha_1 //home/frederic/Work/Software/LesHouches2017/lh2017-alphas/pythia-alphas/robustness/quark-as013650-as015015-parton.yoda/MC_LHJSS_Zjet/log_theta_g_zcut_0.05_beta_1_alpha_1 //home/frederic/Work/Software/LesHouches2017/lh2017-alphas/pythia-alphas/robustness/as013650-quark-robustness.yoda/MC_LHJSS_Zjet/log_theta_g_zcut_0.05_beta_1_alpha_1
DrawOnly=//home/frederic/Work/Software/LesHouches2017/lh2017-alphas/pythia-alphas/robustness/quark-as013650-as012285-parton.yoda/MC_LHJSS_Zjet/log_theta_g_zcut_0.05_beta_1_alpha_1 //home/frederic/Work/Software/LesHouches2017/lh2017-alphas/pythia-alphas/robustness/quark-as013650-as015015-parton.yoda/MC_LHJSS_Zjet/log_theta_g_zcut_0.05_beta_1_alpha_1 //home/frederic/Work/Software/LesHouches2017/lh2017-alphas/pythia-alphas/robustness/as013650-quark-robustness.yoda/MC_LHJSS_Zjet/log_theta_g_zcut_0.05_beta_1_alpha_1
Title=$\theta_g$, $\alpha$ = 1 $z_{cut}$ = 0.05 $\beta$ = 1
RatioPlot=1
LogX=0
LogY=0
RatioPlotYLabel=Ratio
RatioPlotReference=//home/frederic/Work/Software/LesHouches2017/lh2017-alphas/pythia-alphas/robustness/quark-as013650-as012285-parton.yoda/MC_LHJSS_Zjet/log_theta_g_zcut_0.05_beta_1_alpha_1
XLabel=$\theta_g$
YLabel=$1/\sigma \text{d}\sigma/\text{d}\theta_g$
Legend=1
# END PLOT

# BEGIN HISTO1D //home/frederic/Work/Software/LesHouches2017/lh2017-alphas/pythia-alphas/robustness/quark-as013650-as012285-parton.yoda/MC_LHJSS_Zjet/log_theta_g_zcut_0.05_beta_1_alpha_1
LineColor=red
LineStyle=solid
NormalizeToSum=1
Path=//home/frederic/Work/Software/LesHouches2017/lh2017-alphas/pythia-alphas/robustness/quark-as013650-as012285-parton.yoda/MC_LHJSS_Zjet/log_theta_g_zcut_0.05_beta_1_alpha_1
ScaledBy=1.0
Title=quark-as013650-as012285-parton
XLabel=
YLabel=
# xlow	 xhigh	 val	 errminus	 errplus
0.000000e+00	1.000000e-01	3.714826e-04	2.409579e-04	2.409579e-04
1.000000e-01	2.000000e-01	7.576515e-04	3.500136e-04	3.500136e-04
2.000000e-01	3.000000e-01	5.337731e-04	2.950808e-04	2.950808e-04
3.000000e-01	4.000000e-01	4.649776e-04	2.754808e-04	2.754808e-04
4.000000e-01	5.000000e-01	9.594067e-04	3.954782e-04	3.954782e-04
5.000000e-01	6.000000e-01	5.349242e-04	2.954514e-04	2.954514e-04
6.000000e-01	7.000000e-01	4.933696e-04	2.837562e-04	2.837562e-04
7.000000e-01	8.000000e-01	1.283061e-03	4.571739e-04	4.571739e-04
8.000000e-01	9.000000e-01	4.748666e-04	2.783902e-04	2.783902e-04
9.000000e-01	1.000000e+00	5.943767e-04	3.114093e-04	3.114093e-04
1.000000e+00	1.100000e+00	4.352743e-04	2.665435e-04	2.665435e-04
1.100000e+00	1.200000e+00	4.322798e-04	2.656268e-04	2.656268e-04
1.200000e+00	1.300000e+00	4.873238e-04	2.820153e-04	2.820153e-04
1.300000e+00	1.400000e+00	7.225270e-04	3.433014e-04	3.433014e-04
1.400000e+00	1.500000e+00	9.868635e-04	4.011042e-04	4.011042e-04
1.500000e+00	1.600000e+00	9.489915e-04	3.933499e-04	3.933499e-04
1.600000e+00	1.700000e+00	5.709533e-04	3.052369e-04	3.052369e-04
1.700000e+00	1.800000e+00	5.987951e-04	3.125884e-04	3.125884e-04
1.800000e+00	1.900000e+00	7.191617e-04	3.425264e-04	3.425264e-04
1.900000e+00	2.000000e+00	8.295794e-04	3.678403e-04	3.678403e-04
2.000000e+00	2.100000e+00	1.433464e-03	4.832037e-04	4.832037e-04
2.100000e+00	2.200000e+00	7.545272e-04	3.508211e-04	3.508211e-04
2.200000e+00	2.300000e+00	3.408065e-04	2.358792e-04	2.358792e-04
2.300000e+00	2.400000e+00	6.678909e-05	1.044542e-04	1.044542e-04
2.400000e+00	2.500000e+00	6.420859e-05	1.024159e-04	1.024159e-04
2.500000e+00	2.600000e+00	1.407573e-05	4.795508e-05	4.795508e-05
2.600000e+00	2.700000e+00	3.124911e-05	7.145030e-05	7.145030e-05
2.700000e+00	2.800000e+00	1.283672e-04	1.447880e-04	1.447880e-04
2.800000e+00	2.900000e+00	2.300783e-04	1.937910e-04	1.937910e-04
2.900000e+00	3.000000e+00	2.985341e-04	2.206997e-04	2.206997e-04
3.000000e+00	3.100000e+00	3.415807e-04	2.360313e-04	2.360313e-04
3.100000e+00	3.200000e+00	6.436096e-04	3.236467e-04	3.236467e-04
3.200000e+00	3.300000e+00	1.397710e-03	4.756537e-04	4.756537e-04
3.300000e+00	3.400000e+00	1.428400e-03	4.804716e-04	4.804716e-04
3.400000e+00	3.500000e+00	1.998486e-03	5.666243e-04	5.666243e-04
3.500000e+00	3.600000e+00	2.262602e-03	6.014862e-04	6.014862e-04
3.600000e+00	3.700000e+00	1.222435e-03	4.439886e-04	4.439886e-04
3.700000e+00	3.800000e+00	1.550323e-03	4.987072e-04	4.987072e-04
3.800000e+00	3.900000e+00	2.085713e-03	5.758780e-04	5.758780e-04
3.900000e+00	4.000000e+00	2.362018e-03	6.099237e-04	6.099237e-04
4.000000e+00	4.100000e+00	1.866236e-03	5.436135e-04	5.436135e-04
4.100000e+00	4.200000e+00	1.244689e-03	4.454246e-04	4.454246e-04
4.200000e+00	4.300000e+00	1.530130e-03	4.917970e-04	4.917970e-04
4.300000e+00	4.400000e+00	2.413953e-03	6.108912e-04	6.108912e-04
4.400000e+00	4.500000e+00	2.152072e-03	5.753959e-04	5.753959e-04
4.500000e+00	4.600000e+00	2.020192e-03	5.572935e-04	5.572935e-04
4.600000e+00	4.700000e+00	2.155502e-03	5.707191e-04	5.707191e-04
4.700000e+00	4.800000e+00	2.011244e-03	5.522471e-04	5.522471e-04
4.800000e+00	4.900000e+00	2.345545e-03	5.890664e-04	5.890664e-04
4.900000e+00	5.000000e+00	2.479776e-03	6.004686e-04	6.004686e-04
5.000000e+00	5.100000e+00	1.288883e-03	4.440964e-04	4.440964e-04
5.100000e+00	5.200000e+00	1.667192e-03	4.978841e-04	4.978841e-04
5.200000e+00	5.300000e+00	1.277009e-03	4.373393e-04	4.373393e-04
5.300000e+00	5.400000e+00	1.515676e-03	4.681222e-04	4.681222e-04
5.400000e+00	5.500000e+00	9.128056e-04	3.694398e-04	3.694398e-04
5.500000e+00	5.600000e+00	2.574368e-04	2.011839e-04	2.011839e-04
5.600000e+00	5.700000e+00	1.422620e-04	1.496308e-04	1.496308e-04
5.700000e+00	5.800000e+00	3.732973e-05	7.753536e-05	7.753536e-05
5.800000e+00	5.900000e+00	2.201038e-04	1.794349e-04	1.794349e-04
5.900000e+00	6.000000e+00	4.053811e-04	2.138407e-04	2.138407e-04
6.000000e+00	6.100000e+00	9.451648e-05	1.167643e-04	1.167643e-04
6.100000e+00	6.200000e+00	8.101415e-05	1.081028e-04	1.081028e-04
6.200000e+00	6.300000e+00	1.790977e-06	1.701629e-05	1.701629e-05
6.300000e+00	6.400000e+00	1.181513e-04	1.170480e-04	1.170480e-04
6.400000e+00	6.500000e+00	9.484134e-06	3.863450e-05	3.863450e-05
6.500000e+00	6.600000e+00	1.790977e-06	1.701629e-05	1.701629e-05
6.600000e+00	6.700000e+00	0.000000e+00	0.000000e+00	0.000000e+00
6.700000e+00	6.800000e+00	0.000000e+00	0.000000e+00	0.000000e+00
6.800000e+00	6.900000e+00	1.350234e-05	4.413274e-05	4.413274e-05
6.900000e+00	7.000000e+00	0.000000e+00	0.000000e+00	0.000000e+00
7.000000e+00	7.100000e+00	7.272165e-05	4.198585e-05	4.198585e-05
7.100000e+00	7.200000e+00	4.848109e-05	3.428131e-05	3.428131e-05
7.200000e+00	7.300000e+00	0.000000e+00	0.000000e+00	0.000000e+00
7.300000e+00	7.400000e+00	0.000000e+00	0.000000e+00	0.000000e+00
7.400000e+00	7.500000e+00	0.000000e+00	0.000000e+00	0.000000e+00
7.500000e+00	7.600000e+00	5.745275e-05	5.745276e-05	5.745276e-05
7.600000e+00	7.700000e+00	0.000000e+00	0.000000e+00	0.000000e+00
7.700000e+00	7.800000e+00	0.000000e+00	0.000000e+00	0.000000e+00
7.800000e+00	7.900000e+00	0.000000e+00	0.000000e+00	0.000000e+00
7.900000e+00	8.000000e+00	0.000000e+00	0.000000e+00	0.000000e+00
8.000000e+00	8.100000e+00	0.000000e+00	0.000000e+00	0.000000e+00
8.100000e+00	8.200000e+00	0.000000e+00	0.000000e+00	0.000000e+00
8.200000e+00	8.300000e+00	0.000000e+00	0.000000e+00	0.000000e+00
8.300000e+00	8.400000e+00	0.000000e+00	0.000000e+00	0.000000e+00
8.400000e+00	8.500000e+00	0.000000e+00	0.000000e+00	0.000000e+00
8.500000e+00	8.600000e+00	0.000000e+00	0.000000e+00	0.000000e+00
8.600000e+00	8.700000e+00	0.000000e+00	0.000000e+00	0.000000e+00
8.700000e+00	8.800000e+00	0.000000e+00	0.000000e+00	0.000000e+00
8.800000e+00	8.900000e+00	0.000000e+00	0.000000e+00	0.000000e+00
8.900000e+00	9.000000e+00	0.000000e+00	0.000000e+00	0.000000e+00
9.000000e+00	9.100000e+00	0.000000e+00	0.000000e+00	0.000000e+00
9.100000e+00	9.200000e+00	0.000000e+00	0.000000e+00	0.000000e+00
9.200000e+00	9.300000e+00	0.000000e+00	0.000000e+00	0.000000e+00
9.300000e+00	9.400000e+00	0.000000e+00	0.000000e+00	0.000000e+00
9.400000e+00	9.500000e+00	0.000000e+00	0.000000e+00	0.000000e+00
9.500000e+00	9.600000e+00	0.000000e+00	0.000000e+00	0.000000e+00
9.600000e+00	9.700000e+00	0.000000e+00	0.000000e+00	0.000000e+00
9.700000e+00	9.800000e+00	0.000000e+00	0.000000e+00	0.000000e+00
9.800000e+00	9.900000e+00	0.000000e+00	0.000000e+00	0.000000e+00
9.900000e+00	1.000000e+01	0.000000e+00	0.000000e+00	0.000000e+00
1.000000e+01	1.010000e+01	0.000000e+00	0.000000e+00	0.000000e+00
1.010000e+01	1.020000e+01	0.000000e+00	0.000000e+00	0.000000e+00
1.020000e+01	1.030000e+01	0.000000e+00	0.000000e+00	0.000000e+00
1.030000e+01	1.040000e+01	0.000000e+00	0.000000e+00	0.000000e+00
1.040000e+01	1.050000e+01	0.000000e+00	0.000000e+00	0.000000e+00
1.050000e+01	1.060000e+01	0.000000e+00	0.000000e+00	0.000000e+00
1.060000e+01	1.070000e+01	0.000000e+00	0.000000e+00	0.000000e+00
1.070000e+01	1.080000e+01	0.000000e+00	0.000000e+00	0.000000e+00
1.080000e+01	1.090000e+01	0.000000e+00	0.000000e+00	0.000000e+00
1.090000e+01	1.100000e+01	0.000000e+00	0.000000e+00	0.000000e+00
1.100000e+01	1.110000e+01	0.000000e+00	0.000000e+00	0.000000e+00
1.110000e+01	1.120000e+01	0.000000e+00	0.000000e+00	0.000000e+00
1.120000e+01	1.130000e+01	0.000000e+00	0.000000e+00	0.000000e+00
1.130000e+01	1.140000e+01	0.000000e+00	0.000000e+00	0.000000e+00
1.140000e+01	1.150000e+01	0.000000e+00	0.000000e+00	0.000000e+00
1.150000e+01	1.160000e+01	0.000000e+00	0.000000e+00	0.000000e+00
1.160000e+01	1.170000e+01	0.000000e+00	0.000000e+00	0.000000e+00
1.170000e+01	1.180000e+01	0.000000e+00	0.000000e+00	0.000000e+00
1.180000e+01	1.190000e+01	0.000000e+00	0.000000e+00	0.000000e+00
1.190000e+01	1.200000e+01	0.000000e+00	0.000000e+00	0.000000e+00
1.200000e+01	1.210000e+01	0.000000e+00	0.000000e+00	0.000000e+00
1.210000e+01	1.220000e+01	0.000000e+00	0.000000e+00	0.000000e+00
1.220000e+01	1.230000e+01	0.000000e+00	0.000000e+00	0.000000e+00
1.230000e+01	1.240000e+01	0.000000e+00	0.000000e+00	0.000000e+00
1.240000e+01	1.250000e+01	0.000000e+00	0.000000e+00	0.000000e+00
1.250000e+01	1.260000e+01	0.000000e+00	0.000000e+00	0.000000e+00
1.260000e+01	1.270000e+01	0.000000e+00	0.000000e+00	0.000000e+00
1.270000e+01	1.280000e+01	0.000000e+00	0.000000e+00	0.000000e+00
1.280000e+01	1.290000e+01	0.000000e+00	0.000000e+00	0.000000e+00
1.290000e+01	1.300000e+01	0.000000e+00	0.000000e+00	0.000000e+00
1.300000e+01	1.310000e+01	0.000000e+00	0.000000e+00	0.000000e+00
1.310000e+01	1.320000e+01	0.000000e+00	0.000000e+00	0.000000e+00
1.320000e+01	1.330000e+01	0.000000e+00	0.000000e+00	0.000000e+00
1.330000e+01	1.340000e+01	0.000000e+00	0.000000e+00	0.000000e+00
1.340000e+01	1.350000e+01	0.000000e+00	0.000000e+00	0.000000e+00
1.350000e+01	1.360000e+01	0.000000e+00	0.000000e+00	0.000000e+00
1.360000e+01	1.370000e+01	0.000000e+00	0.000000e+00	0.000000e+00
1.370000e+01	1.380000e+01	0.000000e+00	0.000000e+00	0.000000e+00
1.380000e+01	1.390000e+01	0.000000e+00	0.000000e+00	0.000000e+00
1.390000e+01	1.400000e+01	0.000000e+00	0.000000e+00	0.000000e+00
1.400000e+01	1.410000e+01	0.000000e+00	0.000000e+00	0.000000e+00
1.410000e+01	1.420000e+01	0.000000e+00	0.000000e+00	0.000000e+00
1.420000e+01	1.430000e+01	0.000000e+00	0.000000e+00	0.000000e+00
1.430000e+01	1.440000e+01	0.000000e+00	0.000000e+00	0.000000e+00
1.440000e+01	1.450000e+01	0.000000e+00	0.000000e+00	0.000000e+00
1.450000e+01	1.460000e+01	0.000000e+00	0.000000e+00	0.000000e+00
1.460000e+01	1.470000e+01	0.000000e+00	0.000000e+00	0.000000e+00
1.470000e+01	1.480000e+01	0.000000e+00	0.000000e+00	0.000000e+00
1.480000e+01	1.490000e+01	0.000000e+00	0.000000e+00	0.000000e+00
1.490000e+01	1.500000e+01	0.000000e+00	0.000000e+00	0.000000e+00
# END HISTO1D

# BEGIN HISTO1D //home/frederic/Work/Software/LesHouches2017/lh2017-alphas/pythia-alphas/robustness/quark-as013650-as015015-parton.yoda/MC_LHJSS_Zjet/log_theta_g_zcut_0.05_beta_1_alpha_1
LineColor=blue
LineStyle=solid
NormalizeToSum=1
Path=//home/frederic/Work/Software/LesHouches2017/lh2017-alphas/pythia-alphas/robustness/quark-as013650-as015015-parton.yoda/MC_LHJSS_Zjet/log_theta_g_zcut_0.05_beta_1_alpha_1
ScaledBy=1.0
Title=quark-as013650-as015015-parton
XLabel=
YLabel=
# xlow	 xhigh	 val	 errminus	 errplus
0.000000e+00	1.000000e-01	1.217917e-04	1.257003e-04	1.257003e-04
1.000000e-01	2.000000e-01	6.722432e-04	2.956968e-04	2.956968e-04
2.000000e-01	3.000000e-01	5.221173e-04	2.613591e-04	2.613591e-04
3.000000e-01	4.000000e-01	1.426105e-04	1.366685e-04	1.366685e-04
4.000000e-01	5.000000e-01	2.590956e-04	1.841915e-04	1.841915e-04
5.000000e-01	6.000000e-01	5.080567e-04	2.578590e-04	2.578590e-04
6.000000e-01	7.000000e-01	2.584423e-04	1.839587e-04	1.839587e-04
7.000000e-01	8.000000e-01	2.558597e-04	1.830389e-04	1.830389e-04
8.000000e-01	9.000000e-01	6.811897e-04	2.985241e-04	2.985241e-04
9.000000e-01	1.000000e+00	5.049618e-04	2.570693e-04	2.570693e-04
1.000000e+00	1.100000e+00	1.039306e-03	3.685979e-04	3.685979e-04
1.100000e+00	1.200000e+00	5.546107e-04	2.693990e-04	2.693990e-04
1.200000e+00	1.300000e+00	7.669489e-04	3.167328e-04	3.167328e-04
1.300000e+00	1.400000e+00	8.767925e-04	3.386225e-04	3.386225e-04
1.400000e+00	1.500000e+00	9.014718e-04	3.433565e-04	3.433565e-04
1.500000e+00	1.600000e+00	6.791687e-04	2.980934e-04	2.980934e-04
1.600000e+00	1.700000e+00	1.276481e-03	4.084347e-04	4.084347e-04
1.700000e+00	1.800000e+00	6.082667e-04	2.821317e-04	2.821317e-04
1.800000e+00	1.900000e+00	4.172000e-04	2.336994e-04	2.336994e-04
1.900000e+00	2.000000e+00	7.371539e-04	3.105527e-04	3.105527e-04
2.000000e+00	2.100000e+00	3.831111e-04	2.239551e-04	2.239551e-04
2.100000e+00	2.200000e+00	6.616262e-05	9.309720e-05	9.309720e-05
2.200000e+00	2.300000e+00	2.301894e-05	5.491503e-05	5.491503e-05
2.300000e+00	2.400000e+00	1.222110e-05	4.001368e-05	4.001368e-05
2.400000e+00	2.500000e+00	6.564724e-05	9.273203e-05	9.273203e-05
2.500000e+00	2.600000e+00	8.263232e-06	3.290253e-05	3.290253e-05
2.600000e+00	2.700000e+00	1.384517e-04	1.346497e-04	1.346497e-04
2.700000e+00	2.800000e+00	1.311959e-03	4.134637e-04	4.134637e-04
2.800000e+00	2.900000e+00	7.625081e-04	3.154942e-04	3.154942e-04
2.900000e+00	3.000000e+00	2.072717e-03	5.180848e-04	5.180848e-04
3.000000e+00	3.100000e+00	2.706265e-03	5.902653e-04	5.902653e-04
3.100000e+00	3.200000e+00	1.706446e-03	4.697792e-04	4.697792e-04
3.200000e+00	3.300000e+00	2.552687e-03	5.715829e-04	5.715829e-04
3.300000e+00	3.400000e+00	1.800741e-03	4.812019e-04	4.812019e-04
3.400000e+00	3.500000e+00	2.445907e-03	5.575244e-04	5.575244e-04
3.500000e+00	3.600000e+00	3.105489e-03	6.230163e-04	6.230163e-04
3.600000e+00	3.700000e+00	3.023318e-03	6.139369e-04	6.139369e-04
3.700000e+00	3.800000e+00	3.837614e-03	6.826713e-04	6.826713e-04
3.800000e+00	3.900000e+00	2.290179e-03	5.345235e-04	5.345235e-04
3.900000e+00	4.000000e+00	2.227809e-03	5.240762e-04	5.240762e-04
4.000000e+00	4.100000e+00	2.774186e-03	5.780141e-04	5.780141e-04
4.100000e+00	4.200000e+00	3.007876e-03	5.940952e-04	5.940952e-04
4.200000e+00	4.300000e+00	3.175112e-03	6.021338e-04	6.021338e-04
4.300000e+00	4.400000e+00	3.037664e-03	5.838943e-04	5.838943e-04
4.400000e+00	4.500000e+00	2.363035e-03	5.168129e-04	5.168129e-04
4.500000e+00	4.600000e+00	1.909454e-03	4.700623e-04	4.700623e-04
4.600000e+00	4.700000e+00	2.329121e-03	4.951120e-04	4.951120e-04
4.700000e+00	4.800000e+00	2.467674e-03	5.038337e-04	5.038337e-04
4.800000e+00	4.900000e+00	1.468218e-03	4.054279e-04	4.054279e-04
4.900000e+00	5.000000e+00	1.573161e-03	4.087696e-04	4.087696e-04
5.000000e+00	5.100000e+00	1.846072e-03	4.358800e-04	4.358800e-04
5.100000e+00	5.200000e+00	1.156280e-03	3.583803e-04	3.583803e-04
5.200000e+00	5.300000e+00	2.197312e-03	4.093121e-04	4.093121e-04
5.300000e+00	5.400000e+00	1.451176e-03	3.537512e-04	3.537512e-04
5.400000e+00	5.500000e+00	1.288129e-03	3.353197e-04	3.353197e-04
5.500000e+00	5.600000e+00	1.199852e-03	2.981734e-04	2.981734e-04
5.600000e+00	5.700000e+00	9.730413e-04	1.967298e-04	1.967298e-04
5.700000e+00	5.800000e+00	7.082492e-04	1.771290e-04	1.771290e-04
5.800000e+00	5.900000e+00	6.404702e-05	8.835775e-05	8.835775e-05
5.900000e+00	6.000000e+00	1.739778e-06	1.506068e-05	1.506068e-05
6.000000e+00	6.100000e+00	3.011366e-05	5.984529e-05	5.984529e-05
6.100000e+00	6.200000e+00	1.454432e-04	5.937697e-05	5.937697e-05
6.200000e+00	6.300000e+00	7.272165e-05	4.198585e-05	4.198585e-05
6.300000e+00	6.400000e+00	4.848109e-05	3.428131e-05	3.428131e-05
6.400000e+00	6.500000e+00	7.272165e-05	4.198585e-05	4.198585e-05
6.500000e+00	6.600000e+00	8.679940e-06	3.272154e-05	3.272154e-05
6.600000e+00	6.700000e+00	0.000000e+00	0.000000e+00	0.000000e+00
6.700000e+00	6.800000e+00	4.126673e-05	4.126672e-05	4.126672e-05
6.800000e+00	6.900000e+00	4.425323e-06	2.347483e-05	2.347483e-05
6.900000e+00	7.000000e+00	4.126673e-05	4.126672e-05	4.126672e-05
7.000000e+00	7.100000e+00	7.272165e-05	4.198585e-05	4.198585e-05
7.100000e+00	7.200000e+00	4.848109e-05	3.428131e-05	3.428131e-05
7.200000e+00	7.300000e+00	0.000000e+00	0.000000e+00	0.000000e+00
7.300000e+00	7.400000e+00	0.000000e+00	0.000000e+00	0.000000e+00
7.400000e+00	7.500000e+00	0.000000e+00	0.000000e+00	0.000000e+00
7.500000e+00	7.600000e+00	0.000000e+00	0.000000e+00	0.000000e+00
7.600000e+00	7.700000e+00	0.000000e+00	0.000000e+00	0.000000e+00
7.700000e+00	7.800000e+00	0.000000e+00	0.000000e+00	0.000000e+00
7.800000e+00	7.900000e+00	0.000000e+00	0.000000e+00	0.000000e+00
7.900000e+00	8.000000e+00	0.000000e+00	0.000000e+00	0.000000e+00
8.000000e+00	8.100000e+00	0.000000e+00	0.000000e+00	0.000000e+00
8.100000e+00	8.200000e+00	0.000000e+00	0.000000e+00	0.000000e+00
8.200000e+00	8.300000e+00	0.000000e+00	0.000000e+00	0.000000e+00
8.300000e+00	8.400000e+00	0.000000e+00	0.000000e+00	0.000000e+00
8.400000e+00	8.500000e+00	0.000000e+00	0.000000e+00	0.000000e+00
8.500000e+00	8.600000e+00	0.000000e+00	0.000000e+00	0.000000e+00
8.600000e+00	8.700000e+00	0.000000e+00	0.000000e+00	0.000000e+00
8.700000e+00	8.800000e+00	0.000000e+00	0.000000e+00	0.000000e+00
8.800000e+00	8.900000e+00	0.000000e+00	0.000000e+00	0.000000e+00
8.900000e+00	9.000000e+00	0.000000e+00	0.000000e+00	0.000000e+00
9.000000e+00	9.100000e+00	0.000000e+00	0.000000e+00	0.000000e+00
9.100000e+00	9.200000e+00	0.000000e+00	0.000000e+00	0.000000e+00
9.200000e+00	9.300000e+00	0.000000e+00	0.000000e+00	0.000000e+00
9.300000e+00	9.400000e+00	0.000000e+00	0.000000e+00	0.000000e+00
9.400000e+00	9.500000e+00	0.000000e+00	0.000000e+00	0.000000e+00
9.500000e+00	9.600000e+00	0.000000e+00	0.000000e+00	0.000000e+00
9.600000e+00	9.700000e+00	0.000000e+00	0.000000e+00	0.000000e+00
9.700000e+00	9.800000e+00	0.000000e+00	0.000000e+00	0.000000e+00
9.800000e+00	9.900000e+00	0.000000e+00	0.000000e+00	0.000000e+00
9.900000e+00	1.000000e+01	0.000000e+00	0.000000e+00	0.000000e+00
1.000000e+01	1.010000e+01	0.000000e+00	0.000000e+00	0.000000e+00
1.010000e+01	1.020000e+01	0.000000e+00	0.000000e+00	0.000000e+00
1.020000e+01	1.030000e+01	0.000000e+00	0.000000e+00	0.000000e+00
1.030000e+01	1.040000e+01	0.000000e+00	0.000000e+00	0.000000e+00
1.040000e+01	1.050000e+01	0.000000e+00	0.000000e+00	0.000000e+00
1.050000e+01	1.060000e+01	0.000000e+00	0.000000e+00	0.000000e+00
1.060000e+01	1.070000e+01	0.000000e+00	0.000000e+00	0.000000e+00
1.070000e+01	1.080000e+01	0.000000e+00	0.000000e+00	0.000000e+00
1.080000e+01	1.090000e+01	0.000000e+00	0.000000e+00	0.000000e+00
1.090000e+01	1.100000e+01	0.000000e+00	0.000000e+00	0.000000e+00
1.100000e+01	1.110000e+01	0.000000e+00	0.000000e+00	0.000000e+00
1.110000e+01	1.120000e+01	0.000000e+00	0.000000e+00	0.000000e+00
1.120000e+01	1.130000e+01	0.000000e+00	0.000000e+00	0.000000e+00
1.130000e+01	1.140000e+01	0.000000e+00	0.000000e+00	0.000000e+00
1.140000e+01	1.150000e+01	0.000000e+00	0.000000e+00	0.000000e+00
1.150000e+01	1.160000e+01	0.000000e+00	0.000000e+00	0.000000e+00
1.160000e+01	1.170000e+01	0.000000e+00	0.000000e+00	0.000000e+00
1.170000e+01	1.180000e+01	0.000000e+00	0.000000e+00	0.000000e+00
1.180000e+01	1.190000e+01	0.000000e+00	0.000000e+00	0.000000e+00
1.190000e+01	1.200000e+01	0.000000e+00	0.000000e+00	0.000000e+00
1.200000e+01	1.210000e+01	0.000000e+00	0.000000e+00	0.000000e+00
1.210000e+01	1.220000e+01	0.000000e+00	0.000000e+00	0.000000e+00
1.220000e+01	1.230000e+01	0.000000e+00	0.000000e+00	0.000000e+00
1.230000e+01	1.240000e+01	0.000000e+00	0.000000e+00	0.000000e+00
1.240000e+01	1.250000e+01	0.000000e+00	0.000000e+00	0.000000e+00
1.250000e+01	1.260000e+01	0.000000e+00	0.000000e+00	0.000000e+00
1.260000e+01	1.270000e+01	0.000000e+00	0.000000e+00	0.000000e+00
1.270000e+01	1.280000e+01	0.000000e+00	0.000000e+00	0.000000e+00
1.280000e+01	1.290000e+01	0.000000e+00	0.000000e+00	0.000000e+00
1.290000e+01	1.300000e+01	0.000000e+00	0.000000e+00	0.000000e+00
1.300000e+01	1.310000e+01	0.000000e+00	0.000000e+00	0.000000e+00
1.310000e+01	1.320000e+01	0.000000e+00	0.000000e+00	0.000000e+00
1.320000e+01	1.330000e+01	0.000000e+00	0.000000e+00	0.000000e+00
1.330000e+01	1.340000e+01	0.000000e+00	0.000000e+00	0.000000e+00
1.340000e+01	1.350000e+01	0.000000e+00	0.000000e+00	0.000000e+00
1.350000e+01	1.360000e+01	0.000000e+00	0.000000e+00	0.000000e+00
1.360000e+01	1.370000e+01	0.000000e+00	0.000000e+00	0.000000e+00
1.370000e+01	1.380000e+01	0.000000e+00	0.000000e+00	0.000000e+00
1.380000e+01	1.390000e+01	0.000000e+00	0.000000e+00	0.000000e+00
1.390000e+01	1.400000e+01	0.000000e+00	0.000000e+00	0.000000e+00
1.400000e+01	1.410000e+01	0.000000e+00	0.000000e+00	0.000000e+00
1.410000e+01	1.420000e+01	0.000000e+00	0.000000e+00	0.000000e+00
1.420000e+01	1.430000e+01	0.000000e+00	0.000000e+00	0.000000e+00
1.430000e+01	1.440000e+01	0.000000e+00	0.000000e+00	0.000000e+00
1.440000e+01	1.450000e+01	0.000000e+00	0.000000e+00	0.000000e+00
1.450000e+01	1.460000e+01	0.000000e+00	0.000000e+00	0.000000e+00
1.460000e+01	1.470000e+01	0.000000e+00	0.000000e+00	0.000000e+00
1.470000e+01	1.480000e+01	0.000000e+00	0.000000e+00	0.000000e+00
1.480000e+01	1.490000e+01	0.000000e+00	0.000000e+00	0.000000e+00
1.490000e+01	1.500000e+01	0.000000e+00	0.000000e+00	0.000000e+00
# END HISTO1D

# BEGIN HISTO1D //home/frederic/Work/Software/LesHouches2017/lh2017-alphas/pythia-alphas/robustness/as013650-quark-robustness.yoda/MC_LHJSS_Zjet/log_theta_g_zcut_0.05_beta_1_alpha_1
LineColor=green
LineStyle=solid
NormalizeToSum=1
Path=//home/frederic/Work/Software/LesHouches2017/lh2017-alphas/pythia-alphas/robustness/as013650-quark-robustness.yoda/MC_LHJSS_Zjet/log_theta_g_zcut_0.05_beta_1_alpha_1
ScaledBy=1.0
Title=as013650-quark-robustness
XLabel=
YLabel=
# xlow	 xhigh	 val	 errminus	 errplus
0.000000e+00	1.000000e-01	9.209131e-06	1.546546e-04	1.546546e-04
1.000000e-01	2.000000e-01	7.295370e-04	1.371851e-03	1.371851e-03
2.000000e-01	3.000000e-01	1.041444e-04	5.202362e-04	5.202362e-04
3.000000e-01	4.000000e-01	7.224300e-04	1.369222e-03	1.369222e-03
4.000000e-01	5.000000e-01	4.672413e-04	1.101492e-03	1.101492e-03
5.000000e-01	6.000000e-01	4.397359e-04	1.068661e-03	1.068661e-03
6.000000e-01	7.000000e-01	4.754691e-05	3.515466e-04	3.515466e-04
7.000000e-01	8.000000e-01	2.140614e-04	7.457896e-04	7.457896e-04
8.000000e-01	9.000000e-01	3.021310e-03	2.791750e-03	2.791750e-03
9.000000e-01	1.000000e+00	4.647497e-04	1.098535e-03	1.098535e-03
1.000000e+00	1.100000e+00	3.852030e-03	3.148519e-03	3.148519e-03
1.100000e+00	1.200000e+00	1.780580e-03	2.146699e-03	2.146699e-03
1.200000e+00	1.300000e+00	8.936268e-04	1.522726e-03	1.522726e-03
1.300000e+00	1.400000e+00	1.299839e-04	5.812017e-04	5.812017e-04
1.400000e+00	1.500000e+00	3.882662e-04	1.004245e-03	1.004245e-03
1.500000e+00	1.600000e+00	5.580736e-04	1.203784e-03	1.203784e-03
1.600000e+00	1.700000e+00	7.846959e-04	1.427120e-03	1.427120e-03
1.700000e+00	1.800000e+00	7.320439e-05	4.361965e-04	4.361965e-04
1.800000e+00	1.900000e+00	2.216389e-03	2.395515e-03	2.395515e-03
1.900000e+00	2.000000e+00	2.501524e-03	2.544339e-03	2.544339e-03
2.000000e+00	2.100000e+00	5.425251e-03	3.737885e-03	3.737885e-03
2.100000e+00	2.200000e+00	3.204156e-03	2.877510e-03	2.877510e-03
2.200000e+00	2.300000e+00	9.206562e-03	4.851134e-03	4.851134e-03
2.300000e+00	2.400000e+00	4.221319e-03	3.298187e-03	3.298187e-03
2.400000e+00	2.500000e+00	8.669212e-03	4.703744e-03	4.703744e-03
2.500000e+00	2.600000e+00	4.165217e-03	3.273245e-03	3.273245e-03
2.600000e+00	2.700000e+00	6.977544e-04	1.345318e-03	1.345318e-03
2.700000e+00	2.800000e+00	4.222764e-03	3.291192e-03	3.291192e-03
2.800000e+00	2.900000e+00	3.868416e-06	1.002785e-04	1.002785e-04
2.900000e+00	3.000000e+00	1.639448e-03	2.054821e-03	2.054821e-03
3.000000e+00	3.100000e+00	3.355771e-03	2.919763e-03	2.919763e-03
3.100000e+00	3.200000e+00	3.629206e-03	3.024436e-03	3.024436e-03
3.200000e+00	3.300000e+00	7.994875e-06	1.441576e-04	1.441576e-04
3.300000e+00	3.400000e+00	7.895190e-03	4.287256e-03	4.287256e-03
3.400000e+00	3.500000e+00	9.167378e-03	4.505080e-03	4.505080e-03
3.500000e+00	3.600000e+00	9.823005e-03	4.535593e-03	4.535593e-03
3.600000e+00	3.700000e+00	1.528450e-02	4.957702e-03	4.957702e-03
3.700000e+00	3.800000e+00	7.198101e-03	3.945039e-03	3.945039e-03
3.800000e+00	3.900000e+00	1.136070e-02	4.328123e-03	4.328123e-03
3.900000e+00	4.000000e+00	9.661169e-03	3.905457e-03	3.905457e-03
4.000000e+00	4.100000e+00	1.404551e-02	3.221919e-03	3.221919e-03
4.100000e+00	4.200000e+00	9.056782e-03	3.535718e-03	3.535718e-03
4.200000e+00	4.300000e+00	1.011583e-02	3.034969e-03	3.034969e-03
4.300000e+00	4.400000e+00	5.944126e-03	3.106771e-03	3.106771e-03
4.400000e+00	4.500000e+00	9.502295e-03	4.799383e-04	4.799383e-04
4.500000e+00	4.600000e+00	8.799315e-03	4.618444e-04	4.618444e-04
4.600000e+00	4.700000e+00	3.920990e-03	2.396956e-03	2.396956e-03
4.700000e+00	4.800000e+00	3.833451e-03	2.380695e-03	2.380695e-03
4.800000e+00	4.900000e+00	5.623805e-03	3.692210e-04	3.692210e-04
4.900000e+00	5.000000e+00	4.848109e-03	3.428131e-04	3.428131e-04
5.000000e+00	5.100000e+00	5.138995e-03	3.529477e-04	3.529477e-04
5.100000e+00	5.200000e+00	4.266335e-03	3.215872e-04	3.215872e-04
5.200000e+00	5.300000e+00	3.611841e-03	2.958936e-04	2.958936e-04
5.300000e+00	5.400000e+00	2.787662e-03	2.599509e-04	2.599509e-04
5.400000e+00	5.500000e+00	2.521017e-03	2.472060e-04	2.472060e-04
5.500000e+00	5.600000e+00	1.915003e-03	2.154547e-04	2.154547e-04
5.600000e+00	5.700000e+00	1.090824e-03	1.626105e-04	1.626105e-04
5.700000e+00	5.800000e+00	8.241785e-04	1.413454e-04	1.413454e-04
5.800000e+00	5.900000e+00	4.605703e-04	1.056621e-04	1.056621e-04
5.900000e+00	6.000000e+00	1.454433e-04	5.937697e-05	5.937697e-05
6.000000e+00	6.100000e+00	1.696838e-04	6.413445e-05	6.413445e-05
6.100000e+00	6.200000e+00	1.454432e-04	5.937697e-05	5.937697e-05
6.200000e+00	6.300000e+00	7.272165e-05	4.198585e-05	4.198585e-05
6.300000e+00	6.400000e+00	4.848109e-05	3.428131e-05	3.428131e-05
6.400000e+00	6.500000e+00	7.272165e-05	4.198585e-05	4.198585e-05
6.500000e+00	6.600000e+00	7.272165e-05	4.198585e-05	4.198585e-05
6.600000e+00	6.700000e+00	0.000000e+00	0.000000e+00	0.000000e+00
6.700000e+00	6.800000e+00	0.000000e+00	0.000000e+00	0.000000e+00
6.800000e+00	6.900000e+00	2.424054e-05	2.424054e-05	2.424054e-05
6.900000e+00	7.000000e+00	0.000000e+00	0.000000e+00	0.000000e+00
7.000000e+00	7.100000e+00	7.272165e-05	4.198585e-05	4.198585e-05
7.100000e+00	7.200000e+00	4.848109e-05	3.428131e-05	3.428131e-05
7.200000e+00	7.300000e+00	0.000000e+00	0.000000e+00	0.000000e+00
7.300000e+00	7.400000e+00	0.000000e+00	0.000000e+00	0.000000e+00
7.400000e+00	7.500000e+00	0.000000e+00	0.000000e+00	0.000000e+00
7.500000e+00	7.600000e+00	0.000000e+00	0.000000e+00	0.000000e+00
7.600000e+00	7.700000e+00	0.000000e+00	0.000000e+00	0.000000e+00
7.700000e+00	7.800000e+00	0.000000e+00	0.000000e+00	0.000000e+00
7.800000e+00	7.900000e+00	0.000000e+00	0.000000e+00	0.000000e+00
7.900000e+00	8.000000e+00	0.000000e+00	0.000000e+00	0.000000e+00
8.000000e+00	8.100000e+00	0.000000e+00	0.000000e+00	0.000000e+00
8.100000e+00	8.200000e+00	0.000000e+00	0.000000e+00	0.000000e+00
8.200000e+00	8.300000e+00	0.000000e+00	0.000000e+00	0.000000e+00
8.300000e+00	8.400000e+00	0.000000e+00	0.000000e+00	0.000000e+00
8.400000e+00	8.500000e+00	0.000000e+00	0.000000e+00	0.000000e+00
8.500000e+00	8.600000e+00	0.000000e+00	0.000000e+00	0.000000e+00
8.600000e+00	8.700000e+00	0.000000e+00	0.000000e+00	0.000000e+00
8.700000e+00	8.800000e+00	0.000000e+00	0.000000e+00	0.000000e+00
8.800000e+00	8.900000e+00	0.000000e+00	0.000000e+00	0.000000e+00
8.900000e+00	9.000000e+00	0.000000e+00	0.000000e+00	0.000000e+00
9.000000e+00	9.100000e+00	0.000000e+00	0.000000e+00	0.000000e+00
9.100000e+00	9.200000e+00	0.000000e+00	0.000000e+00	0.000000e+00
9.200000e+00	9.300000e+00	0.000000e+00	0.000000e+00	0.000000e+00
9.300000e+00	9.400000e+00	0.000000e+00	0.000000e+00	0.000000e+00
9.400000e+00	9.500000e+00	0.000000e+00	0.000000e+00	0.000000e+00
9.500000e+00	9.600000e+00	0.000000e+00	0.000000e+00	0.000000e+00
9.600000e+00	9.700000e+00	0.000000e+00	0.000000e+00	0.000000e+00
9.700000e+00	9.800000e+00	0.000000e+00	0.000000e+00	0.000000e+00
9.800000e+00	9.900000e+00	0.000000e+00	0.000000e+00	0.000000e+00
9.900000e+00	1.000000e+01	0.000000e+00	0.000000e+00	0.000000e+00
1.000000e+01	1.010000e+01	0.000000e+00	0.000000e+00	0.000000e+00
1.010000e+01	1.020000e+01	0.000000e+00	0.000000e+00	0.000000e+00
1.020000e+01	1.030000e+01	0.000000e+00	0.000000e+00	0.000000e+00
1.030000e+01	1.040000e+01	0.000000e+00	0.000000e+00	0.000000e+00
1.040000e+01	1.050000e+01	0.000000e+00	0.000000e+00	0.000000e+00
1.050000e+01	1.060000e+01	0.000000e+00	0.000000e+00	0.000000e+00
1.060000e+01	1.070000e+01	0.000000e+00	0.000000e+00	0.000000e+00
1.070000e+01	1.080000e+01	0.000000e+00	0.000000e+00	0.000000e+00
1.080000e+01	1.090000e+01	0.000000e+00	0.000000e+00	0.000000e+00
1.090000e+01	1.100000e+01	0.000000e+00	0.000000e+00	0.000000e+00
1.100000e+01	1.110000e+01	0.000000e+00	0.000000e+00	0.000000e+00
1.110000e+01	1.120000e+01	0.000000e+00	0.000000e+00	0.000000e+00
1.120000e+01	1.130000e+01	0.000000e+00	0.000000e+00	0.000000e+00
1.130000e+01	1.140000e+01	0.000000e+00	0.000000e+00	0.000000e+00
1.140000e+01	1.150000e+01	0.000000e+00	0.000000e+00	0.000000e+00
1.150000e+01	1.160000e+01	0.000000e+00	0.000000e+00	0.000000e+00
1.160000e+01	1.170000e+01	0.000000e+00	0.000000e+00	0.000000e+00
1.170000e+01	1.180000e+01	0.000000e+00	0.000000e+00	0.000000e+00
1.180000e+01	1.190000e+01	0.000000e+00	0.000000e+00	0.000000e+00
1.190000e+01	1.200000e+01	0.000000e+00	0.000000e+00	0.000000e+00
1.200000e+01	1.210000e+01	0.000000e+00	0.000000e+00	0.000000e+00
1.210000e+01	1.220000e+01	0.000000e+00	0.000000e+00	0.000000e+00
1.220000e+01	1.230000e+01	0.000000e+00	0.000000e+00	0.000000e+00
1.230000e+01	1.240000e+01	0.000000e+00	0.000000e+00	0.000000e+00
1.240000e+01	1.250000e+01	0.000000e+00	0.000000e+00	0.000000e+00
1.250000e+01	1.260000e+01	0.000000e+00	0.000000e+00	0.000000e+00
1.260000e+01	1.270000e+01	0.000000e+00	0.000000e+00	0.000000e+00
1.270000e+01	1.280000e+01	0.000000e+00	0.000000e+00	0.000000e+00
1.280000e+01	1.290000e+01	0.000000e+00	0.000000e+00	0.000000e+00
1.290000e+01	1.300000e+01	0.000000e+00	0.000000e+00	0.000000e+00
1.300000e+01	1.310000e+01	0.000000e+00	0.000000e+00	0.000000e+00
1.310000e+01	1.320000e+01	0.000000e+00	0.000000e+00	0.000000e+00
1.320000e+01	1.330000e+01	0.000000e+00	0.000000e+00	0.000000e+00
1.330000e+01	1.340000e+01	0.000000e+00	0.000000e+00	0.000000e+00
1.340000e+01	1.350000e+01	0.000000e+00	0.000000e+00	0.000000e+00
1.350000e+01	1.360000e+01	0.000000e+00	0.000000e+00	0.000000e+00
1.360000e+01	1.370000e+01	0.000000e+00	0.000000e+00	0.000000e+00
1.370000e+01	1.380000e+01	0.000000e+00	0.000000e+00	0.000000e+00
1.380000e+01	1.390000e+01	0.000000e+00	0.000000e+00	0.000000e+00
1.390000e+01	1.400000e+01	0.000000e+00	0.000000e+00	0.000000e+00
1.400000e+01	1.410000e+01	0.000000e+00	0.000000e+00	0.000000e+00
1.410000e+01	1.420000e+01	0.000000e+00	0.000000e+00	0.000000e+00
1.420000e+01	1.430000e+01	0.000000e+00	0.000000e+00	0.000000e+00
1.430000e+01	1.440000e+01	0.000000e+00	0.000000e+00	0.000000e+00
1.440000e+01	1.450000e+01	0.000000e+00	0.000000e+00	0.000000e+00
1.450000e+01	1.460000e+01	0.000000e+00	0.000000e+00	0.000000e+00
1.460000e+01	1.470000e+01	0.000000e+00	0.000000e+00	0.000000e+00
1.470000e+01	1.480000e+01	0.000000e+00	0.000000e+00	0.000000e+00
1.480000e+01	1.490000e+01	0.000000e+00	0.000000e+00	0.000000e+00
1.490000e+01	1.500000e+01	0.000000e+00	0.000000e+00	0.000000e+00
# END HISTO1D

