# BEGIN PLOT
LegendOnly=//home/frederic/Work/Software/LesHouches2017/lh2017-alphas/pythia-alphas/robustness/quark-as013650-as012285-parton.yoda/MC_LHJSS_Zjet/log_Angularity_zcut_0.2_beta_2_alpha_2 //home/frederic/Work/Software/LesHouches2017/lh2017-alphas/pythia-alphas/robustness/quark-as013650-as015015-parton.yoda/MC_LHJSS_Zjet/log_Angularity_zcut_0.2_beta_2_alpha_2 //home/frederic/Work/Software/LesHouches2017/lh2017-alphas/pythia-alphas/robustness/as013650-quark-robustness.yoda/MC_LHJSS_Zjet/log_Angularity_zcut_0.2_beta_2_alpha_2
DrawOnly=//home/frederic/Work/Software/LesHouches2017/lh2017-alphas/pythia-alphas/robustness/quark-as013650-as012285-parton.yoda/MC_LHJSS_Zjet/log_Angularity_zcut_0.2_beta_2_alpha_2 //home/frederic/Work/Software/LesHouches2017/lh2017-alphas/pythia-alphas/robustness/quark-as013650-as015015-parton.yoda/MC_LHJSS_Zjet/log_Angularity_zcut_0.2_beta_2_alpha_2 //home/frederic/Work/Software/LesHouches2017/lh2017-alphas/pythia-alphas/robustness/as013650-quark-robustness.yoda/MC_LHJSS_Zjet/log_Angularity_zcut_0.2_beta_2_alpha_2
Title=Angularity, $\alpha$ = 2 $z_{cut}$ = 0.2 $\beta$ = 2
RatioPlot=1
LogX=0
LogY=0
RatioPlotYLabel=Ratio
RatioPlotReference=//home/frederic/Work/Software/LesHouches2017/lh2017-alphas/pythia-alphas/robustness/quark-as013650-as012285-parton.yoda/MC_LHJSS_Zjet/log_Angularity_zcut_0.2_beta_2_alpha_2
XLabel=$e_\alpha$
YLabel=$1/\sigma \text{d}\sigma/\text{d}e_\alpha$
Legend=1
# END PLOT

# BEGIN HISTO1D //home/frederic/Work/Software/LesHouches2017/lh2017-alphas/pythia-alphas/robustness/quark-as013650-as012285-parton.yoda/MC_LHJSS_Zjet/log_Angularity_zcut_0.2_beta_2_alpha_2
LineColor=red
LineStyle=solid
NormalizeToSum=1
Path=//home/frederic/Work/Software/LesHouches2017/lh2017-alphas/pythia-alphas/robustness/quark-as013650-as012285-parton.yoda/MC_LHJSS_Zjet/log_Angularity_zcut_0.2_beta_2_alpha_2
ScaledBy=1.0
Title=quark-as013650-as012285-parton
XLabel=
YLabel=
# xlow	 xhigh	 val	 errminus	 errplus
0.000000e+00	1.000000e-01	0.000000e+00	0.000000e+00	0.000000e+00
1.000000e-01	2.000000e-01	5.745275e-05	5.745276e-05	5.745276e-05
2.000000e-01	3.000000e-01	3.581930e-06	2.406459e-05	2.406459e-05
3.000000e-01	4.000000e-01	3.878487e-04	9.696217e-05	9.696217e-05
4.000000e-01	5.000000e-01	7.043129e-06	3.384203e-05	3.384203e-05
5.000000e-01	6.000000e-01	2.055032e-05	5.774457e-05	5.774457e-05
6.000000e-01	7.000000e-01	1.276079e-04	1.423802e-04	1.423802e-04
7.000000e-01	8.000000e-01	8.931758e-05	1.203552e-04	1.203552e-04
8.000000e-01	9.000000e-01	2.002545e-04	1.800717e-04	1.800717e-04
9.000000e-01	1.000000e+00	1.206220e-04	1.400881e-04	1.400881e-04
1.000000e+00	1.100000e+00	1.211087e-04	1.404411e-04	1.404411e-04
1.100000e+00	1.200000e+00	4.411006e-05	8.485399e-05	8.485399e-05
1.200000e+00	1.300000e+00	3.739427e-05	7.813869e-05	7.813869e-05
1.300000e+00	1.400000e+00	1.321473e-04	1.467821e-04	1.467821e-04
1.400000e+00	1.500000e+00	2.041084e-04	1.823369e-04	1.823369e-04
1.500000e+00	1.600000e+00	6.387874e-05	1.021171e-04	1.021171e-04
1.600000e+00	1.700000e+00	2.662573e-04	2.082212e-04	2.082212e-04
1.700000e+00	1.800000e+00	9.862864e-05	1.268719e-04	1.268719e-04
1.800000e+00	1.900000e+00	4.618638e-05	8.684583e-05	8.684583e-05
1.900000e+00	2.000000e+00	1.152340e-06	1.372132e-05	1.372132e-05
2.000000e+00	2.100000e+00	4.493308e-04	2.703149e-04	2.703149e-04
2.100000e+00	2.200000e+00	1.550265e-04	1.590298e-04	1.590298e-04
2.200000e+00	2.300000e+00	6.279566e-04	3.192821e-04	3.192821e-04
2.300000e+00	2.400000e+00	8.544391e-04	3.720418e-04	3.720418e-04
2.400000e+00	2.500000e+00	2.154462e-04	1.874304e-04	1.874304e-04
2.500000e+00	2.600000e+00	1.070714e-04	1.322008e-04	1.322008e-04
2.600000e+00	2.700000e+00	5.287213e-04	2.932129e-04	2.932129e-04
2.700000e+00	2.800000e+00	6.307673e-04	3.201111e-04	3.201111e-04
2.800000e+00	2.900000e+00	5.781113e-05	9.716433e-05	9.716433e-05
2.900000e+00	3.000000e+00	9.578918e-05	1.250540e-04	1.250540e-04
3.000000e+00	3.100000e+00	3.644814e-04	2.436669e-04	2.436669e-04
3.100000e+00	3.200000e+00	2.809397e-04	2.140012e-04	2.140012e-04
3.200000e+00	3.300000e+00	2.026392e-04	1.818203e-04	1.818203e-04
3.300000e+00	3.400000e+00	5.215526e-04	2.913450e-04	2.913450e-04
3.400000e+00	3.500000e+00	5.566284e-04	3.009258e-04	3.009258e-04
3.500000e+00	3.600000e+00	1.171873e-04	1.383145e-04	1.383145e-04
3.600000e+00	3.700000e+00	3.929620e-04	2.530266e-04	2.530266e-04
3.700000e+00	3.800000e+00	2.577459e-04	2.050283e-04	2.050283e-04
3.800000e+00	3.900000e+00	2.561388e-04	2.043939e-04	2.043939e-04
3.900000e+00	4.000000e+00	3.130585e-05	7.151173e-05	7.151173e-05
4.000000e+00	4.100000e+00	4.715750e-04	2.771525e-04	2.771525e-04
4.100000e+00	4.200000e+00	2.186136e-04	1.888607e-04	1.888607e-04
4.200000e+00	4.300000e+00	2.039333e-04	1.824206e-04	1.824206e-04
4.300000e+00	4.400000e+00	5.840207e-04	3.083450e-04	3.083450e-04
4.400000e+00	4.500000e+00	4.757209e-04	2.783924e-04	2.783924e-04
4.500000e+00	4.600000e+00	2.606529e-04	2.062011e-04	2.062011e-04
4.600000e+00	4.700000e+00	2.323737e-04	1.947170e-04	1.947170e-04
4.700000e+00	4.800000e+00	4.548119e-04	2.722394e-04	2.722394e-04
4.800000e+00	4.900000e+00	5.028962e-04	2.862408e-04	2.862408e-04
4.900000e+00	5.000000e+00	6.018300e-04	3.130286e-04	3.130286e-04
5.000000e+00	5.100000e+00	2.487164e-04	2.014482e-04	2.014482e-04
5.100000e+00	5.200000e+00	6.931529e-04	3.358820e-04	3.358820e-04
5.200000e+00	5.300000e+00	6.403596e-04	3.228921e-04	3.228921e-04
5.300000e+00	5.400000e+00	4.885576e-04	2.821632e-04	2.821632e-04
5.400000e+00	5.500000e+00	4.810930e-04	2.799981e-04	2.799981e-04
5.500000e+00	5.600000e+00	3.535934e-04	2.401389e-04	2.401389e-04
5.600000e+00	5.700000e+00	3.630463e-04	2.433226e-04	2.433226e-04
5.700000e+00	5.800000e+00	5.154959e-04	2.898248e-04	2.898248e-04
5.800000e+00	5.900000e+00	9.805473e-04	3.992213e-04	3.992213e-04
5.900000e+00	6.000000e+00	2.358717e-04	1.961954e-04	1.961954e-04
6.000000e+00	6.100000e+00	4.469378e-04	2.699272e-04	2.699272e-04
6.100000e+00	6.200000e+00	4.689063e-04	2.764680e-04	2.764680e-04
6.200000e+00	6.300000e+00	2.199232e-04	1.894537e-04	1.894537e-04
6.300000e+00	6.400000e+00	4.680622e-04	2.762121e-04	2.762121e-04
6.400000e+00	6.500000e+00	3.589931e-04	2.419748e-04	2.419748e-04
6.500000e+00	6.600000e+00	4.342220e-04	2.660749e-04	2.660749e-04
6.600000e+00	6.700000e+00	3.711674e-05	7.786723e-05	7.786723e-05
6.700000e+00	6.800000e+00	1.168908e-03	4.357269e-04	4.357269e-04
6.800000e+00	6.900000e+00	6.142489e-04	3.163163e-04	3.163163e-04
6.900000e+00	7.000000e+00	1.888521e-04	1.755766e-04	1.755766e-04
7.000000e+00	7.100000e+00	7.699365e-05	1.121384e-04	1.121384e-04
7.100000e+00	7.200000e+00	2.576329e-05	6.487555e-05	6.487555e-05
7.200000e+00	7.300000e+00	1.713124e-04	1.672303e-04	1.672303e-04
7.300000e+00	7.400000e+00	1.898076e-05	5.568582e-05	5.568582e-05
7.400000e+00	7.500000e+00	8.686256e-05	1.191036e-04	1.191036e-04
7.500000e+00	7.600000e+00	3.825617e-08	2.500109e-06	2.500109e-06
7.600000e+00	7.700000e+00	1.152035e-05	4.338380e-05	4.338380e-05
7.700000e+00	7.800000e+00	5.914960e-06	3.108688e-05	3.108688e-05
7.800000e+00	7.900000e+00	8.722831e-05	1.193517e-04	1.193517e-04
7.900000e+00	8.000000e+00	1.108163e-06	1.345577e-05	1.345577e-05
8.000000e+00	8.100000e+00	1.088461e-05	4.216965e-05	4.216965e-05
8.100000e+00	8.200000e+00	8.333570e-05	1.166550e-04	1.166550e-04
8.200000e+00	8.300000e+00	3.019558e-04	2.218916e-04	2.218916e-04
8.300000e+00	8.400000e+00	2.084646e-04	1.844166e-04	1.844166e-04
8.400000e+00	8.500000e+00	3.369098e-05	7.418381e-05	7.418381e-05
8.500000e+00	8.600000e+00	5.762141e-04	3.061379e-04	3.061379e-04
8.600000e+00	8.700000e+00	1.194819e-03	4.396516e-04	4.396516e-04
8.700000e+00	8.800000e+00	6.375465e-04	3.217858e-04	3.217858e-04
8.800000e+00	8.900000e+00	1.676440e-03	5.191693e-04	5.191693e-04
8.900000e+00	9.000000e+00	1.263790e-03	4.514538e-04	4.514538e-04
9.000000e+00	9.100000e+00	5.616823e-04	3.019715e-04	3.019715e-04
9.100000e+00	9.200000e+00	8.960522e-04	3.806075e-04	3.806075e-04
9.200000e+00	9.300000e+00	1.772984e-03	5.323544e-04	5.323544e-04
9.300000e+00	9.400000e+00	1.031028e-03	4.074280e-04	4.074280e-04
9.400000e+00	9.500000e+00	2.616219e-03	6.414846e-04	6.414846e-04
9.500000e+00	9.600000e+00	2.633275e-03	6.425134e-04	6.425134e-04
9.600000e+00	9.700000e+00	1.322172e-03	4.592982e-04	4.592982e-04
9.700000e+00	9.800000e+00	1.252151e-03	4.468596e-04	4.468596e-04
9.800000e+00	9.900000e+00	2.165881e-03	5.817866e-04	5.817866e-04
9.900000e+00	1.000000e+01	1.896670e-03	5.442543e-04	5.442543e-04
1.000000e+01	1.010000e+01	1.731778e-03	5.210835e-04	5.210835e-04
1.010000e+01	1.020000e+01	3.190467e-03	6.947163e-04	6.947163e-04
1.020000e+01	1.030000e+01	1.103885e-03	4.177057e-04	4.177057e-04
1.030000e+01	1.040000e+01	2.169874e-03	5.772654e-04	5.772654e-04
1.040000e+01	1.050000e+01	2.857514e-03	6.536861e-04	6.536861e-04
1.050000e+01	1.060000e+01	1.384883e-03	4.640359e-04	4.640359e-04
1.060000e+01	1.070000e+01	1.122424e-03	4.195020e-04	4.195020e-04
1.070000e+01	1.080000e+01	1.410369e-03	4.641034e-04	4.641034e-04
1.080000e+01	1.090000e+01	1.708990e-03	5.088999e-04	5.088999e-04
1.090000e+01	1.100000e+01	1.082306e-03	4.094352e-04	4.094352e-04
1.100000e+01	1.110000e+01	1.987498e-03	5.405509e-04	5.405509e-04
1.110000e+01	1.120000e+01	1.540993e-03	4.793507e-04	4.793507e-04
1.120000e+01	1.130000e+01	9.076070e-04	3.740390e-04	3.740390e-04
1.130000e+01	1.140000e+01	1.400154e-03	4.543870e-04	4.543870e-04
1.140000e+01	1.150000e+01	1.753449e-03	4.994274e-04	4.994274e-04
1.150000e+01	1.160000e+01	8.015617e-04	3.470508e-04	3.470508e-04
1.160000e+01	1.170000e+01	4.340570e-04	2.592207e-04	2.592207e-04
1.170000e+01	1.180000e+01	3.466516e-04	2.312721e-04	2.312721e-04
1.180000e+01	1.190000e+01	6.155598e-05	9.971408e-05	9.971408e-05
1.190000e+01	1.200000e+01	4.671315e-04	2.613126e-04	2.613126e-04
1.200000e+01	1.210000e+01	1.908304e-04	1.723614e-04	1.723614e-04
1.210000e+01	1.220000e+01	2.513878e-04	1.939630e-04	1.939630e-04
1.220000e+01	1.230000e+01	4.472775e-05	8.445311e-05	8.445311e-05
1.230000e+01	1.240000e+01	1.324375e-05	4.631727e-05	4.631727e-05
1.240000e+01	1.250000e+01	1.344196e-04	1.430089e-04	1.430089e-04
1.250000e+01	1.260000e+01	1.528844e-04	1.499218e-04	1.499218e-04
1.260000e+01	1.270000e+01	1.060029e-04	1.262202e-04	1.262202e-04
1.270000e+01	1.280000e+01	1.260692e-04	1.363575e-04	1.363575e-04
1.280000e+01	1.290000e+01	3.359002e-07	7.406229e-06	7.406229e-06
1.290000e+01	1.300000e+01	4.050703e-05	7.644015e-05	7.644015e-05
1.300000e+01	1.310000e+01	2.845243e-05	6.691694e-05	6.691694e-05
1.310000e+01	1.320000e+01	2.845243e-05	6.691694e-05	6.691694e-05
1.320000e+01	1.330000e+01	3.799118e-06	2.484802e-05	2.484802e-05
1.330000e+01	1.340000e+01	1.181513e-04	1.170480e-04	1.170480e-04
1.340000e+01	1.350000e+01	1.519645e-06	1.571526e-05	1.571526e-05
1.350000e+01	1.360000e+01	2.279473e-06	1.924720e-05	1.924720e-05
1.360000e+01	1.370000e+01	1.519645e-06	1.571526e-05	1.571526e-05
1.370000e+01	1.380000e+01	2.110709e-05	5.704034e-05	5.704034e-05
1.380000e+01	1.390000e+01	3.360490e-05	7.150444e-05	7.150444e-05
1.390000e+01	1.400000e+01	5.907563e-05	8.276545e-05	8.276545e-05
1.400000e+01	1.410000e+01	4.050703e-05	7.644015e-05	7.644015e-05
1.410000e+01	1.420000e+01	7.272165e-05	4.198585e-05	4.198585e-05
1.420000e+01	1.430000e+01	1.519645e-06	1.571526e-05	1.571526e-05
1.430000e+01	1.440000e+01	1.790977e-06	1.701629e-05	1.701629e-05
1.440000e+01	1.450000e+01	4.848109e-05	3.428131e-05	3.428131e-05
1.450000e+01	1.460000e+01	2.700471e-05	6.241315e-05	6.241315e-05
1.460000e+01	1.470000e+01	9.484134e-06	3.863450e-05	3.863450e-05
1.470000e+01	1.480000e+01	1.350234e-05	4.413274e-05	4.413274e-05
1.480000e+01	1.490000e+01	2.424055e-05	2.424054e-05	2.424054e-05
1.490000e+01	1.500000e+01	5.745275e-05	5.745276e-05	5.745276e-05
# END HISTO1D

# BEGIN HISTO1D //home/frederic/Work/Software/LesHouches2017/lh2017-alphas/pythia-alphas/robustness/quark-as013650-as015015-parton.yoda/MC_LHJSS_Zjet/log_Angularity_zcut_0.2_beta_2_alpha_2
LineColor=blue
LineStyle=solid
NormalizeToSum=1
Path=//home/frederic/Work/Software/LesHouches2017/lh2017-alphas/pythia-alphas/robustness/quark-as013650-as015015-parton.yoda/MC_LHJSS_Zjet/log_Angularity_zcut_0.2_beta_2_alpha_2
ScaledBy=1.0
Title=quark-as013650-as015015-parton
XLabel=
YLabel=
# xlow	 xhigh	 val	 errminus	 errplus
0.000000e+00	1.000000e-01	4.126672e-05	4.126672e-05	4.126672e-05
1.000000e-01	2.000000e-01	4.126672e-05	4.126672e-05	4.126672e-05
2.000000e-01	3.000000e-01	1.053973e-05	3.674636e-05	3.674636e-05
3.000000e-01	4.000000e-01	4.639402e-06	2.459396e-05	2.459396e-05
4.000000e-01	5.000000e-01	1.376924e-07	4.247137e-06	4.247137e-06
5.000000e-01	6.000000e-01	6.985998e-05	9.463383e-05	9.463383e-05
6.000000e-01	7.000000e-01	1.216583e-04	1.251077e-04	1.251077e-04
7.000000e-01	8.000000e-01	4.854414e-04	2.485691e-04	2.485691e-04
8.000000e-01	9.000000e-01	2.767804e-06	1.904159e-05	1.904159e-05
9.000000e-01	1.000000e+00	4.607292e-05	7.763802e-05	7.763802e-05
1.000000e+00	1.100000e+00	1.499195e-04	1.399071e-04	1.399071e-04
1.100000e+00	1.200000e+00	1.506293e-04	1.402771e-04	1.402771e-04
1.200000e+00	1.300000e+00	1.822594e-04	1.543008e-04	1.543008e-04
1.300000e+00	1.400000e+00	4.682913e-05	7.829922e-05	7.829922e-05
1.400000e+00	1.500000e+00	1.982844e-04	1.609685e-04	1.609685e-04
1.500000e+00	1.600000e+00	3.599870e-04	2.167035e-04	2.167035e-04
1.600000e+00	1.700000e+00	3.080283e-04	2.005504e-04	2.005504e-04
1.700000e+00	1.800000e+00	1.554908e-05	4.513109e-05	4.513109e-05
1.800000e+00	1.900000e+00	1.111082e-04	1.205793e-04	1.205793e-04
1.900000e+00	2.000000e+00	5.107508e-05	8.178093e-05	8.178093e-05
2.000000e+00	2.100000e+00	8.502891e-06	3.337530e-05	3.337530e-05
2.100000e+00	2.200000e+00	1.171065e-04	1.238001e-04	1.238001e-04
2.200000e+00	2.300000e+00	7.397487e-05	9.841427e-05	9.841427e-05
2.300000e+00	2.400000e+00	3.878437e-05	7.127135e-05	7.127135e-05
2.400000e+00	2.500000e+00	2.191459e-04	1.692889e-04	1.692889e-04
2.500000e+00	2.600000e+00	3.601789e-04	2.169115e-04	2.169115e-04
2.600000e+00	2.700000e+00	1.711163e-04	1.496277e-04	1.496277e-04
2.700000e+00	2.800000e+00	1.242207e-04	1.275098e-04	1.275098e-04
2.800000e+00	2.900000e+00	2.691945e-04	1.876011e-04	1.876011e-04
2.900000e+00	3.000000e+00	3.084496e-04	2.007972e-04	2.007972e-04
3.000000e+00	3.100000e+00	2.420953e-04	1.779393e-04	1.779393e-04
3.100000e+00	3.200000e+00	4.970856e-04	2.547455e-04	2.547455e-04
3.200000e+00	3.300000e+00	1.750927e-04	1.513687e-04	1.513687e-04
3.300000e+00	3.400000e+00	4.579312e-05	7.744485e-05	7.744485e-05
3.400000e+00	3.500000e+00	3.897784e-04	2.256871e-04	2.256871e-04
3.500000e+00	3.600000e+00	2.512331e-04	1.812774e-04	1.812774e-04
3.600000e+00	3.700000e+00	6.814464e-04	2.981644e-04	2.981644e-04
3.700000e+00	3.800000e+00	8.659477e-04	3.359491e-04	3.359491e-04
3.800000e+00	3.900000e+00	3.020290e-04	1.987395e-04	1.987395e-04
3.900000e+00	4.000000e+00	4.114456e-04	2.318920e-04	2.318920e-04
4.000000e+00	4.100000e+00	3.385190e-04	2.103929e-04	2.103929e-04
4.100000e+00	4.200000e+00	4.507097e-04	2.426870e-04	2.426870e-04
4.200000e+00	4.300000e+00	4.869047e-04	2.522251e-04	2.522251e-04
4.300000e+00	4.400000e+00	1.688508e-04	1.486651e-04	1.486651e-04
4.400000e+00	4.500000e+00	4.273814e-04	2.363595e-04	2.363595e-04
4.500000e+00	4.600000e+00	3.460770e-04	2.127308e-04	2.127308e-04
4.600000e+00	4.700000e+00	4.916647e-04	2.534726e-04	2.534726e-04
4.700000e+00	4.800000e+00	3.934287e-04	2.268060e-04	2.268060e-04
4.800000e+00	4.900000e+00	5.228957e-04	2.614008e-04	2.614008e-04
4.900000e+00	5.000000e+00	3.381264e-04	2.102924e-04	2.102924e-04
5.000000e+00	5.100000e+00	2.777652e-04	1.906325e-04	1.906325e-04
5.100000e+00	5.200000e+00	9.436140e-05	1.111616e-04	1.111616e-04
5.200000e+00	5.300000e+00	4.731203e-04	2.486876e-04	2.486876e-04
5.300000e+00	5.400000e+00	3.968821e-04	2.278155e-04	2.278155e-04
5.400000e+00	5.500000e+00	3.682299e-04	2.194491e-04	2.194491e-04
5.500000e+00	5.600000e+00	2.087971e-04	1.653135e-04	1.653135e-04
5.600000e+00	5.700000e+00	7.120974e-04	3.049492e-04	3.049492e-04
5.700000e+00	5.800000e+00	2.241059e-04	1.712609e-04	1.712609e-04
5.800000e+00	5.900000e+00	2.611807e-04	1.848707e-04	1.848707e-04
5.900000e+00	6.000000e+00	2.135756e-04	1.671943e-04	1.671943e-04
6.000000e+00	6.100000e+00	2.670270e-04	1.869289e-04	1.869289e-04
6.100000e+00	6.200000e+00	1.508361e-04	1.405285e-04	1.405285e-04
6.200000e+00	6.300000e+00	4.661713e-04	2.468718e-04	2.468718e-04
6.300000e+00	6.400000e+00	1.141264e-04	1.222469e-04	1.222469e-04
6.400000e+00	6.500000e+00	1.361487e-04	1.335161e-04	1.335161e-04
6.500000e+00	6.600000e+00	2.098737e-04	1.657437e-04	1.657437e-04
6.600000e+00	6.700000e+00	1.830227e-04	1.547863e-04	1.547863e-04
6.700000e+00	6.800000e+00	4.365032e-05	7.561551e-05	7.561551e-05
6.800000e+00	6.900000e+00	1.179644e-05	3.931183e-05	3.931183e-05
6.900000e+00	7.000000e+00	1.973748e-05	5.084937e-05	5.084937e-05
7.000000e+00	7.100000e+00	3.405585e-05	6.679148e-05	6.679148e-05
7.100000e+00	7.200000e+00	4.610350e-05	7.771027e-05	7.771027e-05
7.200000e+00	7.300000e+00	6.748886e-06	2.973505e-05	2.973505e-05
7.300000e+00	7.400000e+00	5.395771e-06	2.658770e-05	2.658770e-05
7.400000e+00	7.500000e+00	1.192685e-05	3.952842e-05	3.952842e-05
7.500000e+00	7.600000e+00	1.258239e-07	4.060143e-06	4.060143e-06
7.600000e+00	7.700000e+00	4.163372e-05	7.384689e-05	7.384689e-05
7.700000e+00	7.800000e+00	3.419785e-05	6.692950e-05	6.692950e-05
7.800000e+00	7.900000e+00	9.994191e-06	3.618434e-05	3.618434e-05
7.900000e+00	8.000000e+00	3.829517e-04	2.237103e-04	2.237103e-04
8.000000e+00	8.100000e+00	6.196240e-04	2.843190e-04	2.843190e-04
8.100000e+00	8.200000e+00	1.346825e-03	4.178709e-04	4.178709e-04
8.200000e+00	8.300000e+00	1.167960e-03	3.893517e-04	3.893517e-04
8.300000e+00	8.400000e+00	1.640625e-03	4.603087e-04	4.603087e-04
8.400000e+00	8.500000e+00	1.534203e-03	4.452383e-04	4.452383e-04
8.500000e+00	8.600000e+00	2.126418e-03	5.220672e-04	5.220672e-04
8.600000e+00	8.700000e+00	2.167217e-03	5.262630e-04	5.262630e-04
8.700000e+00	8.800000e+00	2.094227e-03	5.168980e-04	5.168980e-04
8.800000e+00	8.900000e+00	1.701723e-03	4.666893e-04	4.666893e-04
8.900000e+00	9.000000e+00	2.324908e-03	5.422794e-04	5.422794e-04
9.000000e+00	9.100000e+00	3.072302e-03	6.184111e-04	6.184111e-04
9.100000e+00	9.200000e+00	2.769138e-03	5.877071e-04	5.877071e-04
9.200000e+00	9.300000e+00	2.423410e-03	5.501673e-04	5.501673e-04
9.300000e+00	9.400000e+00	2.850076e-03	5.914661e-04	5.914661e-04
9.400000e+00	9.500000e+00	2.101944e-03	5.110825e-04	5.110825e-04
9.500000e+00	9.600000e+00	2.152625e-03	5.152994e-04	5.152994e-04
9.600000e+00	9.700000e+00	3.700358e-03	6.539686e-04	6.539686e-04
9.700000e+00	9.800000e+00	3.220929e-03	6.129716e-04	6.129716e-04
9.800000e+00	9.900000e+00	1.879455e-03	4.788044e-04	4.788044e-04
9.900000e+00	1.000000e+01	1.992658e-03	4.880450e-04	4.880450e-04
1.000000e+01	1.010000e+01	2.865999e-03	5.708665e-04	5.708665e-04
1.010000e+01	1.020000e+01	2.629081e-03	5.446338e-04	5.446338e-04
1.020000e+01	1.030000e+01	2.685444e-03	5.450162e-04	5.450162e-04
1.030000e+01	1.040000e+01	2.875235e-03	5.559871e-04	5.559871e-04
1.040000e+01	1.050000e+01	2.677309e-03	5.298752e-04	5.298752e-04
1.050000e+01	1.060000e+01	2.221406e-03	4.931167e-04	4.931167e-04
1.060000e+01	1.070000e+01	3.579528e-03	5.747813e-04	5.747813e-04
1.070000e+01	1.080000e+01	1.558407e-03	4.133781e-04	4.133781e-04
1.080000e+01	1.090000e+01	2.405402e-03	4.835437e-04	4.835437e-04
1.090000e+01	1.100000e+01	2.248600e-03	4.695299e-04	4.695299e-04
1.100000e+01	1.110000e+01	1.556763e-03	4.014593e-04	4.014593e-04
1.110000e+01	1.120000e+01	1.531849e-03	3.942914e-04	3.942914e-04
1.120000e+01	1.130000e+01	2.632448e-03	4.399430e-04	4.399430e-04
1.130000e+01	1.140000e+01	2.002129e-03	3.868735e-04	3.868735e-04
1.140000e+01	1.150000e+01	1.206727e-03	3.381993e-04	3.381993e-04
1.150000e+01	1.160000e+01	1.231654e-03	3.263359e-04	3.263359e-04
1.160000e+01	1.170000e+01	9.322893e-04	2.993896e-04	2.993896e-04
1.170000e+01	1.180000e+01	8.567947e-04	2.705999e-04	2.705999e-04
1.180000e+01	1.190000e+01	9.649697e-04	2.823743e-04	2.823743e-04
1.190000e+01	1.200000e+01	2.668628e-04	1.718808e-04	1.718808e-04
1.200000e+01	1.210000e+01	4.661446e-04	2.117004e-04	2.117004e-04
1.210000e+01	1.220000e+01	1.728965e-04	1.399405e-04	1.399405e-04
1.220000e+01	1.230000e+01	1.193069e-04	1.176258e-04	1.176258e-04
1.230000e+01	1.240000e+01	9.034103e-05	1.036551e-04	1.036551e-04
1.240000e+01	1.250000e+01	1.573161e-04	1.292643e-04	1.292643e-04
1.250000e+01	1.260000e+01	2.334633e-04	1.247472e-04	1.247472e-04
1.260000e+01	1.270000e+01	8.339876e-05	9.649135e-05	9.649135e-05
1.270000e+01	1.280000e+01	6.732279e-05	8.779990e-05	8.779990e-05
1.280000e+01	1.290000e+01	7.865804e-05	9.140367e-05	9.140367e-05
1.290000e+01	1.300000e+01	6.200854e-07	8.999898e-06	8.999898e-06
1.300000e+01	1.310000e+01	6.117722e-05	8.212371e-05	8.212371e-05
1.310000e+01	1.320000e+01	6.117722e-05	8.212371e-05	8.212371e-05
1.320000e+01	1.330000e+01	7.865804e-05	9.140367e-05	9.140367e-05
1.330000e+01	1.340000e+01	4.848109e-05	3.428131e-05	3.428131e-05
1.340000e+01	1.350000e+01	9.696220e-05	4.848109e-05	4.848109e-05
1.350000e+01	1.360000e+01	1.454433e-04	5.937697e-05	5.937697e-05
1.360000e+01	1.370000e+01	9.696220e-05	4.848109e-05	4.848109e-05
1.370000e+01	1.380000e+01	9.696220e-05	4.848109e-05	4.848109e-05
1.380000e+01	1.390000e+01	1.212027e-04	5.420351e-05	5.420351e-05
1.390000e+01	1.400000e+01	2.424055e-05	2.424054e-05	2.424054e-05
1.400000e+01	1.410000e+01	7.272165e-05	4.198585e-05	4.198585e-05
1.410000e+01	1.420000e+01	8.679940e-06	3.272154e-05	3.272154e-05
1.420000e+01	1.430000e+01	2.244093e-05	5.069130e-05	5.069130e-05
1.430000e+01	1.440000e+01	8.679940e-06	3.272154e-05	3.272154e-05
1.440000e+01	1.450000e+01	4.848109e-05	3.428131e-05	3.428131e-05
1.450000e+01	1.460000e+01	4.848109e-05	3.428131e-05	3.428131e-05
1.460000e+01	1.470000e+01	3.586230e-05	6.469087e-05	6.469087e-05
1.470000e+01	1.480000e+01	4.425323e-06	2.347483e-05	2.347483e-05
1.480000e+01	1.490000e+01	2.424055e-05	2.424054e-05	2.424054e-05
1.490000e+01	1.500000e+01	0.000000e+00	0.000000e+00	0.000000e+00
# END HISTO1D

# BEGIN HISTO1D //home/frederic/Work/Software/LesHouches2017/lh2017-alphas/pythia-alphas/robustness/as013650-quark-robustness.yoda/MC_LHJSS_Zjet/log_Angularity_zcut_0.2_beta_2_alpha_2
LineColor=green
LineStyle=solid
NormalizeToSum=1
Path=//home/frederic/Work/Software/LesHouches2017/lh2017-alphas/pythia-alphas/robustness/as013650-quark-robustness.yoda/MC_LHJSS_Zjet/log_Angularity_zcut_0.2_beta_2_alpha_2
ScaledBy=1.0
Title=as013650-quark-robustness
XLabel=
YLabel=
# xlow	 xhigh	 val	 errminus	 errplus
0.000000e+00	1.000000e-01	0.000000e+00	0.000000e+00	0.000000e+00
1.000000e-01	2.000000e-01	0.000000e+00	0.000000e+00	0.000000e+00
2.000000e-01	3.000000e-01	1.454433e-04	5.937697e-05	5.937697e-05
3.000000e-01	4.000000e-01	3.878487e-04	9.696217e-05	9.696217e-05
4.000000e-01	5.000000e-01	6.060135e-04	1.212027e-04	1.212027e-04
5.000000e-01	6.000000e-01	6.840116e-04	1.247814e-03	1.247814e-03
6.000000e-01	7.000000e-01	2.052290e-04	7.122591e-04	7.122591e-04
7.000000e-01	8.000000e-01	1.665942e-04	6.532169e-04	6.532169e-04
8.000000e-01	9.000000e-01	9.023618e-04	1.510722e-03	1.510722e-03
9.000000e-01	1.000000e+00	1.323846e-03	1.825726e-03	1.825726e-03
1.000000e+00	1.100000e+00	2.107846e-03	2.296872e-03	2.296872e-03
1.100000e+00	1.200000e+00	1.203408e-03	1.751336e-03	1.751336e-03
1.200000e+00	1.300000e+00	2.962046e-04	8.754759e-04	8.754759e-04
1.300000e+00	1.400000e+00	5.957270e-03	3.637896e-03	3.637896e-03
1.400000e+00	1.500000e+00	1.754978e-07	2.135897e-05	2.135897e-05
1.500000e+00	1.600000e+00	1.961777e-04	7.131306e-04	7.131306e-04
1.600000e+00	1.700000e+00	2.460890e-05	2.528870e-04	2.528870e-04
1.700000e+00	1.800000e+00	3.908007e-04	1.005531e-03	1.005531e-03
1.800000e+00	1.900000e+00	4.218609e-07	3.311529e-05	3.311529e-05
1.900000e+00	2.000000e+00	1.284312e-05	1.827055e-04	1.827055e-04
2.000000e+00	2.100000e+00	1.044532e-03	1.638161e-03	1.638161e-03
2.100000e+00	2.200000e+00	1.119509e-04	5.391612e-04	5.391612e-04
2.200000e+00	2.300000e+00	6.648200e-05	4.155836e-04	4.155836e-04
2.300000e+00	2.400000e+00	1.584899e-05	2.029625e-04	2.029625e-04
2.400000e+00	2.500000e+00	1.512280e-03	1.966847e-03	1.966847e-03
2.500000e+00	2.600000e+00	9.012859e-04	1.525385e-03	1.525385e-03
2.600000e+00	2.700000e+00	5.245082e-06	1.167647e-04	1.167647e-04
2.700000e+00	2.800000e+00	2.750000e-05	2.673397e-04	2.673397e-04
2.800000e+00	2.900000e+00	1.858191e-03	2.177214e-03	2.177214e-03
2.900000e+00	3.000000e+00	1.762647e-03	2.122767e-03	2.122767e-03
3.000000e+00	3.100000e+00	3.731013e-03	3.079618e-03	3.079618e-03
3.100000e+00	3.200000e+00	1.194537e-04	5.569991e-04	5.569991e-04
3.200000e+00	3.300000e+00	1.009917e-04	5.121841e-04	5.121841e-04
3.300000e+00	3.400000e+00	9.619281e-05	4.998803e-04	4.998803e-04
3.400000e+00	3.500000e+00	3.325971e-04	9.286515e-04	9.286515e-04
3.500000e+00	3.600000e+00	1.300022e-04	5.810799e-04	5.810799e-04
3.600000e+00	3.700000e+00	3.534088e-05	3.030613e-04	3.030613e-04
3.700000e+00	3.800000e+00	8.385438e-05	4.667581e-04	4.667581e-04
3.800000e+00	3.900000e+00	4.783346e-04	1.113222e-03	1.113222e-03
3.900000e+00	4.000000e+00	4.475474e-04	1.076955e-03	1.076955e-03
4.000000e+00	4.100000e+00	1.584139e-06	6.417111e-05	6.417111e-05
4.100000e+00	4.200000e+00	1.193703e-03	1.754187e-03	1.754187e-03
4.200000e+00	4.300000e+00	3.079661e-04	8.939647e-04	8.939647e-04
4.300000e+00	4.400000e+00	5.277006e-04	1.169293e-03	1.169293e-03
4.400000e+00	4.500000e+00	1.948285e-04	7.112849e-04	7.112849e-04
4.500000e+00	4.600000e+00	5.359016e-04	1.178587e-03	1.178587e-03
4.600000e+00	4.700000e+00	2.953835e-03	2.751977e-03	2.751977e-03
4.700000e+00	4.800000e+00	5.206841e-04	1.161890e-03	1.161890e-03
4.800000e+00	4.900000e+00	1.483156e-05	1.963458e-04	1.963458e-04
4.900000e+00	5.000000e+00	3.734765e-04	9.842550e-04	9.842550e-04
5.000000e+00	5.100000e+00	7.969563e-04	1.436011e-03	1.436011e-03
5.100000e+00	5.200000e+00	3.376116e-04	9.360534e-04	9.360534e-04
5.200000e+00	5.300000e+00	1.706603e-03	2.098310e-03	2.098310e-03
5.300000e+00	5.400000e+00	1.434084e-03	1.924690e-03	1.924690e-03
5.400000e+00	5.500000e+00	8.627287e-04	1.494578e-03	1.494578e-03
5.500000e+00	5.600000e+00	9.348903e-05	4.928662e-04	4.928662e-04
5.600000e+00	5.700000e+00	1.433053e-04	6.101411e-04	6.101411e-04
5.700000e+00	5.800000e+00	7.553474e-04	1.398417e-03	1.398417e-03
5.800000e+00	5.900000e+00	6.940685e-04	1.340754e-03	1.340754e-03
5.900000e+00	6.000000e+00	4.212584e-04	1.045317e-03	1.045317e-03
6.000000e+00	6.100000e+00	8.511991e-04	1.484805e-03	1.484805e-03
6.100000e+00	6.200000e+00	3.569168e-04	9.624717e-04	9.624717e-04
6.200000e+00	6.300000e+00	1.868551e-03	2.195299e-03	2.195299e-03
6.300000e+00	6.400000e+00	8.618180e-04	1.493964e-03	1.493964e-03
6.400000e+00	6.500000e+00	3.312726e-03	2.915789e-03	2.915789e-03
6.500000e+00	6.600000e+00	1.089582e-05	1.682923e-04	1.682923e-04
6.600000e+00	6.700000e+00	4.674856e-03	3.455273e-03	3.455273e-03
6.700000e+00	6.800000e+00	2.226477e-04	7.604017e-04	7.604017e-04
6.800000e+00	6.900000e+00	4.150907e-03	3.259281e-03	3.259281e-03
6.900000e+00	7.000000e+00	6.180342e-03	3.962485e-03	3.962485e-03
7.000000e+00	7.100000e+00	1.365635e-03	1.878723e-03	1.878723e-03
7.100000e+00	7.200000e+00	4.381032e-03	3.345460e-03	3.345460e-03
7.200000e+00	7.300000e+00	1.954331e-03	2.244705e-03	2.244705e-03
7.300000e+00	7.400000e+00	2.160877e-03	2.359278e-03	2.359278e-03
7.400000e+00	7.500000e+00	9.736354e-04	1.587324e-03	1.587324e-03
7.500000e+00	7.600000e+00	6.284779e-03	3.990755e-03	3.990755e-03
7.600000e+00	7.700000e+00	1.000966e-05	1.613031e-04	1.613031e-04
7.700000e+00	7.800000e+00	1.463828e-03	1.943816e-03	1.943816e-03
7.800000e+00	7.900000e+00	1.689297e-03	2.086549e-03	2.086549e-03
7.900000e+00	8.000000e+00	4.551532e-03	3.401972e-03	3.401972e-03
8.000000e+00	8.100000e+00	8.611366e-04	1.492539e-03	1.492539e-03
8.100000e+00	8.200000e+00	6.323292e-05	4.053457e-04	4.053457e-04
8.200000e+00	8.300000e+00	1.889883e-03	2.198599e-03	2.198599e-03
8.300000e+00	8.400000e+00	1.155045e-03	1.724044e-03	1.724044e-03
8.400000e+00	8.500000e+00	1.097728e-03	1.680871e-03	1.680871e-03
8.500000e+00	8.600000e+00	7.902696e-04	1.427750e-03	1.427750e-03
8.600000e+00	8.700000e+00	5.230269e-03	3.555839e-03	3.555839e-03
8.700000e+00	8.800000e+00	1.818382e-03	2.148598e-03	2.148598e-03
8.800000e+00	8.900000e+00	2.934967e-03	2.700151e-03	2.700151e-03
8.900000e+00	9.000000e+00	1.060847e-02	4.626944e-03	4.626944e-03
9.000000e+00	9.100000e+00	1.696853e-03	2.071747e-03	2.071747e-03
9.100000e+00	9.200000e+00	5.495931e-03	3.557680e-03	3.557680e-03
9.200000e+00	9.300000e+00	1.297432e-02	4.520010e-03	4.520010e-03
9.300000e+00	9.400000e+00	1.081572e-02	4.257301e-03	4.257301e-03
9.400000e+00	9.500000e+00	6.811900e-03	3.697390e-03	3.697390e-03
9.500000e+00	9.600000e+00	9.234483e-03	3.848895e-03	3.848895e-03
9.600000e+00	9.700000e+00	1.345103e-02	3.198515e-03	3.198515e-03
9.700000e+00	9.800000e+00	1.565939e-02	6.161106e-04	6.161106e-04
9.800000e+00	9.900000e+00	5.500058e-03	3.210708e-03	3.210708e-03
9.900000e+00	1.000000e+01	1.173243e-02	5.332919e-04	5.332919e-04
1.000000e+01	1.010000e+01	1.190211e-02	5.371345e-04	5.371345e-04
1.010000e+01	1.020000e+01	4.817698e-03	2.893213e-03	2.893213e-03
1.020000e+01	1.030000e+01	6.485756e-03	2.750152e-03	2.750152e-03
1.030000e+01	1.040000e+01	9.259890e-03	4.737771e-04	4.737771e-04
1.040000e+01	1.050000e+01	4.784945e-03	2.539274e-03	2.539274e-03
1.050000e+01	1.060000e+01	7.684250e-03	4.315906e-04	4.315906e-04
1.060000e+01	1.070000e+01	7.708495e-03	4.322708e-04	4.322708e-04
1.070000e+01	1.080000e+01	5.429880e-03	3.627992e-04	3.627992e-04
1.080000e+01	1.090000e+01	5.769250e-03	3.739649e-04	3.739649e-04
1.090000e+01	1.100000e+01	5.502605e-03	3.652206e-04	3.652206e-04
1.100000e+01	1.110000e+01	4.411779e-03	3.270228e-04	3.270228e-04
1.110000e+01	1.120000e+01	4.096652e-03	3.151271e-04	3.151271e-04
1.120000e+01	1.130000e+01	4.169373e-03	3.179117e-04	3.179117e-04
1.130000e+01	1.140000e+01	3.223993e-03	2.795556e-04	2.795556e-04
1.140000e+01	1.150000e+01	2.739182e-03	2.576805e-04	2.576805e-04
1.150000e+01	1.160000e+01	2.375574e-03	2.399692e-04	2.399692e-04
1.160000e+01	1.170000e+01	2.181649e-03	2.299660e-04	2.299660e-04
1.170000e+01	1.180000e+01	1.624116e-03	1.984174e-04	1.984174e-04
1.180000e+01	1.190000e+01	1.745319e-03	2.056878e-04	2.056878e-04
1.190000e+01	1.200000e+01	9.696220e-04	1.533107e-04	1.533107e-04
1.200000e+01	1.210000e+01	1.090825e-03	1.626105e-04	1.626105e-04
1.210000e+01	1.220000e+01	7.029760e-04	1.305393e-04	1.305393e-04
1.220000e+01	1.230000e+01	5.575325e-04	1.162536e-04	1.162536e-04
1.230000e+01	1.240000e+01	5.090515e-04	1.110841e-04	1.110841e-04
1.240000e+01	1.250000e+01	4.848109e-04	1.084070e-04	1.084070e-04
1.250000e+01	1.260000e+01	3.393676e-04	9.069981e-05	9.069981e-05
1.260000e+01	1.270000e+01	3.151271e-04	8.740053e-05	8.740053e-05
1.270000e+01	1.280000e+01	2.908865e-04	8.397171e-05	8.397171e-05
1.280000e+01	1.290000e+01	2.424055e-04	7.665533e-05	7.665533e-05
1.290000e+01	1.300000e+01	7.272165e-05	4.198585e-05	4.198585e-05
1.300000e+01	1.310000e+01	2.181649e-04	7.272163e-05	7.272163e-05
1.310000e+01	1.320000e+01	2.181649e-04	7.272163e-05	7.272163e-05
1.320000e+01	1.330000e+01	2.424054e-04	7.665533e-05	7.665533e-05
1.330000e+01	1.340000e+01	4.848109e-05	3.428131e-05	3.428131e-05
1.340000e+01	1.350000e+01	9.696220e-05	4.848109e-05	4.848109e-05
1.350000e+01	1.360000e+01	1.454433e-04	5.937697e-05	5.937697e-05
1.360000e+01	1.370000e+01	9.696220e-05	4.848109e-05	4.848109e-05
1.370000e+01	1.380000e+01	9.696220e-05	4.848109e-05	4.848109e-05
1.380000e+01	1.390000e+01	1.212027e-04	5.420351e-05	5.420351e-05
1.390000e+01	1.400000e+01	2.424055e-05	2.424054e-05	2.424054e-05
1.400000e+01	1.410000e+01	7.272165e-05	4.198585e-05	4.198585e-05
1.410000e+01	1.420000e+01	7.272165e-05	4.198585e-05	4.198585e-05
1.420000e+01	1.430000e+01	9.696220e-05	4.848109e-05	4.848109e-05
1.430000e+01	1.440000e+01	7.272165e-05	4.198585e-05	4.198585e-05
1.440000e+01	1.450000e+01	4.848109e-05	3.428131e-05	3.428131e-05
1.450000e+01	1.460000e+01	4.848109e-05	3.428131e-05	3.428131e-05
1.460000e+01	1.470000e+01	7.272165e-05	4.198585e-05	4.198585e-05
1.470000e+01	1.480000e+01	2.424054e-05	2.424054e-05	2.424054e-05
1.480000e+01	1.490000e+01	2.424055e-05	2.424054e-05	2.424054e-05
1.490000e+01	1.500000e+01	0.000000e+00	0.000000e+00	0.000000e+00
# END HISTO1D

