# BEGIN PLOT
LegendOnly=//home/frederic/Work/Software/LesHouches2017/lh2017-alphas/pythia-alphas/robustness/quark-as013650-as012285-parton.yoda/MC_LHJSS_Zjet/log_Angularity_zcut_0.05_beta_2_alpha_2 //home/frederic/Work/Software/LesHouches2017/lh2017-alphas/pythia-alphas/robustness/quark-as013650-as015015-parton.yoda/MC_LHJSS_Zjet/log_Angularity_zcut_0.05_beta_2_alpha_2 //home/frederic/Work/Software/LesHouches2017/lh2017-alphas/pythia-alphas/robustness/as013650-quark-robustness.yoda/MC_LHJSS_Zjet/log_Angularity_zcut_0.05_beta_2_alpha_2
DrawOnly=//home/frederic/Work/Software/LesHouches2017/lh2017-alphas/pythia-alphas/robustness/quark-as013650-as012285-parton.yoda/MC_LHJSS_Zjet/log_Angularity_zcut_0.05_beta_2_alpha_2 //home/frederic/Work/Software/LesHouches2017/lh2017-alphas/pythia-alphas/robustness/quark-as013650-as015015-parton.yoda/MC_LHJSS_Zjet/log_Angularity_zcut_0.05_beta_2_alpha_2 //home/frederic/Work/Software/LesHouches2017/lh2017-alphas/pythia-alphas/robustness/as013650-quark-robustness.yoda/MC_LHJSS_Zjet/log_Angularity_zcut_0.05_beta_2_alpha_2
Title=Angularity, $\alpha$ = 2 $z_{cut}$ = 0.05 $\beta$ = 2
RatioPlot=1
LogX=0
LogY=0
RatioPlotYLabel=Ratio
RatioPlotReference=//home/frederic/Work/Software/LesHouches2017/lh2017-alphas/pythia-alphas/robustness/quark-as013650-as012285-parton.yoda/MC_LHJSS_Zjet/log_Angularity_zcut_0.05_beta_2_alpha_2
XLabel=$e_\alpha$
YLabel=$1/\sigma \text{d}\sigma/\text{d}e_\alpha$
Legend=1
# END PLOT

# BEGIN HISTO1D //home/frederic/Work/Software/LesHouches2017/lh2017-alphas/pythia-alphas/robustness/quark-as013650-as012285-parton.yoda/MC_LHJSS_Zjet/log_Angularity_zcut_0.05_beta_2_alpha_2
LineColor=red
LineStyle=solid
NormalizeToSum=1
Path=//home/frederic/Work/Software/LesHouches2017/lh2017-alphas/pythia-alphas/robustness/quark-as013650-as012285-parton.yoda/MC_LHJSS_Zjet/log_Angularity_zcut_0.05_beta_2_alpha_2
ScaledBy=1.0
Title=quark-as013650-as012285-parton
XLabel=
YLabel=
# xlow	 xhigh	 val	 errminus	 errplus
0.000000e+00	1.000000e-01	0.000000e+00	0.000000e+00	0.000000e+00
1.000000e-01	2.000000e-01	5.745275e-05	5.745276e-05	5.745276e-05
2.000000e-01	3.000000e-01	1.054381e-05	4.090966e-05	4.090966e-05
3.000000e-01	4.000000e-01	4.363298e-04	1.028439e-04	1.028439e-04
4.000000e-01	5.000000e-01	7.043129e-06	3.384203e-05	3.384203e-05
5.000000e-01	6.000000e-01	5.825358e-06	3.082187e-05	3.082187e-05
6.000000e-01	7.000000e-01	1.909740e-04	1.730971e-04	1.730971e-04
7.000000e-01	8.000000e-01	5.311403e-05	9.296501e-05	9.296501e-05
8.000000e-01	9.000000e-01	2.091608e-04	1.840275e-04	1.840275e-04
9.000000e-01	1.000000e+00	1.176753e-04	1.383841e-04	1.383841e-04
1.000000e+00	1.100000e+00	1.376000e-04	1.496738e-04	1.496738e-04
1.100000e+00	1.200000e+00	9.348517e-05	1.234711e-04	1.234711e-04
1.200000e+00	1.300000e+00	6.000712e-05	9.896651e-05	9.896651e-05
1.300000e+00	1.400000e+00	1.472845e-04	1.549547e-04	1.549547e-04
1.400000e+00	1.500000e+00	2.129776e-04	1.862710e-04	1.862710e-04
1.500000e+00	1.600000e+00	1.712151e-04	1.670815e-04	1.670815e-04
1.600000e+00	1.700000e+00	3.590450e-04	2.417277e-04	2.417277e-04
1.700000e+00	1.800000e+00	1.075474e-04	1.324913e-04	1.324913e-04
1.800000e+00	1.900000e+00	6.008379e-05	9.905219e-05	9.905219e-05
1.900000e+00	2.000000e+00	1.870961e-05	5.528511e-05	5.528511e-05
2.000000e+00	2.100000e+00	5.207031e-04	2.910832e-04	2.910832e-04
2.100000e+00	2.200000e+00	2.022821e-04	1.816626e-04	1.816626e-04
2.200000e+00	2.300000e+00	7.991911e-04	3.603226e-04	3.603226e-04
2.300000e+00	2.400000e+00	6.452965e-04	3.239918e-04	3.239918e-04
2.400000e+00	2.500000e+00	6.756855e-04	3.315524e-04	3.315524e-04
2.500000e+00	2.600000e+00	1.529287e-04	1.579976e-04	1.579976e-04
2.600000e+00	2.700000e+00	6.890119e-04	3.348145e-04	3.348145e-04
2.700000e+00	2.800000e+00	8.154300e-04	3.641148e-04	3.641148e-04
2.800000e+00	2.900000e+00	1.920541e-04	1.770458e-04	1.770458e-04
2.900000e+00	3.000000e+00	3.536193e-05	7.600379e-05	7.600379e-05
3.000000e+00	3.100000e+00	8.088941e-04	3.627416e-04	3.627416e-04
3.100000e+00	3.200000e+00	2.198050e-04	1.893952e-04	1.893952e-04
3.200000e+00	3.300000e+00	1.339125e-04	1.478671e-04	1.478671e-04
3.300000e+00	3.400000e+00	1.054443e-03	4.138963e-04	4.138963e-04
3.400000e+00	3.500000e+00	4.179089e-04	2.610174e-04	2.610174e-04
3.500000e+00	3.600000e+00	5.349908e-05	9.348086e-05	9.348086e-05
3.600000e+00	3.700000e+00	6.159459e-04	3.167288e-04	3.167288e-04
3.700000e+00	3.800000e+00	5.087179e-04	2.879166e-04	2.879166e-04
3.800000e+00	3.900000e+00	3.481381e-04	2.382848e-04	2.382848e-04
3.900000e+00	4.000000e+00	4.306348e-05	8.387200e-05	8.387200e-05
4.000000e+00	4.100000e+00	3.606085e-04	2.425050e-04	2.425050e-04
4.100000e+00	4.200000e+00	1.346915e-04	1.482960e-04	1.482960e-04
4.200000e+00	4.300000e+00	5.084456e-04	2.878529e-04	2.878529e-04
4.300000e+00	4.400000e+00	6.304862e-04	3.204370e-04	3.204370e-04
4.400000e+00	4.500000e+00	6.054128e-04	3.140317e-04	3.140317e-04
4.500000e+00	4.600000e+00	2.344705e-04	1.956090e-04	1.956090e-04
4.600000e+00	4.700000e+00	1.012019e-04	1.285562e-04	1.285562e-04
4.700000e+00	4.800000e+00	2.725490e-04	2.108806e-04	2.108806e-04
4.800000e+00	4.900000e+00	3.472260e-04	2.379806e-04	2.379806e-04
4.900000e+00	5.000000e+00	4.840493e-04	2.808785e-04	2.808785e-04
5.000000e+00	5.100000e+00	1.241920e-04	1.424034e-04	1.424034e-04
5.100000e+00	5.200000e+00	6.559110e-04	3.268239e-04	3.268239e-04
5.200000e+00	5.300000e+00	5.208705e-04	2.913511e-04	2.913511e-04
5.300000e+00	5.400000e+00	1.654237e-04	1.643358e-04	1.643358e-04
5.400000e+00	5.500000e+00	1.746388e-04	1.688460e-04	1.688460e-04
5.500000e+00	5.600000e+00	2.470616e-04	2.007894e-04	2.007894e-04
5.600000e+00	5.700000e+00	5.234563e-04	2.920618e-04	2.920618e-04
5.700000e+00	5.800000e+00	2.281366e-04	1.929549e-04	1.929549e-04
5.800000e+00	5.900000e+00	2.046168e-04	1.827488e-04	1.827488e-04
5.900000e+00	6.000000e+00	1.326849e-04	1.471886e-04	1.471886e-04
6.000000e+00	6.100000e+00	1.826348e-04	1.726632e-04	1.726632e-04
6.100000e+00	6.200000e+00	2.139297e-04	1.868574e-04	1.868574e-04
6.200000e+00	6.300000e+00	9.932893e-05	1.273603e-04	1.273603e-04
6.300000e+00	6.400000e+00	1.321219e-04	1.468753e-04	1.468753e-04
6.400000e+00	6.500000e+00	1.131690e-04	1.359397e-04	1.359397e-04
6.500000e+00	6.600000e+00	1.615482e-04	1.623957e-04	1.623957e-04
6.600000e+00	6.700000e+00	6.759877e-09	1.050939e-06	1.050939e-06
6.700000e+00	6.800000e+00	2.367428e-04	1.965475e-04	1.965475e-04
6.800000e+00	6.900000e+00	8.570685e-05	1.183083e-04	1.183083e-04
6.900000e+00	7.000000e+00	8.686944e-06	3.767310e-05	3.767310e-05
7.000000e+00	7.100000e+00	9.177662e-05	1.224219e-04	1.224219e-04
7.100000e+00	7.200000e+00	7.266562e-05	1.089381e-04	1.089381e-04
7.200000e+00	7.300000e+00	4.160688e-05	8.243926e-05	8.243926e-05
7.300000e+00	7.400000e+00	2.395773e-04	1.976996e-04	1.976996e-04
7.400000e+00	7.500000e+00	1.347642e-04	1.483205e-04	1.483205e-04
7.500000e+00	7.600000e+00	2.143645e-04	1.870098e-04	1.870098e-04
7.600000e+00	7.700000e+00	1.678167e-04	1.654851e-04	1.654851e-04
7.700000e+00	7.800000e+00	5.896068e-04	3.097044e-04	3.097044e-04
7.800000e+00	7.900000e+00	3.485958e-04	2.383125e-04	2.383125e-04
7.900000e+00	8.000000e+00	5.130980e-04	2.888880e-04	2.888880e-04
8.000000e+00	8.100000e+00	3.829421e-04	2.496953e-04	2.496953e-04
8.100000e+00	8.200000e+00	8.029110e-04	3.607513e-04	3.607513e-04
8.200000e+00	8.300000e+00	1.761053e-03	5.316562e-04	5.316562e-04
8.300000e+00	8.400000e+00	1.702646e-03	5.226322e-04	5.226322e-04
8.400000e+00	8.500000e+00	7.151643e-04	3.403615e-04	3.403615e-04
8.500000e+00	8.600000e+00	1.356779e-03	4.666601e-04	4.666601e-04
8.600000e+00	8.700000e+00	1.903195e-03	5.505536e-04	5.505536e-04
8.700000e+00	8.800000e+00	1.491966e-03	4.878950e-04	4.878950e-04
8.800000e+00	8.900000e+00	2.114530e-03	5.778777e-04	5.778777e-04
8.900000e+00	9.000000e+00	1.967203e-03	5.573350e-04	5.573350e-04
9.000000e+00	9.100000e+00	1.309406e-03	4.567346e-04	4.567346e-04
9.100000e+00	9.200000e+00	1.838608e-03	5.379607e-04	5.379607e-04
9.200000e+00	9.300000e+00	1.837714e-03	5.373277e-04	5.373277e-04
9.300000e+00	9.400000e+00	1.083931e-03	4.151270e-04	4.151270e-04
9.400000e+00	9.500000e+00	2.317444e-03	5.972323e-04	5.972323e-04
9.500000e+00	9.600000e+00	1.987364e-03	5.533906e-04	5.533906e-04
9.600000e+00	9.700000e+00	1.913046e-03	5.426401e-04	5.426401e-04
9.700000e+00	9.800000e+00	1.735390e-03	5.167353e-04	5.167353e-04
9.800000e+00	9.900000e+00	2.674731e-03	6.297295e-04	6.297295e-04
9.900000e+00	1.000000e+01	1.329750e-03	4.527443e-04	4.527443e-04
1.000000e+01	1.010000e+01	2.162916e-03	5.686527e-04	5.686527e-04
1.010000e+01	1.020000e+01	3.276505e-03	6.818120e-04	6.818120e-04
1.020000e+01	1.030000e+01	2.017569e-03	5.438994e-04	5.438994e-04
1.030000e+01	1.040000e+01	1.536397e-03	4.803192e-04	4.803192e-04
1.040000e+01	1.050000e+01	2.283663e-03	5.720349e-04	5.720349e-04
1.050000e+01	1.060000e+01	1.472667e-03	4.661543e-04	4.661543e-04
1.060000e+01	1.070000e+01	1.388986e-03	4.548355e-04	4.548355e-04
1.070000e+01	1.080000e+01	1.285129e-03	4.340852e-04	4.340852e-04
1.080000e+01	1.090000e+01	8.146872e-04	3.522196e-04	3.522196e-04
1.090000e+01	1.100000e+01	6.365453e-04	3.130726e-04	3.130726e-04
1.100000e+01	1.110000e+01	1.455209e-03	4.516513e-04	4.516513e-04
1.110000e+01	1.120000e+01	1.191409e-03	4.117384e-04	4.117384e-04
1.120000e+01	1.130000e+01	7.804993e-04	3.409073e-04	3.409073e-04
1.130000e+01	1.140000e+01	1.203557e-03	4.077869e-04	4.077869e-04
1.140000e+01	1.150000e+01	9.749027e-04	3.685034e-04	3.685034e-04
1.150000e+01	1.160000e+01	6.586319e-04	3.073493e-04	3.073493e-04
1.160000e+01	1.170000e+01	2.142920e-04	1.823674e-04	1.823674e-04
1.170000e+01	1.180000e+01	3.375591e-04	2.206638e-04	2.206638e-04
1.180000e+01	1.190000e+01	5.348584e-05	9.243671e-05	9.243671e-05
1.190000e+01	1.200000e+01	3.873239e-04	2.336968e-04	2.336968e-04
1.200000e+01	1.210000e+01	7.919809e-05	1.111923e-04	1.111923e-04
1.210000e+01	1.220000e+01	2.591891e-06	2.055585e-05	2.055585e-05
1.220000e+01	1.230000e+01	1.757249e-04	1.535544e-04	1.535544e-04
1.230000e+01	1.240000e+01	9.446762e-06	3.901588e-05	3.901588e-05
1.240000e+01	1.250000e+01	3.044909e-04	1.907228e-04	1.907228e-04
1.250000e+01	1.260000e+01	5.400940e-05	8.826550e-05	8.826550e-05
1.260000e+01	1.270000e+01	5.400940e-05	8.826550e-05	8.826550e-05
1.270000e+01	1.280000e+01	1.278617e-04	1.255995e-04	1.255995e-04
1.280000e+01	1.290000e+01	1.054381e-05	4.090966e-05	4.090966e-05
1.290000e+01	1.300000e+01	2.700471e-05	6.241315e-05	6.241315e-05
1.300000e+01	1.310000e+01	5.907563e-05	8.276545e-05	8.276545e-05
1.310000e+01	1.320000e+01	7.598203e-07	1.111235e-05	1.111235e-05
1.320000e+01	1.330000e+01	4.050703e-05	7.644015e-05	7.644015e-05
1.330000e+01	1.340000e+01	6.948744e-05	9.422171e-05	9.422171e-05
1.340000e+01	1.350000e+01	7.598203e-07	1.111235e-05	1.111235e-05
1.350000e+01	1.360000e+01	2.110709e-05	5.704034e-05	5.704034e-05
1.360000e+01	1.370000e+01	2.424055e-05	2.424054e-05	2.424054e-05
1.370000e+01	1.380000e+01	2.424054e-05	2.424054e-05	2.424054e-05
1.380000e+01	1.390000e+01	7.598203e-07	1.111235e-05	1.111235e-05
1.390000e+01	1.400000e+01	7.598203e-07	1.111235e-05	1.111235e-05
1.400000e+01	1.410000e+01	1.350234e-05	4.413274e-05	4.413274e-05
1.410000e+01	1.420000e+01	2.424055e-05	2.424054e-05	2.424054e-05
1.420000e+01	1.430000e+01	7.272165e-05	4.198585e-05	4.198585e-05
1.430000e+01	1.440000e+01	1.350234e-05	4.413274e-05	4.413274e-05
1.440000e+01	1.450000e+01	2.424055e-05	2.424054e-05	2.424054e-05
1.450000e+01	1.460000e+01	5.907563e-05	8.276545e-05	8.276545e-05
1.460000e+01	1.470000e+01	5.745275e-05	5.745276e-05	5.745276e-05
1.470000e+01	1.480000e+01	5.745275e-05	5.745276e-05	5.745276e-05
1.480000e+01	1.490000e+01	0.000000e+00	0.000000e+00	0.000000e+00
1.490000e+01	1.500000e+01	0.000000e+00	0.000000e+00	0.000000e+00
# END HISTO1D

# BEGIN HISTO1D //home/frederic/Work/Software/LesHouches2017/lh2017-alphas/pythia-alphas/robustness/quark-as013650-as015015-parton.yoda/MC_LHJSS_Zjet/log_Angularity_zcut_0.05_beta_2_alpha_2
LineColor=blue
LineStyle=solid
NormalizeToSum=1
Path=//home/frederic/Work/Software/LesHouches2017/lh2017-alphas/pythia-alphas/robustness/quark-as013650-as015015-parton.yoda/MC_LHJSS_Zjet/log_Angularity_zcut_0.05_beta_2_alpha_2
ScaledBy=1.0
Title=quark-as013650-as015015-parton
XLabel=
YLabel=
# xlow	 xhigh	 val	 errminus	 errplus
0.000000e+00	1.000000e-01	4.126672e-05	4.126672e-05	4.126672e-05
1.000000e-01	2.000000e-01	4.126672e-05	4.126672e-05	4.126672e-05
2.000000e-01	3.000000e-01	3.572196e-06	2.155698e-05	2.155698e-05
3.000000e-01	4.000000e-01	5.219334e-06	2.608585e-05	2.608585e-05
4.000000e-01	5.000000e-01	1.387205e-05	4.246816e-05	4.246816e-05
5.000000e-01	6.000000e-01	6.049048e-05	8.824643e-05	8.824643e-05
6.000000e-01	7.000000e-01	1.240316e-04	1.263817e-04	1.263817e-04
7.000000e-01	8.000000e-01	4.937044e-04	2.507576e-04	2.507576e-04
8.000000e-01	9.000000e-01	4.724221e-06	2.487625e-05	2.487625e-05
9.000000e-01	1.000000e+00	4.460777e-05	7.639703e-05	7.639703e-05
1.000000e+00	1.100000e+00	1.693743e-04	1.486859e-04	1.486859e-04
1.100000e+00	1.200000e+00	1.477352e-04	1.389384e-04	1.389384e-04
1.200000e+00	1.300000e+00	2.133286e-04	1.669098e-04	1.669098e-04
1.300000e+00	1.400000e+00	3.792779e-05	7.047226e-05	7.047226e-05
1.400000e+00	1.500000e+00	2.882700e-04	1.940087e-04	1.940087e-04
1.500000e+00	1.600000e+00	4.691468e-04	2.473140e-04	2.473140e-04
1.600000e+00	1.700000e+00	3.700338e-04	2.197989e-04	2.197989e-04
1.700000e+00	1.800000e+00	6.299872e-05	9.082493e-05	9.082493e-05
1.800000e+00	1.900000e+00	2.649963e-04	1.861167e-04	1.861167e-04
1.900000e+00	2.000000e+00	3.205523e-05	6.479708e-05	6.479708e-05
2.000000e+00	2.100000e+00	6.888858e-06	3.004157e-05	3.004157e-05
2.100000e+00	2.200000e+00	1.204773e-04	1.255847e-04	1.255847e-04
2.200000e+00	2.300000e+00	5.402653e-05	8.411798e-05	8.411798e-05
2.300000e+00	2.400000e+00	1.791581e-04	1.531245e-04	1.531245e-04
2.400000e+00	2.500000e+00	1.567803e-04	1.432567e-04	1.432567e-04
2.500000e+00	2.600000e+00	7.284095e-04	3.083134e-04	3.083134e-04
2.600000e+00	2.700000e+00	3.683034e-04	2.194504e-04	2.194504e-04
2.700000e+00	2.800000e+00	1.633115e-04	1.462112e-04	1.462112e-04
2.800000e+00	2.900000e+00	5.984881e-04	2.795981e-04	2.795981e-04
2.900000e+00	3.000000e+00	5.060674e-04	2.571714e-04	2.571714e-04
3.000000e+00	3.100000e+00	3.277739e-04	2.070659e-04	2.070659e-04
3.100000e+00	3.200000e+00	5.228510e-04	2.613954e-04	2.613954e-04
3.200000e+00	3.300000e+00	2.834850e-04	1.925915e-04	1.925915e-04
3.300000e+00	3.400000e+00	4.904003e-05	8.014644e-05	8.014644e-05
3.400000e+00	3.500000e+00	4.646217e-04	2.464544e-04	2.464544e-04
3.500000e+00	3.600000e+00	3.583840e-04	2.165051e-04	2.165051e-04
3.600000e+00	3.700000e+00	3.100082e-04	2.013899e-04	2.013899e-04
3.700000e+00	3.800000e+00	5.869829e-04	2.769404e-04	2.769404e-04
3.800000e+00	3.900000e+00	3.185846e-04	2.041513e-04	2.041513e-04
3.900000e+00	4.000000e+00	6.236828e-04	2.854518e-04	2.854518e-04
4.000000e+00	4.100000e+00	8.658406e-04	3.361465e-04	3.361465e-04
4.100000e+00	4.200000e+00	5.536705e-04	2.689863e-04	2.689863e-04
4.200000e+00	4.300000e+00	4.309310e-04	2.373796e-04	2.373796e-04
4.300000e+00	4.400000e+00	4.387161e-04	2.395090e-04	2.395090e-04
4.400000e+00	4.500000e+00	1.259500e-04	1.284206e-04	1.284206e-04
4.500000e+00	4.600000e+00	3.194461e-04	2.044240e-04	2.044240e-04
4.600000e+00	4.700000e+00	3.982784e-04	2.282214e-04	2.282214e-04
4.700000e+00	4.800000e+00	2.563181e-04	1.831458e-04	1.831458e-04
4.800000e+00	4.900000e+00	2.395021e-04	1.770437e-04	1.770437e-04
4.900000e+00	5.000000e+00	1.473121e-04	1.388773e-04	1.388773e-04
5.000000e+00	5.100000e+00	1.620889e-04	1.456706e-04	1.456706e-04
5.100000e+00	5.200000e+00	3.042680e-04	1.995231e-04	1.995231e-04
5.200000e+00	5.300000e+00	1.802506e-04	1.536116e-04	1.536116e-04
5.300000e+00	5.400000e+00	2.316981e-04	1.741383e-04	1.741383e-04
5.400000e+00	5.500000e+00	8.841061e-05	1.076026e-04	1.076026e-04
5.500000e+00	5.600000e+00	1.808431e-04	1.538610e-04	1.538610e-04
5.600000e+00	5.700000e+00	1.513101e-04	1.407484e-04	1.407484e-04
5.700000e+00	5.800000e+00	9.397352e-05	1.109345e-04	1.109345e-04
5.800000e+00	5.900000e+00	1.835000e-04	1.549857e-04	1.549857e-04
5.900000e+00	6.000000e+00	2.837276e-04	1.926748e-04	1.926748e-04
6.000000e+00	6.100000e+00	4.456084e-05	7.639948e-05	7.639948e-05
6.100000e+00	6.200000e+00	1.875541e-05	4.956825e-05	4.956825e-05
6.200000e+00	6.300000e+00	1.606788e-04	1.450338e-04	1.450338e-04
6.300000e+00	6.400000e+00	3.750330e-09	7.009620e-07	7.009620e-07
6.400000e+00	6.500000e+00	8.302215e-06	3.297978e-05	3.297978e-05
6.500000e+00	6.600000e+00	3.801560e-06	2.231704e-05	2.231704e-05
6.600000e+00	6.700000e+00	2.133821e-05	5.287062e-05	5.287062e-05
6.700000e+00	6.800000e+00	1.497006e-04	1.399900e-04	1.399900e-04
6.800000e+00	6.900000e+00	1.759981e-04	1.517767e-04	1.517767e-04
6.900000e+00	7.000000e+00	2.659045e-04	1.865026e-04	1.865026e-04
7.000000e+00	7.100000e+00	1.334664e-05	4.181464e-05	4.181464e-05
7.100000e+00	7.200000e+00	2.982416e-04	1.974829e-04	1.974829e-04
7.200000e+00	7.300000e+00	1.487227e-04	1.395189e-04	1.395189e-04
7.300000e+00	7.400000e+00	1.882964e-04	1.569637e-04	1.569637e-04
7.400000e+00	7.500000e+00	6.982193e-04	3.016539e-04	3.016539e-04
7.500000e+00	7.600000e+00	7.357014e-04	3.095563e-04	3.095563e-04
7.600000e+00	7.700000e+00	1.277513e-03	4.068354e-04	4.068354e-04
7.700000e+00	7.800000e+00	1.019035e-03	3.637083e-04	3.637083e-04
7.800000e+00	7.900000e+00	1.141109e-03	3.844379e-04	3.844379e-04
7.900000e+00	8.000000e+00	2.098195e-03	5.179432e-04	5.179432e-04
8.000000e+00	8.100000e+00	2.334369e-03	5.451863e-04	5.451863e-04
8.100000e+00	8.200000e+00	2.165663e-03	5.247368e-04	5.247368e-04
8.200000e+00	8.300000e+00	2.992910e-03	6.115954e-04	6.115954e-04
8.300000e+00	8.400000e+00	2.509359e-03	5.615969e-04	5.615969e-04
8.400000e+00	8.500000e+00	2.672355e-03	5.778174e-04	5.778174e-04
8.500000e+00	8.600000e+00	1.913191e-03	4.912047e-04	4.912047e-04
8.600000e+00	8.700000e+00	3.162195e-03	6.205064e-04	6.205064e-04
8.700000e+00	8.800000e+00	2.391096e-03	5.421289e-04	5.421289e-04
8.800000e+00	8.900000e+00	2.515055e-03	5.537213e-04	5.537213e-04
8.900000e+00	9.000000e+00	2.790118e-03	5.781217e-04	5.781217e-04
9.000000e+00	9.100000e+00	2.506433e-03	5.491007e-04	5.491007e-04
9.100000e+00	9.200000e+00	2.748665e-03	5.685299e-04	5.685299e-04
9.200000e+00	9.300000e+00	2.825649e-03	5.730146e-04	5.730146e-04
9.300000e+00	9.400000e+00	3.017210e-03	5.827883e-04	5.827883e-04
9.400000e+00	9.500000e+00	2.616699e-03	5.428616e-04	5.428616e-04
9.500000e+00	9.600000e+00	1.571005e-03	4.328524e-04	4.328524e-04
9.600000e+00	9.700000e+00	2.944668e-03	5.541133e-04	5.541133e-04
9.700000e+00	9.800000e+00	2.221406e-03	4.931167e-04	4.931167e-04
9.800000e+00	9.900000e+00	1.823689e-03	4.490762e-04	4.490762e-04
9.900000e+00	1.000000e+01	1.853719e-03	4.477673e-04	4.477673e-04
1.000000e+01	1.010000e+01	2.156045e-03	4.705391e-04	4.705391e-04
1.010000e+01	1.020000e+01	2.075354e-03	4.494576e-04	4.494576e-04
1.020000e+01	1.030000e+01	1.348194e-03	3.806849e-04	3.806849e-04
1.030000e+01	1.040000e+01	2.321562e-03	4.490467e-04	4.490467e-04
1.040000e+01	1.050000e+01	1.802262e-03	4.063964e-04	4.063964e-04
1.050000e+01	1.060000e+01	1.519240e-03	3.786530e-04	3.786530e-04
1.060000e+01	1.070000e+01	2.219720e-03	4.107259e-04	4.107259e-04
1.070000e+01	1.080000e+01	1.226965e-03	3.403779e-04	3.403779e-04
1.080000e+01	1.090000e+01	1.623486e-03	3.683473e-04	3.683473e-04
1.090000e+01	1.100000e+01	1.443875e-03	3.563801e-04	3.563801e-04
1.100000e+01	1.110000e+01	1.033500e-03	2.986535e-04	2.986535e-04
1.110000e+01	1.120000e+01	9.273884e-04	2.870080e-04	2.870080e-04
1.120000e+01	1.130000e+01	1.400779e-03	3.055669e-04	3.055669e-04
1.130000e+01	1.140000e+01	1.026529e-03	2.571860e-04	2.571860e-04
1.140000e+01	1.150000e+01	6.093339e-04	2.345321e-04	2.345321e-04
1.150000e+01	1.160000e+01	7.050027e-04	2.275116e-04	2.275116e-04
1.160000e+01	1.170000e+01	5.733180e-04	2.247847e-04	2.247847e-04
1.170000e+01	1.180000e+01	4.927370e-04	1.578378e-04	1.578378e-04
1.180000e+01	1.190000e+01	3.541612e-04	1.784197e-04	1.784197e-04
1.190000e+01	1.200000e+01	1.614690e-04	1.329186e-04	1.329186e-04
1.200000e+01	1.210000e+01	1.573161e-04	1.292643e-04	1.292643e-04
1.210000e+01	1.220000e+01	1.057254e-04	1.089861e-04	1.089861e-04
1.220000e+01	1.230000e+01	6.367654e-08	2.888141e-06	2.888141e-06
1.230000e+01	1.240000e+01	1.206212e-04	9.983439e-05	9.983439e-05
1.240000e+01	1.250000e+01	5.812624e-05	7.583748e-05	7.583748e-05
1.250000e+01	1.260000e+01	2.244093e-05	5.069130e-05	5.069130e-05
1.260000e+01	1.270000e+01	9.696220e-05	4.848109e-05	4.848109e-05
1.270000e+01	1.280000e+01	8.679940e-06	3.272154e-05	3.272154e-05
1.280000e+01	1.290000e+01	7.817447e-05	8.511894e-05	8.511894e-05
1.290000e+01	1.300000e+01	5.799257e-07	8.695281e-06	8.695281e-06
1.300000e+01	1.310000e+01	2.424055e-05	2.424054e-05	2.424054e-05
1.310000e+01	1.320000e+01	5.799257e-07	8.695281e-06	8.695281e-06
1.320000e+01	1.330000e+01	7.272165e-05	4.198585e-05	4.198585e-05
1.330000e+01	1.340000e+01	4.848109e-05	3.428131e-05	3.428131e-05
1.340000e+01	1.350000e+01	4.848109e-05	3.428131e-05	3.428131e-05
1.350000e+01	1.360000e+01	9.696220e-05	4.848109e-05	4.848109e-05
1.360000e+01	1.370000e+01	2.424055e-05	2.424054e-05	2.424054e-05
1.370000e+01	1.380000e+01	2.424054e-05	2.424054e-05	2.424054e-05
1.380000e+01	1.390000e+01	4.848109e-05	3.428131e-05	3.428131e-05
1.390000e+01	1.400000e+01	4.848109e-05	3.428131e-05	3.428131e-05
1.400000e+01	1.410000e+01	2.424055e-05	2.424054e-05	2.424054e-05
1.410000e+01	1.420000e+01	4.425323e-06	2.347483e-05	2.347483e-05
1.420000e+01	1.430000e+01	8.679940e-06	3.272154e-05	3.272154e-05
1.430000e+01	1.440000e+01	2.424055e-05	2.424054e-05	2.424054e-05
1.440000e+01	1.450000e+01	2.424055e-05	2.424054e-05	2.424054e-05
1.450000e+01	1.460000e+01	2.424055e-05	2.424054e-05	2.424054e-05
1.460000e+01	1.470000e+01	1.238002e-04	7.147606e-05	7.147606e-05
1.470000e+01	1.480000e+01	0.000000e+00	0.000000e+00	0.000000e+00
1.480000e+01	1.490000e+01	0.000000e+00	0.000000e+00	0.000000e+00
1.490000e+01	1.500000e+01	0.000000e+00	0.000000e+00	0.000000e+00
# END HISTO1D

# BEGIN HISTO1D //home/frederic/Work/Software/LesHouches2017/lh2017-alphas/pythia-alphas/robustness/as013650-quark-robustness.yoda/MC_LHJSS_Zjet/log_Angularity_zcut_0.05_beta_2_alpha_2
LineColor=green
LineStyle=solid
NormalizeToSum=1
Path=//home/frederic/Work/Software/LesHouches2017/lh2017-alphas/pythia-alphas/robustness/as013650-quark-robustness.yoda/MC_LHJSS_Zjet/log_Angularity_zcut_0.05_beta_2_alpha_2
ScaledBy=1.0
Title=as013650-quark-robustness
XLabel=
YLabel=
# xlow	 xhigh	 val	 errminus	 errplus
0.000000e+00	1.000000e-01	0.000000e+00	0.000000e+00	0.000000e+00
1.000000e-01	2.000000e-01	0.000000e+00	0.000000e+00	0.000000e+00
2.000000e-01	3.000000e-01	1.696838e-04	6.413445e-05	6.413445e-05
3.000000e-01	4.000000e-01	4.363298e-04	1.028439e-04	1.028439e-04
4.000000e-01	5.000000e-01	6.060135e-04	1.212027e-04	1.212027e-04
5.000000e-01	6.000000e-01	5.854649e-04	1.167060e-03	1.167060e-03
6.000000e-01	7.000000e-01	2.831112e-04	8.294567e-04	8.294567e-04
7.000000e-01	8.000000e-01	2.414013e-06	7.920941e-05	7.920941e-05
8.000000e-01	9.000000e-01	7.536925e-04	1.383977e-03	1.383977e-03
9.000000e-01	1.000000e+00	7.263893e-04	1.361663e-03	1.361663e-03
1.000000e+00	1.100000e+00	2.344078e-03	2.419357e-03	2.419357e-03
1.100000e+00	1.200000e+00	2.007625e-03	2.251269e-03	2.251269e-03
1.200000e+00	1.300000e+00	2.871920e-04	8.622094e-04	8.622094e-04
1.300000e+00	1.400000e+00	5.906405e-03	3.651476e-03	3.651476e-03
1.400000e+00	1.500000e+00	1.332531e-04	5.880197e-04	5.880197e-04
1.500000e+00	1.600000e+00	6.065642e-04	1.250734e-03	1.250734e-03
1.600000e+00	1.700000e+00	1.995191e-05	2.277164e-04	2.277164e-04
1.700000e+00	1.800000e+00	2.379267e-04	7.855292e-04	7.855292e-04
1.800000e+00	1.900000e+00	2.682011e-04	8.340301e-04	8.340301e-04
1.900000e+00	2.000000e+00	1.163341e-04	5.496782e-04	5.496782e-04
2.000000e+00	2.100000e+00	7.765522e-04	1.416319e-03	1.416319e-03
2.100000e+00	2.200000e+00	2.056697e-04	7.306957e-04	7.306957e-04
2.200000e+00	2.300000e+00	1.579672e-04	6.404635e-04	6.404635e-04
2.300000e+00	2.400000e+00	2.329339e-04	7.775458e-04	7.775458e-04
2.400000e+00	2.500000e+00	1.276029e-03	1.813546e-03	1.813546e-03
2.500000e+00	2.600000e+00	7.152867e-04	1.361003e-03	1.361003e-03
2.600000e+00	2.700000e+00	1.304364e-03	1.835427e-03	1.835427e-03
2.700000e+00	2.800000e+00	7.383764e-04	1.382331e-03	1.382331e-03
2.800000e+00	2.900000e+00	1.747754e-03	2.119814e-03	2.119814e-03
2.900000e+00	3.000000e+00	5.994375e-04	1.246153e-03	1.246153e-03
3.000000e+00	3.100000e+00	4.122098e-03	3.246147e-03	3.246147e-03
3.100000e+00	3.200000e+00	5.033543e-05	3.616819e-04	3.616819e-04
3.200000e+00	3.300000e+00	8.876075e-05	4.802464e-04	4.802464e-04
3.300000e+00	3.400000e+00	2.083640e-05	2.327202e-04	2.327202e-04
3.400000e+00	3.500000e+00	3.548941e-04	9.596981e-04	9.596981e-04
3.500000e+00	3.600000e+00	1.477750e-06	6.197892e-05	6.197892e-05
3.600000e+00	3.700000e+00	7.400561e-04	1.384296e-03	1.384296e-03
3.700000e+00	3.800000e+00	3.814936e-04	9.949641e-04	9.949641e-04
3.800000e+00	3.900000e+00	1.380850e-04	5.989172e-04	5.989172e-04
3.900000e+00	4.000000e+00	4.162391e-04	1.039084e-03	1.039084e-03
4.000000e+00	4.100000e+00	3.576868e-04	9.634728e-04	9.634728e-04
4.100000e+00	4.200000e+00	8.811210e-07	4.785881e-05	4.785881e-05
4.200000e+00	4.300000e+00	2.358037e-03	2.463984e-03	2.463984e-03
4.300000e+00	4.400000e+00	1.155756e-04	5.479772e-04	5.479772e-04
4.400000e+00	4.500000e+00	7.922359e-04	1.432640e-03	1.432640e-03
4.500000e+00	4.600000e+00	7.322546e-04	1.377390e-03	1.377390e-03
4.600000e+00	4.700000e+00	5.360994e-05	3.732610e-04	3.732610e-04
4.700000e+00	4.800000e+00	2.402925e-04	7.899147e-04	7.899147e-04
4.800000e+00	4.900000e+00	5.126663e-05	3.650157e-04	3.650157e-04
4.900000e+00	5.000000e+00	1.550738e-03	1.999281e-03	1.999281e-03
5.000000e+00	5.100000e+00	1.808814e-04	6.854255e-04	6.854255e-04
5.100000e+00	5.200000e+00	2.057120e-03	2.302860e-03	2.302860e-03
5.200000e+00	5.300000e+00	9.596140e-04	1.576245e-03	1.576245e-03
5.300000e+00	5.400000e+00	1.200659e-03	1.762220e-03	1.762220e-03
5.400000e+00	5.500000e+00	3.031766e-03	2.790344e-03	2.790344e-03
5.500000e+00	5.600000e+00	2.390736e-04	7.879046e-04	7.879046e-04
5.600000e+00	5.700000e+00	3.445715e-03	2.972686e-03	2.972686e-03
5.700000e+00	5.800000e+00	7.038105e-04	1.350097e-03	1.350097e-03
5.800000e+00	5.900000e+00	6.805823e-04	1.328092e-03	1.328092e-03
5.900000e+00	6.000000e+00	5.480376e-04	1.192107e-03	1.192107e-03
6.000000e+00	6.100000e+00	3.084560e-03	2.813994e-03	2.813994e-03
6.100000e+00	6.200000e+00	5.795938e-03	3.839173e-03	3.839173e-03
6.200000e+00	6.300000e+00	9.528536e-04	1.570422e-03	1.570422e-03
6.300000e+00	6.400000e+00	1.305241e-03	1.836731e-03	1.836731e-03
6.400000e+00	6.500000e+00	3.250371e-04	9.185069e-04	9.185069e-04
6.500000e+00	6.600000e+00	4.104993e-03	3.239164e-03	3.239164e-03
6.600000e+00	6.700000e+00	1.888097e-04	7.002528e-04	7.002528e-04
6.700000e+00	6.800000e+00	1.632348e-04	6.511175e-04	6.511175e-04
6.800000e+00	6.900000e+00	1.738617e-03	2.117499e-03	2.117499e-03
6.900000e+00	7.000000e+00	1.371207e-03	1.881650e-03	1.881650e-03
7.000000e+00	7.100000e+00	1.081610e-03	1.672011e-03	1.672011e-03
7.100000e+00	7.200000e+00	8.561014e-05	4.716187e-04	4.716187e-04
7.200000e+00	7.300000e+00	9.444907e-06	1.566861e-04	1.566861e-04
7.300000e+00	7.400000e+00	1.191066e-03	1.751677e-03	1.751677e-03
7.400000e+00	7.500000e+00	3.262515e-06	9.209082e-05	9.209082e-05
7.500000e+00	7.600000e+00	1.779536e-03	2.139091e-03	2.139091e-03
7.600000e+00	7.700000e+00	2.052811e-03	2.287865e-03	2.287865e-03
7.700000e+00	7.800000e+00	1.461219e-03	1.935397e-03	1.935397e-03
7.800000e+00	7.900000e+00	5.836516e-04	1.228199e-03	1.228199e-03
7.900000e+00	8.000000e+00	1.792472e-03	2.135712e-03	2.135712e-03
8.000000e+00	8.100000e+00	4.316972e-03	3.249172e-03	3.249172e-03
8.100000e+00	8.200000e+00	7.399795e-05	4.384119e-04	4.384119e-04
8.200000e+00	8.300000e+00	4.358526e-03	3.236608e-03	3.236608e-03
8.300000e+00	8.400000e+00	5.230620e-03	3.495722e-03	3.495722e-03
8.400000e+00	8.500000e+00	7.926189e-03	4.108093e-03	4.108093e-03
8.500000e+00	8.600000e+00	4.346982e-03	3.184457e-03	3.184457e-03
8.600000e+00	8.700000e+00	8.958381e-03	4.109513e-03	4.109513e-03
8.700000e+00	8.800000e+00	1.557052e-02	3.276185e-03	3.276185e-03
8.800000e+00	8.900000e+00	7.287756e-03	3.698773e-03	3.698773e-03
8.900000e+00	9.000000e+00	1.328471e-02	3.191712e-03	3.191712e-03
9.000000e+00	9.100000e+00	5.368495e-03	3.287450e-03	3.287450e-03
9.100000e+00	9.200000e+00	4.256967e-03	2.992434e-03	2.992434e-03
9.200000e+00	9.300000e+00	9.998271e-03	3.027921e-03	3.027921e-03
9.300000e+00	9.400000e+00	8.546090e-03	2.930850e-03	2.930850e-03
9.400000e+00	9.500000e+00	4.694829e-03	2.867160e-03	2.867160e-03
9.500000e+00	9.600000e+00	5.868717e-03	2.681965e-03	2.681965e-03
9.600000e+00	9.700000e+00	8.532670e-03	4.547929e-04	4.547929e-04
9.700000e+00	9.800000e+00	7.684250e-03	4.315906e-04	4.315906e-04
9.800000e+00	9.900000e+00	3.593911e-03	2.334143e-03	2.334143e-03
9.900000e+00	1.000000e+01	6.108615e-03	3.848067e-04	3.848067e-04
1.000000e+01	1.010000e+01	5.963175e-03	3.801981e-04	3.801981e-04
1.010000e+01	1.020000e+01	4.993552e-03	3.479173e-04	3.479173e-04
1.020000e+01	1.030000e+01	4.339057e-03	3.243164e-04	3.243164e-04
1.030000e+01	1.040000e+01	4.508741e-03	3.305969e-04	3.305969e-04
1.040000e+01	1.050000e+01	1.278118e-03	1.611986e-03	1.611986e-03
1.050000e+01	1.060000e+01	3.417917e-03	2.878405e-04	2.878405e-04
1.060000e+01	1.070000e+01	3.636082e-03	2.968848e-04	2.968848e-04
1.070000e+01	1.080000e+01	2.763422e-03	2.588182e-04	2.588182e-04
1.080000e+01	1.090000e+01	2.981587e-03	2.688406e-04	2.688406e-04
1.090000e+01	1.100000e+01	2.860384e-03	2.633197e-04	2.633197e-04
1.100000e+01	1.110000e+01	1.987725e-03	2.195075e-04	2.195075e-04
1.110000e+01	1.120000e+01	1.866522e-03	2.127099e-04	2.127099e-04
1.120000e+01	1.130000e+01	2.036205e-03	2.221682e-04	2.221682e-04
1.130000e+01	1.140000e+01	1.454433e-03	1.877665e-04	1.877665e-04
1.140000e+01	1.150000e+01	1.260509e-03	1.748010e-04	1.748010e-04
1.150000e+01	1.160000e+01	1.115065e-03	1.644073e-04	1.644073e-04
1.160000e+01	1.170000e+01	1.139306e-03	1.661848e-04	1.661848e-04
1.170000e+01	1.180000e+01	6.060135e-04	1.212027e-04	1.212027e-04
1.180000e+01	1.190000e+01	7.272165e-04	1.327709e-04	1.327709e-04
1.190000e+01	1.200000e+01	5.575325e-04	1.162536e-04	1.162536e-04
1.200000e+01	1.210000e+01	4.848109e-04	1.084070e-04	1.084070e-04
1.210000e+01	1.220000e+01	4.120893e-04	9.994632e-05	9.994632e-05
1.220000e+01	1.230000e+01	1.696838e-04	6.413445e-05	6.413445e-05
1.230000e+01	1.240000e+01	2.181649e-04	7.272163e-05	7.272163e-05
1.240000e+01	1.250000e+01	1.454433e-04	5.937697e-05	5.937697e-05
1.250000e+01	1.260000e+01	9.696220e-05	4.848109e-05	4.848109e-05
1.260000e+01	1.270000e+01	9.696220e-05	4.848109e-05	4.848109e-05
1.270000e+01	1.280000e+01	7.272165e-05	4.198585e-05	4.198585e-05
1.280000e+01	1.290000e+01	1.696838e-04	6.413445e-05	6.413445e-05
1.290000e+01	1.300000e+01	4.848109e-05	3.428131e-05	3.428131e-05
1.300000e+01	1.310000e+01	2.424055e-05	2.424054e-05	2.424054e-05
1.310000e+01	1.320000e+01	4.848109e-05	3.428131e-05	3.428131e-05
1.320000e+01	1.330000e+01	7.272165e-05	4.198585e-05	4.198585e-05
1.330000e+01	1.340000e+01	4.848109e-05	3.428131e-05	3.428131e-05
1.340000e+01	1.350000e+01	4.848109e-05	3.428131e-05	3.428131e-05
1.350000e+01	1.360000e+01	9.696220e-05	4.848109e-05	4.848109e-05
1.360000e+01	1.370000e+01	2.424055e-05	2.424054e-05	2.424054e-05
1.370000e+01	1.380000e+01	2.424054e-05	2.424054e-05	2.424054e-05
1.380000e+01	1.390000e+01	4.848109e-05	3.428131e-05	3.428131e-05
1.390000e+01	1.400000e+01	4.848109e-05	3.428131e-05	3.428131e-05
1.400000e+01	1.410000e+01	2.424055e-05	2.424054e-05	2.424054e-05
1.410000e+01	1.420000e+01	2.424055e-05	2.424054e-05	2.424054e-05
1.420000e+01	1.430000e+01	7.272165e-05	4.198585e-05	4.198585e-05
1.430000e+01	1.440000e+01	2.424055e-05	2.424054e-05	2.424054e-05
1.440000e+01	1.450000e+01	2.424055e-05	2.424054e-05	2.424054e-05
1.450000e+01	1.460000e+01	2.424055e-05	2.424054e-05	2.424054e-05
1.460000e+01	1.470000e+01	0.000000e+00	0.000000e+00	0.000000e+00
1.470000e+01	1.480000e+01	0.000000e+00	0.000000e+00	0.000000e+00
1.480000e+01	1.490000e+01	0.000000e+00	0.000000e+00	0.000000e+00
1.490000e+01	1.500000e+01	0.000000e+00	0.000000e+00	0.000000e+00
# END HISTO1D

