# BEGIN PLOT
RatioPlotYLabel=Ratio
LegendOnly=//home/frederic/Work/Software/LesHouches2017/lh2017-alphas/pythia-alphas/robustness/gluon-as013650-as012285-parton.yoda/MC_LHJSS_Zjet/Angularity_zcut_0.05_beta_0_alpha_1 //home/frederic/Work/Software/LesHouches2017/lh2017-alphas/pythia-alphas/robustness/gluon-as013650-as015015-parton.yoda/MC_LHJSS_Zjet/Angularity_zcut_0.05_beta_0_alpha_1 //home/frederic/Work/Software/LesHouches2017/lh2017-alphas/pythia-alphas/robustness/as013650-gluon-robustness.yoda/MC_LHJSS_Zjet/Angularity_zcut_0.05_beta_0_alpha_1
XLabel=$e_\alpha$
RatioPlotReference=//home/frederic/Work/Software/LesHouches2017/lh2017-alphas/pythia-alphas/robustness/gluon-as013650-as012285-parton.yoda/MC_LHJSS_Zjet/Angularity_zcut_0.05_beta_0_alpha_1
YLabel=$1/\sigma \text{d}\sigma/\text{d}e_{\alpha}$
DrawOnly=//home/frederic/Work/Software/LesHouches2017/lh2017-alphas/pythia-alphas/robustness/gluon-as013650-as012285-parton.yoda/MC_LHJSS_Zjet/Angularity_zcut_0.05_beta_0_alpha_1 //home/frederic/Work/Software/LesHouches2017/lh2017-alphas/pythia-alphas/robustness/gluon-as013650-as015015-parton.yoda/MC_LHJSS_Zjet/Angularity_zcut_0.05_beta_0_alpha_1 //home/frederic/Work/Software/LesHouches2017/lh2017-alphas/pythia-alphas/robustness/as013650-gluon-robustness.yoda/MC_LHJSS_Zjet/Angularity_zcut_0.05_beta_0_alpha_1
RatioPlot=1
Title=Angularity, $\alpha$ = 1 $z_{cut}$ = 0.05 $\beta$ = 0
Legend=1
LogY=0
# END PLOT

# BEGIN HISTO1D //home/frederic/Work/Software/LesHouches2017/lh2017-alphas/pythia-alphas/robustness/gluon-as013650-as012285-parton.yoda/MC_LHJSS_Zjet/Angularity_zcut_0.05_beta_0_alpha_1
LineColor=red
LineStyle=solid
NormalizeToSum=1
Path=//home/frederic/Work/Software/LesHouches2017/lh2017-alphas/pythia-alphas/robustness/gluon-as013650-as012285-parton.yoda/MC_LHJSS_Zjet/Angularity_zcut_0.05_beta_0_alpha_1
ScaledBy=1.0
Title=gluon-as013650-as012285-parton
XLabel=
YLabel=
# xlow	 xhigh	 val	 errminus	 errplus
0.000000e+00	1.000000e-02	4.874760e-01	3.642849e-02	3.642849e-02
1.000000e-02	2.000000e-02	7.058885e-02	1.411167e-02	1.411167e-02
2.000000e-02	3.000000e-02	3.471247e-03	3.138121e-03	3.138121e-03
3.000000e-02	4.000000e-02	3.895943e-03	3.324395e-03	3.324395e-03
4.000000e-02	5.000000e-02	1.057870e-05	1.732681e-04	1.732681e-04
5.000000e-02	6.000000e-02	4.441220e-04	1.122640e-03	1.122640e-03
6.000000e-02	7.000000e-02	1.011071e-03	1.693795e-03	1.693795e-03
7.000000e-02	8.000000e-02	3.431053e-03	3.119563e-03	3.119563e-03
8.000000e-02	9.000000e-02	9.045664e-03	5.062503e-03	5.062503e-03
9.000000e-02	1.000000e-01	8.980697e-03	5.044061e-03	5.044061e-03
1.000000e-01	1.100000e-01	5.966457e-03	4.112210e-03	4.112210e-03
1.100000e-01	1.200000e-01	8.570487e-04	1.559416e-03	1.559416e-03
1.200000e-01	1.300000e-01	1.076053e-02	5.518452e-03	5.518452e-03
1.300000e-01	1.400000e-01	2.414948e-03	2.617019e-03	2.617019e-03
1.400000e-01	1.500000e-01	1.322454e-02	6.113335e-03	6.113335e-03
1.500000e-01	1.600000e-01	6.083078e-03	4.150637e-03	4.150637e-03
1.600000e-01	1.700000e-01	5.300729e-03	3.874653e-03	3.874653e-03
1.700000e-01	1.800000e-01	1.514125e-02	6.534200e-03	6.534200e-03
1.800000e-01	1.900000e-01	1.238227e-02	5.910895e-03	5.910895e-03
1.900000e-01	2.000000e-01	1.282727e-02	6.014646e-03	6.014646e-03
2.000000e-01	2.100000e-01	3.176222e-03	2.999742e-03	2.999742e-03
2.100000e-01	2.200000e-01	1.017376e-02	5.356649e-03	5.356649e-03
2.200000e-01	2.300000e-01	2.109869e-02	7.683465e-03	7.683465e-03
2.300000e-01	2.400000e-01	3.204230e-03	3.012190e-03	3.012190e-03
2.400000e-01	2.500000e-01	4.690241e-05	3.648316e-04	3.648316e-04
2.500000e-01	2.600000e-01	9.506447e-03	5.173441e-03	5.173441e-03
2.600000e-01	2.700000e-01	1.226613e-02	5.868064e-03	5.868064e-03
2.700000e-01	2.800000e-01	4.850432e-03	3.701486e-03	3.701486e-03
2.800000e-01	2.900000e-01	5.672332e-03	4.000416e-03	4.000416e-03
2.900000e-01	3.000000e-01	4.607745e-04	1.143212e-03	1.143212e-03
3.000000e-01	3.100000e-01	2.584560e-03	2.703967e-03	2.703967e-03
3.100000e-01	3.200000e-01	5.736222e-03	4.019096e-03	4.019096e-03
3.200000e-01	3.300000e-01	9.340404e-03	5.110731e-03	5.110731e-03
3.300000e-01	3.400000e-01	1.609156e-03	2.133972e-03	2.133972e-03
3.400000e-01	3.500000e-01	4.921215e-03	3.721149e-03	3.721149e-03
3.500000e-01	3.600000e-01	4.320128e-04	1.106772e-03	1.106772e-03
3.600000e-01	3.700000e-01	4.347524e-04	1.110269e-03	1.110269e-03
3.700000e-01	3.800000e-01	5.354599e-04	1.231955e-03	1.231955e-03
3.800000e-01	3.900000e-01	1.569203e-03	2.106091e-03	2.106091e-03
3.900000e-01	4.000000e-01	1.379612e-03	1.974927e-03	1.974927e-03
4.000000e-01	4.100000e-01	6.661680e-04	1.373595e-03	1.373595e-03
4.100000e-01	4.200000e-01	1.962268e-03	2.351775e-03	2.351775e-03
4.200000e-01	4.300000e-01	6.461503e-03	4.226084e-03	4.226084e-03
4.300000e-01	4.400000e-01	1.802081e-03	2.252551e-03	2.252551e-03
4.400000e-01	4.500000e-01	1.572571e-04	6.677710e-04	6.677710e-04
4.500000e-01	4.600000e-01	2.540164e-03	2.665176e-03	2.665176e-03
4.600000e-01	4.700000e-01	1.845745e-03	2.274882e-03	2.274882e-03
4.700000e-01	4.800000e-01	2.041839e-03	2.391027e-03	2.391027e-03
4.800000e-01	4.900000e-01	2.498017e-03	2.640095e-03	2.640095e-03
4.900000e-01	5.000000e-01	1.937933e-03	2.325719e-03	2.325719e-03
5.000000e-01	5.100000e-01	2.138105e-03	2.431487e-03	2.431487e-03
5.100000e-01	5.200000e-01	1.641658e-05	2.158164e-04	2.158164e-04
5.200000e-01	5.300000e-01	4.144290e-03	3.320567e-03	3.320567e-03
5.300000e-01	5.400000e-01	1.413725e-03	1.979139e-03	1.979139e-03
5.400000e-01	5.500000e-01	1.446759e-04	6.397679e-04	6.397679e-04
5.500000e-01	5.600000e-01	4.561033e-04	1.131012e-03	1.131012e-03
5.600000e-01	5.700000e-01	3.115274e-05	2.971571e-04	2.971571e-04
5.700000e-01	5.800000e-01	1.542851e-03	2.017046e-03	2.017046e-03
5.800000e-01	5.900000e-01	1.455395e-03	1.982924e-03	1.982924e-03
5.900000e-01	6.000000e-01	3.569047e-05	3.179967e-04	3.179967e-04
6.000000e-01	6.100000e-01	8.288585e-04	1.485003e-03	1.485003e-03
6.100000e-01	6.200000e-01	1.076453e-07	1.747828e-05	1.747828e-05
6.200000e-01	6.300000e-01	5.670710e-04	1.233498e-03	1.233498e-03
6.300000e-01	6.400000e-01	1.288588e-03	1.631963e-03	1.631963e-03
6.400000e-01	6.500000e-01	2.702239e-03	2.446981e-03	2.446981e-03
6.500000e-01	6.600000e-01	7.118250e-04	7.118248e-04	7.118248e-04
6.600000e-01	6.700000e-01	1.537931e-08	6.606471e-06	6.606471e-06
6.700000e-01	6.800000e-01	4.613465e-08	1.144234e-05	1.144234e-05
6.800000e-01	6.900000e-01	6.151066e-08	1.321224e-05	1.321224e-05
6.900000e-01	7.000000e-01	2.321027e-04	7.776547e-04	7.776547e-04
7.000000e-01	7.100000e-01	0.000000e+00	0.000000e+00	0.000000e+00
7.100000e-01	7.200000e-01	7.118250e-04	7.118248e-04	7.118248e-04
7.200000e-01	7.300000e-01	7.118250e-04	7.118248e-04	7.118248e-04
7.300000e-01	7.400000e-01	2.135474e-03	1.232917e-03	1.232917e-03
7.400000e-01	7.500000e-01	7.118250e-04	7.118248e-04	7.118248e-04
7.500000e-01	7.600000e-01	7.071535e-04	7.071536e-04	7.071536e-04
7.600000e-01	7.700000e-01	7.118250e-04	7.118248e-04	7.118248e-04
7.700000e-01	7.800000e-01	1.414307e-03	1.000066e-03	1.000066e-03
7.800000e-01	7.900000e-01	0.000000e+00	0.000000e+00	0.000000e+00
7.900000e-01	8.000000e-01	0.000000e+00	0.000000e+00	0.000000e+00
8.000000e-01	8.100000e-01	7.071535e-04	7.071536e-04	7.071536e-04
8.100000e-01	8.200000e-01	0.000000e+00	0.000000e+00	0.000000e+00
8.200000e-01	8.300000e-01	0.000000e+00	0.000000e+00	0.000000e+00
8.300000e-01	8.400000e-01	0.000000e+00	0.000000e+00	0.000000e+00
8.400000e-01	8.500000e-01	0.000000e+00	0.000000e+00	0.000000e+00
8.500000e-01	8.600000e-01	0.000000e+00	0.000000e+00	0.000000e+00
8.600000e-01	8.700000e-01	0.000000e+00	0.000000e+00	0.000000e+00
8.700000e-01	8.800000e-01	0.000000e+00	0.000000e+00	0.000000e+00
8.800000e-01	8.900000e-01	0.000000e+00	0.000000e+00	0.000000e+00
8.900000e-01	9.000000e-01	0.000000e+00	0.000000e+00	0.000000e+00
9.000000e-01	9.100000e-01	0.000000e+00	0.000000e+00	0.000000e+00
9.100000e-01	9.200000e-01	0.000000e+00	0.000000e+00	0.000000e+00
9.200000e-01	9.300000e-01	0.000000e+00	0.000000e+00	0.000000e+00
9.300000e-01	9.400000e-01	0.000000e+00	0.000000e+00	0.000000e+00
9.400000e-01	9.500000e-01	0.000000e+00	0.000000e+00	0.000000e+00
9.500000e-01	9.600000e-01	0.000000e+00	0.000000e+00	0.000000e+00
9.600000e-01	9.700000e-01	0.000000e+00	0.000000e+00	0.000000e+00
9.700000e-01	9.800000e-01	0.000000e+00	0.000000e+00	0.000000e+00
9.800000e-01	9.900000e-01	0.000000e+00	0.000000e+00	0.000000e+00
9.900000e-01	1.000000e+00	0.000000e+00	0.000000e+00	0.000000e+00
# END HISTO1D

# BEGIN HISTO1D //home/frederic/Work/Software/LesHouches2017/lh2017-alphas/pythia-alphas/robustness/gluon-as013650-as015015-parton.yoda/MC_LHJSS_Zjet/Angularity_zcut_0.05_beta_0_alpha_1
LineColor=blue
LineStyle=solid
NormalizeToSum=1
Path=//home/frederic/Work/Software/LesHouches2017/lh2017-alphas/pythia-alphas/robustness/gluon-as013650-as015015-parton.yoda/MC_LHJSS_Zjet/Angularity_zcut_0.05_beta_0_alpha_1
ScaledBy=1.0
Title=gluon-as013650-as015015-parton
XLabel=
YLabel=
# xlow	 xhigh	 val	 errminus	 errplus
0.000000e+00	1.000000e-02	4.284220e-01	3.390928e-02	3.390928e-02
1.000000e-02	2.000000e-02	6.141981e-02	1.320108e-02	1.320108e-02
2.000000e-02	3.000000e-02	2.471249e-02	8.388279e-03	8.388279e-03
3.000000e-02	4.000000e-02	3.464452e-03	3.144335e-03	3.144335e-03
4.000000e-02	5.000000e-02	9.974191e-04	1.687378e-03	1.687378e-03
5.000000e-02	6.000000e-02	1.440698e-05	2.028092e-04	2.028092e-04
6.000000e-02	7.000000e-02	6.898871e-04	1.403359e-03	1.403359e-03
7.000000e-02	8.000000e-02	6.357590e-04	1.347181e-03	1.347181e-03
8.000000e-02	9.000000e-02	6.819257e-04	1.395227e-03	1.395227e-03
9.000000e-02	1.000000e-01	1.906439e-03	2.332590e-03	2.332590e-03
1.000000e-01	1.100000e-01	7.082300e-03	4.493423e-03	4.493423e-03
1.100000e-01	1.200000e-01	7.407228e-03	4.594901e-03	4.594901e-03
1.200000e-01	1.300000e-01	2.705373e-03	2.778285e-03	2.778285e-03
1.300000e-01	1.400000e-01	1.291317e-02	6.061646e-03	6.061646e-03
1.400000e-01	1.500000e-01	4.981652e-03	3.768617e-03	3.768617e-03
1.500000e-01	1.600000e-01	7.896744e-03	4.742445e-03	4.742445e-03
1.600000e-01	1.700000e-01	1.248450e-02	5.957704e-03	5.957704e-03
1.700000e-01	1.800000e-01	1.072890e-02	5.523856e-03	5.523856e-03
1.800000e-01	1.900000e-01	2.458286e-03	2.647882e-03	2.647882e-03
1.900000e-01	2.000000e-01	5.115814e-04	1.208399e-03	1.208399e-03
2.000000e-01	2.100000e-01	3.599201e-03	3.202724e-03	3.202724e-03
2.100000e-01	2.200000e-01	1.276588e-02	6.017524e-03	6.017524e-03
2.200000e-01	2.300000e-01	5.560452e-03	3.978261e-03	3.978261e-03
2.300000e-01	2.400000e-01	6.834899e-03	4.408223e-03	4.408223e-03
2.400000e-01	2.500000e-01	1.789157e-02	7.103123e-03	7.103123e-03
2.500000e-01	2.600000e-01	5.573390e-03	3.981152e-03	3.981152e-03
2.600000e-01	2.700000e-01	1.175927e-03	1.831460e-03	1.831460e-03
2.700000e-01	2.800000e-01	3.406986e-03	3.114340e-03	3.114340e-03
2.800000e-01	2.900000e-01	2.073482e-03	2.430774e-03	2.430774e-03
2.900000e-01	3.000000e-01	1.510565e-02	6.517073e-03	6.517073e-03
3.000000e-01	3.100000e-01	2.059314e-03	2.421988e-03	2.421988e-03
3.100000e-01	3.200000e-01	3.706315e-04	1.028434e-03	1.028434e-03
3.200000e-01	3.300000e-01	3.327637e-04	9.744794e-04	9.744794e-04
3.300000e-01	3.400000e-01	2.292132e-03	2.553610e-03	2.553610e-03
3.400000e-01	3.500000e-01	1.232755e-03	1.874307e-03	1.874307e-03
3.500000e-01	3.600000e-01	4.171412e-03	3.438081e-03	3.438081e-03
3.600000e-01	3.700000e-01	4.062942e-03	3.393312e-03	3.393312e-03
3.700000e-01	3.800000e-01	6.745887e-03	4.359665e-03	4.359665e-03
3.800000e-01	3.900000e-01	4.083201e-04	1.079195e-03	1.079195e-03
3.900000e-01	4.000000e-01	2.929554e-04	9.142042e-04	9.142042e-04
4.000000e-01	4.100000e-01	6.701530e-04	1.381950e-03	1.381950e-03
4.100000e-01	4.200000e-01	1.347177e-03	1.957273e-03	1.957273e-03
4.200000e-01	4.300000e-01	2.005840e-03	2.385612e-03	2.385612e-03
4.300000e-01	4.400000e-01	2.984135e-04	9.224951e-04	9.224951e-04
4.400000e-01	4.500000e-01	2.180117e-03	2.482491e-03	2.482491e-03
4.500000e-01	4.600000e-01	1.587248e-03	2.121017e-03	2.121017e-03
4.600000e-01	4.700000e-01	5.767926e-04	1.281245e-03	1.281245e-03
4.700000e-01	4.800000e-01	2.088318e-03	2.428709e-03	2.428709e-03
4.800000e-01	4.900000e-01	2.318297e-03	2.552635e-03	2.552635e-03
4.900000e-01	5.000000e-01	3.541026e-05	3.179129e-04	3.179129e-04
5.000000e-01	5.100000e-01	1.081181e-03	1.748368e-03	1.748368e-03
5.100000e-01	5.200000e-01	1.846801e-03	2.267485e-03	2.267485e-03
5.200000e-01	5.300000e-01	1.178847e-04	5.797187e-04	5.797187e-04
5.300000e-01	5.400000e-01	2.454407e-04	8.357281e-04	8.357281e-04
5.400000e-01	5.500000e-01	1.189418e-03	1.824103e-03	1.824103e-03
5.500000e-01	5.600000e-01	1.428493e-04	6.376387e-04	6.376387e-04
5.600000e-01	5.700000e-01	2.613672e-03	2.636321e-03	2.636321e-03
5.700000e-01	5.800000e-01	3.623325e-03	3.077392e-03	3.077392e-03
5.800000e-01	5.900000e-01	1.466244e-05	2.045592e-04	2.045592e-04
5.900000e-01	6.000000e-01	1.240106e-07	1.881611e-05	1.881611e-05
6.000000e-01	6.100000e-01	1.424883e-03	1.955665e-03	1.955665e-03
6.100000e-01	6.200000e-01	2.105133e-03	2.325209e-03	2.325209e-03
6.200000e-01	6.300000e-01	9.662188e-04	1.589158e-03	1.589158e-03
6.300000e-01	6.400000e-01	2.355575e-03	2.370071e-03	2.370071e-03
6.400000e-01	6.500000e-01	6.989346e-04	1.379771e-03	1.379771e-03
6.500000e-01	6.600000e-01	2.415550e-04	7.945791e-04	7.945791e-04
6.600000e-01	6.700000e-01	1.294201e-03	1.640764e-03	1.640764e-03
6.700000e-01	6.800000e-01	3.100803e-08	9.408872e-06	9.408872e-06
6.800000e-01	6.900000e-01	5.951161e-04	1.265919e-03	1.265919e-03
6.900000e-01	7.000000e-01	1.294201e-03	1.640764e-03	1.640764e-03
7.000000e-01	7.100000e-01	0.000000e+00	0.000000e+00	0.000000e+00
7.100000e-01	7.200000e-01	1.033511e-08	5.431978e-06	5.431978e-06
7.200000e-01	7.300000e-01	1.033511e-08	5.431978e-06	5.431978e-06
7.300000e-01	7.400000e-01	2.135474e-03	1.232917e-03	1.232917e-03
7.400000e-01	7.500000e-01	7.118250e-04	7.118248e-04	7.118248e-04
7.500000e-01	7.600000e-01	0.000000e+00	0.000000e+00	0.000000e+00
7.600000e-01	7.700000e-01	7.204789e-04	1.291640e-03	1.291640e-03
7.700000e-01	7.800000e-01	0.000000e+00	0.000000e+00	0.000000e+00
7.800000e-01	7.900000e-01	1.431332e-03	1.012104e-03	1.012104e-03
7.900000e-01	8.000000e-01	0.000000e+00	0.000000e+00	0.000000e+00
8.000000e-01	8.100000e-01	0.000000e+00	0.000000e+00	0.000000e+00
8.100000e-01	8.200000e-01	7.156660e-04	7.156659e-04	7.156659e-04
8.200000e-01	8.300000e-01	0.000000e+00	0.000000e+00	0.000000e+00
8.300000e-01	8.400000e-01	7.156660e-04	7.156659e-04	7.156659e-04
8.400000e-01	8.500000e-01	0.000000e+00	0.000000e+00	0.000000e+00
8.500000e-01	8.600000e-01	0.000000e+00	0.000000e+00	0.000000e+00
8.600000e-01	8.700000e-01	0.000000e+00	0.000000e+00	0.000000e+00
8.700000e-01	8.800000e-01	0.000000e+00	0.000000e+00	0.000000e+00
8.800000e-01	8.900000e-01	0.000000e+00	0.000000e+00	0.000000e+00
8.900000e-01	9.000000e-01	0.000000e+00	0.000000e+00	0.000000e+00
9.000000e-01	9.100000e-01	0.000000e+00	0.000000e+00	0.000000e+00
9.100000e-01	9.200000e-01	0.000000e+00	0.000000e+00	0.000000e+00
9.200000e-01	9.300000e-01	0.000000e+00	0.000000e+00	0.000000e+00
9.300000e-01	9.400000e-01	0.000000e+00	0.000000e+00	0.000000e+00
9.400000e-01	9.500000e-01	0.000000e+00	0.000000e+00	0.000000e+00
9.500000e-01	9.600000e-01	0.000000e+00	0.000000e+00	0.000000e+00
9.600000e-01	9.700000e-01	0.000000e+00	0.000000e+00	0.000000e+00
9.700000e-01	9.800000e-01	0.000000e+00	0.000000e+00	0.000000e+00
9.800000e-01	9.900000e-01	0.000000e+00	0.000000e+00	0.000000e+00
9.900000e-01	1.000000e+00	0.000000e+00	0.000000e+00	0.000000e+00
# END HISTO1D

# BEGIN HISTO1D //home/frederic/Work/Software/LesHouches2017/lh2017-alphas/pythia-alphas/robustness/as013650-gluon-robustness.yoda/MC_LHJSS_Zjet/Angularity_zcut_0.05_beta_0_alpha_1
LineColor=green
LineStyle=solid
NormalizeToSum=1
Path=//home/frederic/Work/Software/LesHouches2017/lh2017-alphas/pythia-alphas/robustness/as013650-gluon-robustness.yoda/MC_LHJSS_Zjet/Angularity_zcut_0.05_beta_0_alpha_1
ScaledBy=1.0
Title=as013650-gluon-robustness
XLabel=
YLabel=
# xlow	 xhigh	 val	 errminus	 errplus
0.000000e+00	1.000000e-02	6.065815e-01	6.788010e-02	6.788010e-02
1.000000e-02	2.000000e-02	4.109455e-02	1.854661e-02	1.854661e-02
2.000000e-02	3.000000e-02	2.492460e-03	4.574945e-03	4.574945e-03
3.000000e-02	4.000000e-02	6.107262e-04	2.264836e-03	2.264836e-03
4.000000e-02	5.000000e-02	2.422128e-03	4.509844e-03	4.509844e-03
5.000000e-02	6.000000e-02	3.411626e-03	5.351860e-03	5.351860e-03
6.000000e-02	7.000000e-02	3.703671e-04	1.763735e-03	1.763735e-03
7.000000e-02	8.000000e-02	4.603450e-05	6.218262e-04	6.218262e-04
8.000000e-02	9.000000e-02	5.387356e-05	6.726896e-04	6.726896e-04
9.000000e-02	1.000000e-01	7.332131e-03	7.842132e-03	7.842132e-03
1.000000e-01	1.100000e-01	8.472946e-05	8.436108e-04	8.436108e-04
1.100000e-01	1.200000e-01	1.939014e-03	4.034830e-03	4.034830e-03
1.200000e-01	1.300000e-01	7.310360e-03	7.829512e-03	7.829512e-03
1.300000e-01	1.400000e-01	1.212256e-02	1.007515e-02	1.007515e-02
1.400000e-01	1.500000e-01	2.573965e-03	4.648053e-03	4.648053e-03
1.500000e-01	1.600000e-01	2.315272e-03	4.408324e-03	4.408324e-03
1.600000e-01	1.700000e-01	3.365832e-03	5.314023e-03	5.314023e-03
1.700000e-01	1.800000e-01	2.822738e-03	4.866738e-03	4.866738e-03
1.800000e-01	1.900000e-01	4.097120e-04	1.854945e-03	1.854945e-03
1.900000e-01	2.000000e-01	2.172463e-03	4.269580e-03	4.269580e-03
2.000000e-01	2.100000e-01	3.605036e-03	5.497965e-03	5.497965e-03
2.100000e-01	2.200000e-01	2.174972e-05	4.274183e-04	4.274183e-04
2.200000e-01	2.300000e-01	6.240231e-03	7.227671e-03	7.227671e-03
2.300000e-01	2.400000e-01	6.422603e-04	2.322148e-03	2.322148e-03
2.400000e-01	2.500000e-01	5.246227e-03	6.625725e-03	6.625725e-03
2.500000e-01	2.600000e-01	1.659925e-05	3.733966e-04	3.733966e-04
2.600000e-01	2.700000e-01	2.460125e-03	4.541082e-03	4.541082e-03
2.700000e-01	2.800000e-01	2.997914e-04	1.586652e-03	1.586652e-03
2.800000e-01	2.900000e-01	4.117784e-03	5.870571e-03	5.870571e-03
2.900000e-01	3.000000e-01	2.075028e-02	1.307228e-02	1.307228e-02
3.000000e-01	3.100000e-01	3.476275e-04	1.708444e-03	1.708444e-03
3.100000e-01	3.200000e-01	2.055336e-04	1.313762e-03	1.313762e-03
3.200000e-01	3.300000e-01	3.038989e-05	5.052244e-04	5.052244e-04
3.300000e-01	3.400000e-01	1.008162e-02	9.138027e-03	9.138027e-03
3.400000e-01	3.500000e-01	1.713186e-04	1.199420e-03	1.199420e-03
3.500000e-01	3.600000e-01	6.307326e-03	7.239524e-03	7.239524e-03
3.600000e-01	3.700000e-01	8.784181e-04	2.714057e-03	2.714057e-03
3.700000e-01	3.800000e-01	5.698510e-04	2.186480e-03	2.186480e-03
3.800000e-01	3.900000e-01	8.883505e-05	8.637230e-04	8.637230e-04
3.900000e-01	4.000000e-01	7.592810e-04	2.523072e-03	2.523072e-03
4.000000e-01	4.100000e-01	2.344644e-03	4.424494e-03	4.424494e-03
4.100000e-01	4.200000e-01	6.417224e-03	7.280248e-03	7.280248e-03
4.200000e-01	4.300000e-01	5.936384e-04	2.230889e-03	2.230889e-03
4.300000e-01	4.400000e-01	1.311139e-06	1.049427e-04	1.049427e-04
4.400000e-01	4.500000e-01	4.440224e-03	6.050551e-03	6.050551e-03
4.500000e-01	4.600000e-01	1.684510e-03	3.747409e-03	3.747409e-03
4.600000e-01	4.700000e-01	3.112787e-05	5.112857e-04	5.112857e-04
4.700000e-01	4.800000e-01	3.429194e-03	5.301406e-03	5.301406e-03
4.800000e-01	4.900000e-01	6.446394e-03	7.172866e-03	7.172866e-03
4.900000e-01	5.000000e-01	3.080159e-05	5.085888e-04	5.085888e-04
5.000000e-01	5.100000e-01	3.804691e-03	5.569489e-03	5.569489e-03
5.100000e-01	5.200000e-01	5.183101e-04	2.078687e-03	2.078687e-03
5.200000e-01	5.300000e-01	5.701538e-04	2.181867e-03	2.181867e-03
5.300000e-01	5.400000e-01	4.522414e-05	6.161395e-04	6.161395e-04
5.400000e-01	5.500000e-01	1.902347e-03	3.938225e-03	3.938225e-03
5.500000e-01	5.600000e-01	1.586326e-03	3.598986e-03	3.598986e-03
5.600000e-01	5.700000e-01	3.118819e-03	4.599873e-03	4.599873e-03
5.700000e-01	5.800000e-01	2.155574e-06	1.345531e-04	1.345531e-04
5.800000e-01	5.900000e-01	3.239450e-04	1.643349e-03	1.643349e-03
5.900000e-01	6.000000e-01	7.645553e-03	7.364235e-03	7.364235e-03
6.000000e-01	6.100000e-01	2.423651e-05	4.508908e-04	4.508908e-04
6.100000e-01	6.200000e-01	3.322006e-04	1.653586e-03	1.653586e-03
6.200000e-01	6.300000e-01	6.478879e-05	7.349270e-04	7.349270e-04
6.300000e-01	6.400000e-01	2.847299e-03	1.423650e-03	1.423650e-03
6.400000e-01	6.500000e-01	7.118250e-03	2.250988e-03	2.250988e-03
6.500000e-01	6.600000e-01	7.118250e-04	7.118248e-04	7.118248e-04
6.600000e-01	6.700000e-01	5.104097e-03	5.035576e-03	5.035576e-03
6.700000e-01	6.800000e-01	2.135474e-03	1.232917e-03	1.232917e-03
6.800000e-01	6.900000e-01	2.847300e-03	1.423650e-03	1.423650e-03
6.900000e-01	7.000000e-01	5.104097e-03	5.035576e-03	5.035576e-03
7.000000e-01	7.100000e-01	3.487966e-03	3.487966e-03	3.487966e-03
7.100000e-01	7.200000e-01	5.104097e-03	5.035576e-03	5.035576e-03
7.200000e-01	7.300000e-01	5.104097e-03	5.035576e-03	5.035576e-03
7.300000e-01	7.400000e-01	2.135474e-03	1.232917e-03	1.232917e-03
7.400000e-01	7.500000e-01	7.118250e-04	7.118248e-04	7.118248e-04
7.500000e-01	7.600000e-01	0.000000e+00	0.000000e+00	0.000000e+00
7.600000e-01	7.700000e-01	1.835082e-03	3.331418e-03	3.331418e-03
7.700000e-01	7.800000e-01	0.000000e+00	0.000000e+00	0.000000e+00
7.800000e-01	7.900000e-01	0.000000e+00	0.000000e+00	0.000000e+00
7.900000e-01	8.000000e-01	0.000000e+00	0.000000e+00	0.000000e+00
8.000000e-01	8.100000e-01	0.000000e+00	0.000000e+00	0.000000e+00
8.100000e-01	8.200000e-01	0.000000e+00	0.000000e+00	0.000000e+00
8.200000e-01	8.300000e-01	0.000000e+00	0.000000e+00	0.000000e+00
8.300000e-01	8.400000e-01	0.000000e+00	0.000000e+00	0.000000e+00
8.400000e-01	8.500000e-01	0.000000e+00	0.000000e+00	0.000000e+00
8.500000e-01	8.600000e-01	0.000000e+00	0.000000e+00	0.000000e+00
8.600000e-01	8.700000e-01	0.000000e+00	0.000000e+00	0.000000e+00
8.700000e-01	8.800000e-01	0.000000e+00	0.000000e+00	0.000000e+00
8.800000e-01	8.900000e-01	0.000000e+00	0.000000e+00	0.000000e+00
8.900000e-01	9.000000e-01	0.000000e+00	0.000000e+00	0.000000e+00
9.000000e-01	9.100000e-01	0.000000e+00	0.000000e+00	0.000000e+00
9.100000e-01	9.200000e-01	0.000000e+00	0.000000e+00	0.000000e+00
9.200000e-01	9.300000e-01	0.000000e+00	0.000000e+00	0.000000e+00
9.300000e-01	9.400000e-01	0.000000e+00	0.000000e+00	0.000000e+00
9.400000e-01	9.500000e-01	0.000000e+00	0.000000e+00	0.000000e+00
9.500000e-01	9.600000e-01	0.000000e+00	0.000000e+00	0.000000e+00
9.600000e-01	9.700000e-01	0.000000e+00	0.000000e+00	0.000000e+00
9.700000e-01	9.800000e-01	0.000000e+00	0.000000e+00	0.000000e+00
9.800000e-01	9.900000e-01	0.000000e+00	0.000000e+00	0.000000e+00
9.900000e-01	1.000000e+00	0.000000e+00	0.000000e+00	0.000000e+00
# END HISTO1D

