# BEGIN PLOT
LegendOnly=//home/frederic/Work/Software/LesHouches2017/lh2017-alphas/pythia-alphas/robustness/gluon-as013650-as012285-parton.yoda/MC_LHJSS_Zjet/log_Angularity_zcut_0.1_beta_0_alpha_2 //home/frederic/Work/Software/LesHouches2017/lh2017-alphas/pythia-alphas/robustness/gluon-as013650-as015015-parton.yoda/MC_LHJSS_Zjet/log_Angularity_zcut_0.1_beta_0_alpha_2 //home/frederic/Work/Software/LesHouches2017/lh2017-alphas/pythia-alphas/robustness/as013650-gluon-robustness.yoda/MC_LHJSS_Zjet/log_Angularity_zcut_0.1_beta_0_alpha_2
DrawOnly=//home/frederic/Work/Software/LesHouches2017/lh2017-alphas/pythia-alphas/robustness/gluon-as013650-as012285-parton.yoda/MC_LHJSS_Zjet/log_Angularity_zcut_0.1_beta_0_alpha_2 //home/frederic/Work/Software/LesHouches2017/lh2017-alphas/pythia-alphas/robustness/gluon-as013650-as015015-parton.yoda/MC_LHJSS_Zjet/log_Angularity_zcut_0.1_beta_0_alpha_2 //home/frederic/Work/Software/LesHouches2017/lh2017-alphas/pythia-alphas/robustness/as013650-gluon-robustness.yoda/MC_LHJSS_Zjet/log_Angularity_zcut_0.1_beta_0_alpha_2
Title=Angularity, $\alpha$ = 2 $z_{cut}$ = 0.1 $\beta$ = 0
RatioPlot=1
LogX=0
LogY=0
RatioPlotYLabel=Ratio
RatioPlotReference=//home/frederic/Work/Software/LesHouches2017/lh2017-alphas/pythia-alphas/robustness/gluon-as013650-as012285-parton.yoda/MC_LHJSS_Zjet/log_Angularity_zcut_0.1_beta_0_alpha_2
XLabel=$e_\alpha$
YLabel=$1/\sigma \text{d}\sigma/\text{d}e_\alpha$
Legend=1
# END PLOT

# BEGIN HISTO1D //home/frederic/Work/Software/LesHouches2017/lh2017-alphas/pythia-alphas/robustness/gluon-as013650-as012285-parton.yoda/MC_LHJSS_Zjet/log_Angularity_zcut_0.1_beta_0_alpha_2
LineColor=red
LineStyle=solid
NormalizeToSum=1
Path=//home/frederic/Work/Software/LesHouches2017/lh2017-alphas/pythia-alphas/robustness/gluon-as013650-as012285-parton.yoda/MC_LHJSS_Zjet/log_Angularity_zcut_0.1_beta_0_alpha_2
ScaledBy=1.0
Title=gluon-as013650-as012285-parton
XLabel=
YLabel=
# xlow	 xhigh	 val	 errminus	 errplus
0.000000e+00	1.000000e-01	0.000000e+00	0.000000e+00	0.000000e+00
1.000000e-01	2.000000e-01	1.373555e-05	6.152065e-05	6.152065e-05
2.000000e-01	3.000000e-01	1.288588e-04	1.631963e-04	1.631963e-04
3.000000e-01	4.000000e-01	9.226600e-09	1.618162e-06	1.618162e-06
4.000000e-01	5.000000e-01	1.549816e-04	2.039215e-04	2.039215e-04
5.000000e-01	6.000000e-01	3.243508e-05	9.566328e-05	9.566328e-05
6.000000e-01	7.000000e-01	3.875787e-05	1.047123e-04	1.047123e-04
7.000000e-01	8.000000e-01	6.120763e-04	4.111973e-04	4.111973e-04
8.000000e-01	9.000000e-01	2.958317e-04	2.885847e-04	2.885847e-04
9.000000e-01	1.000000e+00	2.092528e-04	2.431872e-04	2.431872e-04
1.000000e+00	1.100000e+00	3.257783e-04	3.032728e-04	3.032728e-04
1.100000e+00	1.200000e+00	3.704304e-04	3.235127e-04	3.235127e-04
1.200000e+00	1.300000e+00	8.972724e-06	5.045972e-05	5.045972e-05
1.300000e+00	1.400000e+00	6.005014e-05	1.305106e-04	1.305106e-04
1.400000e+00	1.500000e+00	4.091447e-04	3.401970e-04	3.401970e-04
1.500000e+00	1.600000e+00	3.449909e-04	3.125256e-04	3.125256e-04
1.600000e+00	1.700000e+00	3.743295e-04	3.255347e-04	3.255347e-04
1.700000e+00	1.800000e+00	1.130472e-03	5.644444e-04	5.644444e-04
1.800000e+00	1.900000e+00	8.245230e-04	4.826151e-04	4.826151e-04
1.900000e+00	2.000000e+00	8.688762e-04	4.954625e-04	4.954625e-04
2.000000e+00	2.100000e+00	6.013775e-04	4.124996e-04	4.124996e-04
2.100000e+00	2.200000e+00	4.974629e-05	1.188040e-04	1.188040e-04
2.200000e+00	2.300000e+00	6.550820e-04	4.305110e-04	4.305110e-04
2.300000e+00	2.400000e+00	2.767880e-05	8.862320e-05	8.862320e-05
2.400000e+00	2.500000e+00	3.782354e-04	3.273320e-04	3.273320e-04
2.500000e+00	2.600000e+00	6.339343e-04	4.234990e-04	4.234990e-04
2.600000e+00	2.700000e+00	3.807673e-04	3.284149e-04	3.284149e-04
2.700000e+00	2.800000e+00	2.144390e-04	2.465636e-04	2.465636e-04
2.800000e+00	2.900000e+00	5.482652e-04	3.939065e-04	3.939065e-04
2.900000e+00	3.000000e+00	2.213400e-04	2.504901e-04	2.504901e-04
3.000000e+00	3.100000e+00	2.747781e-04	2.790610e-04	2.790610e-04
3.100000e+00	3.200000e+00	1.626573e-05	6.793940e-05	6.793940e-05
3.200000e+00	3.300000e+00	1.424498e-04	2.009887e-04	2.009887e-04
3.300000e+00	3.400000e+00	3.796820e-04	3.279347e-04	3.279347e-04
3.400000e+00	3.500000e+00	2.660156e-04	2.745632e-04	2.745632e-04
3.500000e+00	3.600000e+00	1.292297e-04	1.914391e-04	1.914391e-04
3.600000e+00	3.700000e+00	2.690811e-04	2.761356e-04	2.761356e-04
3.700000e+00	3.800000e+00	7.535130e-06	4.624233e-05	4.624233e-05
3.800000e+00	3.900000e+00	6.325039e-05	1.339549e-04	1.339549e-04
3.900000e+00	4.000000e+00	6.325039e-05	1.339549e-04	1.339549e-04
4.000000e+00	4.100000e+00	6.430458e-04	4.264019e-04	4.264019e-04
4.100000e+00	4.200000e+00	5.273674e-05	1.223191e-04	1.223191e-04
4.200000e+00	4.300000e+00	1.072371e-04	1.743989e-04	1.743989e-04
4.300000e+00	4.400000e+00	7.576970e-04	4.626530e-04	4.626530e-04
4.400000e+00	4.500000e+00	3.514345e-04	3.154712e-04	3.154712e-04
4.500000e+00	4.600000e+00	1.620824e-07	6.782202e-06	6.782202e-06
4.600000e+00	4.700000e+00	5.045491e-05	1.196425e-04	1.196425e-04
4.700000e+00	4.800000e+00	3.851563e-04	3.302229e-04	3.302229e-04
4.800000e+00	4.900000e+00	4.699206e-06	3.651817e-05	3.651817e-05
4.900000e+00	5.000000e+00	1.300622e-05	6.075199e-05	6.075199e-05
5.000000e+00	5.100000e+00	5.049668e-05	1.196920e-04	1.196920e-04
5.100000e+00	5.200000e+00	9.343646e-05	1.627908e-04	1.627908e-04
5.200000e+00	5.300000e+00	1.595335e-04	2.126636e-04	2.126636e-04
5.300000e+00	5.400000e+00	3.572109e-05	1.006728e-04	1.006728e-04
5.400000e+00	5.500000e+00	4.581454e-05	1.140075e-04	1.140075e-04
5.500000e+00	5.600000e+00	1.891972e-04	2.315677e-04	2.315677e-04
5.600000e+00	5.700000e+00	3.540714e-04	3.165902e-04	3.165902e-04
5.700000e+00	5.800000e+00	5.136042e-05	1.207087e-04	1.207087e-04
5.800000e+00	5.900000e+00	1.840174e-04	2.283735e-04	2.283735e-04
5.900000e+00	6.000000e+00	6.536616e-05	1.361688e-04	1.361688e-04
6.000000e+00	6.100000e+00	9.128326e-05	1.608993e-04	1.608993e-04
6.100000e+00	6.200000e+00	1.223716e-05	5.892827e-05	5.892827e-05
6.200000e+00	6.300000e+00	8.150998e-09	1.520927e-06	1.520927e-06
6.300000e+00	6.400000e+00	1.094367e-03	5.547448e-04	5.547448e-04
6.400000e+00	6.500000e+00	3.667741e-05	1.020094e-04	1.020094e-04
6.500000e+00	6.600000e+00	1.773009e-04	2.241551e-04	2.241551e-04
6.600000e+00	6.700000e+00	1.566296e-04	2.106975e-04	2.106975e-04
6.700000e+00	6.800000e+00	1.441798e-04	2.021498e-04	2.021498e-04
6.800000e+00	6.900000e+00	4.881506e-05	1.176761e-04	1.176761e-04
6.900000e+00	7.000000e+00	2.122562e-07	7.761267e-06	7.761267e-06
7.000000e+00	7.100000e+00	4.443565e-04	3.544094e-04	3.544094e-04
7.100000e+00	7.200000e+00	1.450115e-04	2.027303e-04	2.027303e-04
7.200000e+00	7.300000e+00	7.573960e-04	4.620434e-04	4.620434e-04
7.300000e+00	7.400000e+00	4.574549e-06	3.603026e-05	3.603026e-05
7.400000e+00	7.500000e+00	6.199110e-05	1.325971e-04	1.325971e-04
7.500000e+00	7.600000e+00	1.170988e-04	1.821933e-04	1.821933e-04
7.600000e+00	7.700000e+00	1.137173e-04	1.795447e-04	1.795447e-04
7.700000e+00	7.800000e+00	4.248683e-04	3.464835e-04	3.464835e-04
7.800000e+00	7.900000e+00	4.523529e-05	1.132767e-04	1.132767e-04
7.900000e+00	8.000000e+00	5.917700e-09	1.295924e-06	1.295924e-06
8.000000e+00	8.100000e+00	7.506978e-06	4.615495e-05	4.615495e-05
8.100000e+00	8.200000e+00	1.286747e-06	1.910938e-05	1.910938e-05
8.200000e+00	8.300000e+00	7.550541e-07	1.463828e-05	1.463828e-05
8.300000e+00	8.400000e+00	1.353315e-04	1.958299e-04	1.958299e-04
8.400000e+00	8.500000e+00	2.753125e-07	8.839246e-06	8.839246e-06
8.500000e+00	8.600000e+00	5.294234e-05	1.225379e-04	1.225379e-04
8.600000e+00	8.700000e+00	4.454699e-05	1.124068e-04	1.124068e-04
8.700000e+00	8.800000e+00	1.642918e-05	6.827586e-05	6.827586e-05
8.800000e+00	8.900000e+00	3.411636e-06	3.111535e-05	3.111535e-05
8.900000e+00	9.000000e+00	5.072036e-05	1.199369e-04	1.199369e-04
9.000000e+00	9.100000e+00	2.616981e-05	8.616330e-05	8.616330e-05
9.100000e+00	9.200000e+00	1.227963e-04	1.865286e-04	1.865286e-04
9.200000e+00	9.300000e+00	1.247237e-04	1.879664e-04	1.879664e-04
9.300000e+00	9.400000e+00	5.682981e-04	3.998622e-04	3.998622e-04
9.400000e+00	9.500000e+00	8.822462e-05	1.581290e-04	1.581290e-04
9.500000e+00	9.600000e+00	2.388340e-04	2.598607e-04	2.598607e-04
9.600000e+00	9.700000e+00	1.197540e-04	1.841698e-04	1.841698e-04
9.700000e+00	9.800000e+00	1.795615e-04	2.254001e-04	2.254001e-04
9.800000e+00	9.900000e+00	1.831463e-04	2.276089e-04	2.276089e-04
9.900000e+00	1.000000e+01	7.505964e-04	4.584260e-04	4.584260e-04
1.000000e+01	1.010000e+01	3.533762e-04	3.156353e-04	3.156353e-04
1.010000e+01	1.020000e+01	6.663088e-04	4.319281e-04	4.319281e-04
1.020000e+01	1.030000e+01	6.071592e-04	4.125001e-04	4.125001e-04
1.030000e+01	1.040000e+01	7.722447e-04	4.641610e-04	4.641610e-04
1.040000e+01	1.050000e+01	1.713154e-03	6.826203e-04	6.826203e-04
1.050000e+01	1.060000e+01	3.860909e-04	3.293903e-04	3.293903e-04
1.060000e+01	1.070000e+01	1.027121e-03	5.322462e-04	5.322462e-04
1.070000e+01	1.080000e+01	1.432031e-03	6.241245e-04	6.241245e-04
1.080000e+01	1.090000e+01	6.714150e-04	4.319576e-04	4.319576e-04
1.090000e+01	1.100000e+01	1.662181e-03	6.690794e-04	6.690794e-04
1.100000e+01	1.110000e+01	6.654496e-04	4.297940e-04	4.297940e-04
1.110000e+01	1.120000e+01	1.419170e-03	6.174975e-04	6.174975e-04
1.120000e+01	1.130000e+01	9.652446e-04	5.125381e-04	5.125381e-04
1.130000e+01	1.140000e+01	8.673728e-04	4.862286e-04	4.862286e-04
1.140000e+01	1.150000e+01	7.217828e-04	4.427183e-04	4.427183e-04
1.150000e+01	1.160000e+01	9.886017e-05	1.669186e-04	1.669186e-04
1.160000e+01	1.170000e+01	5.877718e-04	3.989711e-04	3.989711e-04
1.170000e+01	1.180000e+01	3.898220e-04	3.258155e-04	3.258155e-04
1.180000e+01	1.190000e+01	2.171634e-04	2.454423e-04	2.454423e-04
1.190000e+01	1.200000e+01	1.458439e-04	2.014486e-04	2.014486e-04
1.200000e+01	1.210000e+01	1.765993e-04	2.211019e-04	2.211019e-04
1.210000e+01	1.220000e+01	2.334489e-04	2.518530e-04	2.518530e-04
1.220000e+01	1.230000e+01	6.230468e-06	4.202408e-05	4.202408e-05
1.230000e+01	1.240000e+01	2.412883e-06	2.615901e-05	2.615901e-05
1.240000e+01	1.250000e+01	1.868267e-05	7.262074e-05	7.262074e-05
1.250000e+01	1.260000e+01	8.259391e-05	1.509993e-04	1.509993e-04
1.260000e+01	1.270000e+01	3.155757e-05	9.416998e-05	9.416998e-05
1.270000e+01	1.280000e+01	5.739973e-04	3.487238e-04	3.487238e-04
1.280000e+01	1.290000e+01	5.493419e-05	1.236844e-04	1.236844e-04
1.290000e+01	1.300000e+01	1.134141e-04	1.744429e-04	1.744429e-04
1.300000e+01	1.310000e+01	2.489038e-04	2.455446e-04	2.455446e-04
1.310000e+01	1.320000e+01	1.160514e-04	1.738890e-04	1.738890e-04
1.320000e+01	1.330000e+01	1.951085e-04	2.065209e-04	2.065209e-04
1.330000e+01	1.340000e+01	4.776345e-05	1.141405e-04	1.141405e-04
1.340000e+01	1.350000e+01	1.265605e-04	1.621155e-04	1.621155e-04
1.350000e+01	1.360000e+01	2.531212e-04	2.292661e-04	2.292661e-04
1.360000e+01	1.370000e+01	2.930221e-05	8.976904e-05	8.976904e-05
1.370000e+01	1.380000e+01	5.670710e-05	1.233498e-04	1.233498e-04
1.380000e+01	1.390000e+01	7.227792e-05	1.370159e-04	1.370159e-04
1.390000e+01	1.400000e+01	1.265605e-04	1.621155e-04	1.621155e-04
1.400000e+01	1.410000e+01	3.075534e-09	9.342463e-07	9.342463e-07
1.410000e+01	1.420000e+01	1.265605e-04	1.621155e-04	1.621155e-04
1.420000e+01	1.430000e+01	1.465111e-05	6.347632e-05	6.347632e-05
1.430000e+01	1.440000e+01	1.537931e-09	6.606471e-07	6.606471e-07
1.440000e+01	1.450000e+01	7.013315e-05	1.273043e-04	1.273043e-04
1.450000e+01	1.460000e+01	1.537931e-09	6.606471e-07	6.606471e-07
1.460000e+01	1.470000e+01	7.118250e-05	7.118248e-05	7.118248e-05
1.470000e+01	1.480000e+01	1.537931e-09	6.606471e-07	6.606471e-07
1.480000e+01	1.490000e+01	2.321027e-05	7.776547e-05	7.776547e-05
1.490000e+01	1.500000e+01	1.414307e-04	1.000066e-04	1.000066e-04
# END HISTO1D

# BEGIN HISTO1D //home/frederic/Work/Software/LesHouches2017/lh2017-alphas/pythia-alphas/robustness/gluon-as013650-as015015-parton.yoda/MC_LHJSS_Zjet/log_Angularity_zcut_0.1_beta_0_alpha_2
LineColor=blue
LineStyle=solid
NormalizeToSum=1
Path=//home/frederic/Work/Software/LesHouches2017/lh2017-alphas/pythia-alphas/robustness/gluon-as013650-as015015-parton.yoda/MC_LHJSS_Zjet/log_Angularity_zcut_0.1_beta_0_alpha_2
ScaledBy=1.0
Title=gluon-as013650-as015015-parton
XLabel=
YLabel=
# xlow	 xhigh	 val	 errminus	 errplus
0.000000e+00	1.000000e-01	1.431332e-04	1.012104e-04	1.012104e-04
1.000000e-01	2.000000e-01	2.067292e-09	7.682479e-07	7.682479e-07
2.000000e-01	3.000000e-01	4.134046e-09	1.086396e-06	1.086396e-06
3.000000e-01	4.000000e-01	4.396120e-05	1.102933e-04	1.102933e-04
4.000000e-01	5.000000e-01	1.264234e-04	1.872810e-04	1.872810e-04
5.000000e-01	6.000000e-01	1.002950e-04	1.680072e-04	1.680072e-04
6.000000e-01	7.000000e-01	3.041438e-04	2.917898e-04	2.917898e-04
7.000000e-01	8.000000e-01	2.307429e-05	8.113132e-05	8.113132e-05
8.000000e-01	9.000000e-01	2.211855e-07	7.946553e-06	7.946553e-06
9.000000e-01	1.000000e+00	1.509518e-06	2.075940e-05	2.075940e-05
1.000000e+00	1.100000e+00	3.222241e-04	3.026410e-04	3.026410e-04
1.100000e+00	1.200000e+00	4.285410e-06	3.497740e-05	3.497740e-05
1.200000e+00	1.300000e+00	4.538591e-04	3.591920e-04	3.591920e-04
1.300000e+00	1.400000e+00	1.638575e-06	2.162877e-05	2.162877e-05
1.400000e+00	1.500000e+00	1.373416e-04	1.979189e-04	1.979189e-04
1.500000e+00	1.600000e+00	1.839754e-04	2.290493e-04	2.290493e-04
1.600000e+00	1.700000e+00	5.022879e-04	3.781325e-04	3.781325e-04
1.700000e+00	1.800000e+00	6.691196e-04	4.363091e-04	4.363091e-04
1.800000e+00	1.900000e+00	6.352602e-04	4.252136e-04	4.252136e-04
1.900000e+00	2.000000e+00	1.101145e-04	1.772609e-04	1.772609e-04
2.000000e+00	2.100000e+00	1.885966e-04	2.319437e-04	2.319437e-04
2.100000e+00	2.200000e+00	7.255331e-04	4.543936e-04	4.543936e-04
2.200000e+00	2.300000e+00	3.196591e-04	3.018928e-04	3.018928e-04
2.300000e+00	2.400000e+00	1.050137e-03	5.462844e-04	5.462844e-04
2.400000e+00	2.500000e+00	5.957836e-04	4.118953e-04	4.118953e-04
2.500000e+00	2.600000e+00	7.506357e-04	4.621860e-04	4.621860e-04
2.600000e+00	2.700000e+00	2.241033e-04	2.528160e-04	2.528160e-04
2.700000e+00	2.800000e+00	1.518911e-04	2.081701e-04	2.081701e-04
2.800000e+00	2.900000e+00	2.482248e-04	2.660580e-04	2.660580e-04
2.900000e+00	3.000000e+00	4.289537e-04	3.496051e-04	3.496051e-04
3.000000e+00	3.100000e+00	2.847235e-07	9.015982e-06	9.015982e-06
3.100000e+00	3.200000e+00	6.390436e-05	1.350513e-04	1.350513e-04
3.200000e+00	3.300000e+00	1.812892e-04	2.274021e-04	2.274021e-04
3.300000e+00	3.400000e+00	8.106742e-05	1.521039e-04	1.521039e-04
3.400000e+00	3.500000e+00	9.520589e-06	5.213423e-05	5.213423e-05
3.500000e+00	3.600000e+00	7.601970e-04	4.649970e-04	4.649970e-04
3.600000e+00	3.700000e+00	7.564072e-05	1.469247e-04	1.469247e-04
3.700000e+00	3.800000e+00	1.068651e-05	5.523414e-05	5.523414e-05
3.800000e+00	3.900000e+00	4.501869e-05	1.133564e-04	1.133564e-04
3.900000e+00	4.000000e+00	4.866014e-04	3.722623e-04	3.722623e-04
4.000000e+00	4.100000e+00	1.920798e-05	7.404911e-05	7.404911e-05
4.100000e+00	4.200000e+00	1.166206e-04	1.824112e-04	1.824112e-04
4.200000e+00	4.300000e+00	2.930930e-05	9.146815e-05	9.146815e-05
4.300000e+00	4.400000e+00	1.675397e-05	6.915766e-05	6.915766e-05
4.400000e+00	4.500000e+00	2.718475e-04	2.783799e-04	2.783799e-04
4.500000e+00	4.600000e+00	1.618428e-04	2.148573e-04	2.148573e-04
4.600000e+00	4.700000e+00	4.677888e-04	3.649518e-04	3.649518e-04
4.700000e+00	4.800000e+00	9.454032e-05	1.642432e-04	1.642432e-04
4.800000e+00	4.900000e+00	6.898017e-05	1.403063e-04	1.403063e-04
4.900000e+00	5.000000e+00	8.933668e-06	5.050154e-05	5.050154e-05
5.000000e+00	5.100000e+00	1.449069e-04	2.033096e-04	2.033096e-04
5.100000e+00	5.200000e+00	9.151708e-05	1.615936e-04	1.615936e-04
5.200000e+00	5.300000e+00	6.750478e-05	1.387954e-04	1.387954e-04
5.300000e+00	5.400000e+00	3.481958e-04	3.149312e-04	3.149312e-04
5.400000e+00	5.500000e+00	3.587683e-04	3.196626e-04	3.196626e-04
5.500000e+00	5.600000e+00	1.655089e-05	6.873675e-05	6.873675e-05
5.600000e+00	5.700000e+00	4.475455e-05	1.130194e-04	1.130194e-04
5.700000e+00	5.800000e+00	9.201240e-06	5.125201e-05	5.125201e-05
5.800000e+00	5.900000e+00	2.957641e-05	9.188178e-05	9.188178e-05
5.900000e+00	6.000000e+00	5.637425e-05	1.268395e-04	1.268395e-04
6.000000e+00	6.100000e+00	1.105999e-05	5.619027e-05	5.619027e-05
6.100000e+00	6.200000e+00	6.229759e-06	4.217231e-05	4.217231e-05
6.200000e+00	6.300000e+00	2.709448e-05	8.794199e-05	8.794199e-05
6.300000e+00	6.400000e+00	1.383875e-03	6.249800e-04	6.249800e-04
6.400000e+00	6.500000e+00	1.989490e-04	2.381366e-04	2.381366e-04
6.500000e+00	6.600000e+00	2.663800e-04	2.754751e-04	2.754751e-04
6.600000e+00	6.700000e+00	4.783485e-05	1.168395e-04	1.168395e-04
6.700000e+00	6.800000e+00	1.735137e-05	7.037794e-05	7.037794e-05
6.800000e+00	6.900000e+00	1.842980e-06	2.293816e-05	2.293816e-05
6.900000e+00	7.000000e+00	4.582806e-05	1.143616e-04	1.143616e-04
7.000000e+00	7.100000e+00	1.087635e-05	5.572125e-05	5.572125e-05
7.100000e+00	7.200000e+00	2.859369e-05	9.034036e-05	9.034036e-05
7.200000e+00	7.300000e+00	1.473363e-05	6.485227e-05	6.485227e-05
7.300000e+00	7.400000e+00	1.537092e-05	6.623975e-05	6.623975e-05
7.400000e+00	7.500000e+00	4.003415e-05	1.068895e-04	1.068895e-04
7.500000e+00	7.600000e+00	1.037712e-05	5.442733e-05	5.442733e-05
7.600000e+00	7.700000e+00	3.523672e-07	1.002995e-05	1.002995e-05
7.700000e+00	7.800000e+00	2.038677e-05	7.628298e-05	7.628298e-05
7.800000e+00	7.900000e+00	1.528790e-05	6.606039e-05	6.606039e-05
7.900000e+00	8.000000e+00	4.382965e-05	1.118362e-04	1.118362e-04
8.000000e+00	8.100000e+00	8.672291e-05	1.572769e-04	1.572769e-04
8.100000e+00	8.200000e+00	1.136187e-04	1.799898e-04	1.799898e-04
8.200000e+00	8.300000e+00	2.040458e-04	2.410811e-04	2.410811e-04
8.300000e+00	8.400000e+00	1.714914e-04	2.210403e-04	2.210403e-04
8.400000e+00	8.500000e+00	1.993311e-04	2.382719e-04	2.382719e-04
8.500000e+00	8.600000e+00	2.053519e-04	2.418152e-04	2.418152e-04
8.600000e+00	8.700000e+00	1.367451e-04	1.974066e-04	1.974066e-04
8.700000e+00	8.800000e+00	1.478607e-04	2.052620e-04	2.052620e-04
8.800000e+00	8.900000e+00	8.600916e-04	4.924089e-04	4.924089e-04
8.900000e+00	9.000000e+00	3.741809e-04	3.259686e-04	3.259686e-04
9.000000e+00	9.100000e+00	1.209944e-04	1.856874e-04	1.856874e-04
9.100000e+00	9.200000e+00	9.242006e-04	5.099380e-04	5.099380e-04
9.200000e+00	9.300000e+00	1.371664e-04	1.976701e-04	1.976701e-04
9.300000e+00	9.400000e+00	1.363397e-04	1.970517e-04	1.970517e-04
9.400000e+00	9.500000e+00	1.282841e-03	5.980193e-04	5.980193e-04
9.500000e+00	9.600000e+00	8.941577e-04	5.008681e-04	5.008681e-04
9.600000e+00	9.700000e+00	8.850289e-04	4.981839e-04	4.981839e-04
9.700000e+00	9.800000e+00	1.393541e-03	6.212334e-04	6.212334e-04
9.800000e+00	9.900000e+00	7.469642e-04	4.579882e-04	4.579882e-04
9.900000e+00	1.000000e+01	9.759296e-04	5.215435e-04	5.215435e-04
1.000000e+01	1.010000e+01	1.657061e-03	6.731457e-04	6.731457e-04
1.010000e+01	1.020000e+01	9.128044e-04	5.040567e-04	5.040567e-04
1.020000e+01	1.030000e+01	1.252807e-03	5.871657e-04	5.871657e-04
1.030000e+01	1.040000e+01	1.177728e-03	5.689756e-04	5.689756e-04
1.040000e+01	1.050000e+01	7.588737e-04	4.587108e-04	4.587108e-04
1.050000e+01	1.060000e+01	2.046974e-03	7.342600e-04	7.342600e-04
1.060000e+01	1.070000e+01	4.305922e-04	3.476555e-04	3.476555e-04
1.070000e+01	1.080000e+01	8.346270e-04	4.785706e-04	4.785706e-04
1.080000e+01	1.090000e+01	7.438933e-04	4.530785e-04	4.530785e-04
1.090000e+01	1.100000e+01	1.515573e-03	6.295886e-04	6.295886e-04
1.100000e+01	1.110000e+01	2.354506e-03	7.636334e-04	7.636334e-04
1.110000e+01	1.120000e+01	9.744161e-04	5.101570e-04	5.101570e-04
1.120000e+01	1.130000e+01	6.639867e-04	4.252736e-04	4.252736e-04
1.130000e+01	1.140000e+01	1.186719e-03	5.536367e-04	5.536367e-04
1.140000e+01	1.150000e+01	9.310348e-04	4.891199e-04	4.891199e-04
1.150000e+01	1.160000e+01	1.756020e-03	6.302394e-04	6.302394e-04
1.160000e+01	1.170000e+01	4.695125e-04	3.544926e-04	3.544926e-04
1.170000e+01	1.180000e+01	3.319022e-04	2.988886e-04	2.988886e-04
1.180000e+01	1.190000e+01	7.473663e-04	4.300318e-04	4.300318e-04
1.190000e+01	1.200000e+01	8.705134e-04	4.422207e-04	4.422207e-04
1.200000e+01	1.210000e+01	3.914591e-04	3.189897e-04	3.189897e-04
1.210000e+01	1.220000e+01	2.577296e-04	2.598760e-04	2.598760e-04
1.220000e+01	1.230000e+01	6.900583e-04	3.979070e-04	3.979070e-04
1.230000e+01	1.240000e+01	7.804763e-05	1.473465e-04	1.473465e-04
1.240000e+01	1.250000e+01	1.033677e-04	1.689355e-04	1.689355e-04
1.250000e+01	1.260000e+01	6.936966e-04	3.676070e-04	3.676070e-04
1.260000e+01	1.270000e+01	2.721697e-04	2.590470e-04	2.590470e-04
1.270000e+01	1.280000e+01	7.553305e-06	4.623235e-05	4.623235e-05
1.280000e+01	1.290000e+01	1.815724e-04	2.159309e-04	2.159309e-04
1.290000e+01	1.300000e+01	1.963933e-05	7.432563e-05	7.432563e-05
1.300000e+01	1.310000e+01	3.494667e-05	9.756446e-05	9.756446e-05
1.310000e+01	1.320000e+01	9.072315e-05	1.495608e-04	1.495608e-04
1.320000e+01	1.330000e+01	1.465373e-05	6.367784e-05	6.367784e-05
1.330000e+01	1.340000e+01	9.072315e-05	1.495608e-04	1.495608e-04
1.340000e+01	1.350000e+01	7.204789e-05	1.291640e-04	1.291640e-04
1.350000e+01	1.360000e+01	1.998889e-04	2.092270e-04	2.092270e-04
1.360000e+01	1.370000e+01	4.270949e-04	1.743608e-04	1.743608e-04
1.370000e+01	1.380000e+01	4.685994e-05	1.108115e-04	1.108115e-04
1.380000e+01	1.390000e+01	2.534793e-04	2.115673e-04	2.115673e-04
1.390000e+01	1.400000e+01	1.033511e-09	5.431978e-07	5.431978e-07
1.400000e+01	1.410000e+01	2.342995e-05	7.835554e-05	7.835554e-05
1.410000e+01	1.420000e+01	1.033511e-09	5.431978e-07	5.431978e-07
1.420000e+01	1.430000e+01	7.070350e-05	1.281786e-04	1.281786e-04
1.430000e+01	1.440000e+01	7.118250e-05	7.118248e-05	7.118248e-05
1.440000e+01	1.450000e+01	7.118250e-05	7.118248e-05	7.118248e-05
1.450000e+01	1.460000e+01	1.033511e-09	5.431978e-07	5.431978e-07
1.460000e+01	1.470000e+01	1.033511e-09	5.431978e-07	5.431978e-07
1.470000e+01	1.480000e+01	2.415550e-05	7.945791e-05	7.945791e-05
1.480000e+01	1.490000e+01	7.118250e-05	7.118248e-05	7.118248e-05
1.490000e+01	1.500000e+01	0.000000e+00	0.000000e+00	0.000000e+00
# END HISTO1D

# BEGIN HISTO1D //home/frederic/Work/Software/LesHouches2017/lh2017-alphas/pythia-alphas/robustness/as013650-gluon-robustness.yoda/MC_LHJSS_Zjet/log_Angularity_zcut_0.1_beta_0_alpha_2
LineColor=green
LineStyle=solid
NormalizeToSum=1
Path=//home/frederic/Work/Software/LesHouches2017/lh2017-alphas/pythia-alphas/robustness/as013650-gluon-robustness.yoda/MC_LHJSS_Zjet/log_Angularity_zcut_0.1_beta_0_alpha_2
ScaledBy=1.0
Title=as013650-gluon-robustness
XLabel=
YLabel=
# xlow	 xhigh	 val	 errminus	 errplus
0.000000e+00	1.000000e-01	0.000000e+00	0.000000e+00	0.000000e+00
1.000000e-01	2.000000e-01	1.423649e-04	1.006672e-04	1.006672e-04
2.000000e-01	3.000000e-01	7.340328e-04	6.662837e-04	6.662837e-04
3.000000e-01	4.000000e-01	6.505757e-05	2.289116e-04	2.289116e-04
4.000000e-01	5.000000e-01	4.950351e-05	2.027220e-04	2.027220e-04
5.000000e-01	6.000000e-01	2.539814e-04	4.545456e-04	4.545456e-04
6.000000e-01	7.000000e-01	9.558309e-05	2.824285e-04	2.824285e-04
7.000000e-01	8.000000e-01	1.170189e-05	9.911995e-05	9.911995e-05
8.000000e-01	9.000000e-01	2.943557e-05	1.571815e-04	1.571815e-04
9.000000e-01	1.000000e+00	9.702618e-05	2.852084e-04	2.852084e-04
1.000000e+00	1.100000e+00	8.091417e-05	2.605522e-04	2.605522e-04
1.100000e+00	1.200000e+00	1.366914e-05	1.071435e-04	1.071435e-04
1.200000e+00	1.300000e+00	2.302459e-04	4.392842e-04	4.392842e-04
1.300000e+00	1.400000e+00	2.524491e-04	4.600208e-04	4.600208e-04
1.400000e+00	1.500000e+00	2.443169e-04	4.526171e-04	4.526171e-04
1.500000e+00	1.600000e+00	7.987857e-04	8.171671e-04	8.171671e-04
1.600000e+00	1.700000e+00	8.508636e-05	2.672686e-04	2.672686e-04
1.700000e+00	1.800000e+00	5.994891e-05	2.243596e-04	2.243596e-04
1.800000e+00	1.900000e+00	1.518207e-04	3.569685e-04	3.569685e-04
1.900000e+00	2.000000e+00	5.706572e-05	2.189052e-04	2.189052e-04
2.000000e+00	2.100000e+00	2.380070e-04	4.468812e-04	4.468812e-04
2.100000e+00	2.200000e+00	1.793359e-05	1.227282e-04	1.227282e-04
2.200000e+00	2.300000e+00	9.235934e-05	2.784732e-04	2.784732e-04
2.300000e+00	2.400000e+00	2.938113e-04	4.964480e-04	4.964480e-04
2.400000e+00	2.500000e+00	3.110686e-05	1.616317e-04	1.616317e-04
2.500000e+00	2.600000e+00	3.110686e-05	1.616317e-04	1.616317e-04
2.600000e+00	2.700000e+00	1.901001e-05	1.263573e-04	1.263573e-04
2.700000e+00	2.800000e+00	6.861362e-06	7.591490e-05	7.591490e-05
2.800000e+00	2.900000e+00	1.066899e-05	9.466277e-05	9.466277e-05
2.900000e+00	3.000000e+00	9.916138e-05	2.885353e-04	2.885353e-04
3.000000e+00	3.100000e+00	1.323934e-04	3.333656e-04	3.333656e-04
3.100000e+00	3.200000e+00	4.268921e-06	5.988019e-05	5.988019e-05
3.200000e+00	3.300000e+00	7.076538e-05	2.437604e-04	2.437604e-04
3.300000e+00	3.400000e+00	1.201985e-03	1.001489e-03	1.001489e-03
3.400000e+00	3.500000e+00	3.371555e-04	5.317217e-04	5.317217e-04
3.500000e+00	3.600000e+00	8.558824e-05	2.680615e-04	2.680615e-04
3.600000e+00	3.700000e+00	1.440192e-05	1.099823e-04	1.099823e-04
3.700000e+00	3.800000e+00	6.421860e-04	7.331196e-04	7.331196e-04
3.800000e+00	3.900000e+00	4.400761e-04	6.072091e-04	6.072091e-04
3.900000e+00	4.000000e+00	4.853454e-04	6.377099e-04	6.377099e-04
4.000000e+00	4.100000e+00	4.058041e-04	5.831502e-04	5.831502e-04
4.100000e+00	4.200000e+00	3.797399e-06	5.647645e-05	5.647645e-05
4.200000e+00	4.300000e+00	1.095476e-03	9.560159e-04	9.560159e-04
4.300000e+00	4.400000e+00	8.782087e-05	2.715340e-04	2.715340e-04
4.400000e+00	4.500000e+00	2.298335e-05	1.389332e-04	1.389332e-04
4.500000e+00	4.600000e+00	5.817073e-05	2.210086e-04	2.210086e-04
4.600000e+00	4.700000e+00	7.724029e-07	2.547122e-05	2.547122e-05
4.700000e+00	4.800000e+00	2.291965e-05	1.387406e-04	1.387406e-04
4.800000e+00	4.900000e+00	5.701876e-06	6.920386e-05	6.920386e-05
4.900000e+00	5.000000e+00	7.765460e-05	2.553310e-04	2.553310e-04
5.000000e+00	5.100000e+00	4.547727e-07	1.954454e-05	1.954454e-05
5.100000e+00	5.200000e+00	7.360205e-04	7.842657e-04	7.842657e-04
5.200000e+00	5.300000e+00	5.446090e-05	2.138414e-04	2.138414e-04
5.300000e+00	5.400000e+00	8.974398e-04	8.657926e-04	8.657926e-04
5.400000e+00	5.500000e+00	5.365943e-05	2.122620e-04	2.122620e-04
5.500000e+00	5.600000e+00	5.071142e-04	6.514668e-04	6.514668e-04
5.600000e+00	5.700000e+00	1.141033e-06	3.095824e-05	3.095824e-05
5.700000e+00	5.800000e+00	1.197251e-05	1.002776e-04	1.002776e-04
5.800000e+00	5.900000e+00	2.399383e-04	4.485375e-04	4.485375e-04
5.900000e+00	6.000000e+00	3.191211e-06	5.177280e-05	5.177280e-05
6.000000e+00	6.100000e+00	6.590877e-05	2.352283e-04	2.352283e-04
6.100000e+00	6.200000e+00	2.383437e-08	4.474357e-06	4.474357e-06
6.200000e+00	6.300000e+00	2.905236e-05	1.561955e-04	1.561955e-04
6.300000e+00	6.400000e+00	4.235028e-04	5.953418e-04	5.953418e-04
6.400000e+00	6.500000e+00	2.450992e-05	1.434691e-04	1.434691e-04
6.500000e+00	6.600000e+00	2.074134e-04	4.170421e-04	4.170421e-04
6.600000e+00	6.700000e+00	8.770533e-04	8.549482e-04	8.549482e-04
6.700000e+00	6.800000e+00	3.355230e-07	1.678763e-05	1.678763e-05
6.800000e+00	6.900000e+00	4.305443e-05	1.901327e-04	1.901327e-04
6.900000e+00	7.000000e+00	1.996662e-04	4.091956e-04	4.091956e-04
7.000000e+00	7.100000e+00	2.923687e-05	1.566876e-04	1.566876e-04
7.100000e+00	7.200000e+00	5.318229e-04	6.666595e-04	6.666595e-04
7.200000e+00	7.300000e+00	1.016636e-03	9.200252e-04	9.200252e-04
7.300000e+00	7.400000e+00	3.155139e-04	5.140672e-04	5.140672e-04
7.400000e+00	7.500000e+00	9.181403e-04	8.747628e-04	8.747628e-04
7.500000e+00	7.600000e+00	5.139324e-04	6.554827e-04	6.554827e-04
7.600000e+00	7.700000e+00	3.868799e-03	1.775336e-03	1.775336e-03
7.700000e+00	7.800000e+00	2.074590e-03	1.307708e-03	1.307708e-03
7.800000e+00	7.900000e+00	2.076517e-03	1.308863e-03	1.308863e-03
7.900000e+00	8.000000e+00	1.755102e-04	3.836191e-04	3.836191e-04
8.000000e+00	8.100000e+00	2.473207e-03	1.426364e-03	1.426364e-03
8.100000e+00	8.200000e+00	2.713244e-04	4.767389e-04	4.767389e-04
8.200000e+00	8.300000e+00	1.261929e-03	1.023604e-03	1.023604e-03
8.300000e+00	8.400000e+00	6.575038e-03	2.288340e-03	2.288340e-03
8.400000e+00	8.500000e+00	2.170767e-03	1.336949e-03	1.336949e-03
8.500000e+00	8.600000e+00	2.364789e-03	1.393453e-03	1.393453e-03
8.600000e+00	8.700000e+00	3.334873e-03	1.646798e-03	1.646798e-03
8.700000e+00	8.800000e+00	5.587202e-04	6.829365e-04	6.829365e-04
8.800000e+00	8.900000e+00	2.948670e-03	1.550689e-03	1.550689e-03
8.900000e+00	9.000000e+00	6.631104e-04	7.434423e-04	7.434423e-04
9.000000e+00	9.100000e+00	8.498107e-05	2.670141e-04	2.670141e-04
9.100000e+00	9.200000e+00	1.683745e-03	1.172001e-03	1.172001e-03
9.200000e+00	9.300000e+00	4.288155e-05	1.897255e-04	1.897255e-04
9.300000e+00	9.400000e+00	1.554340e-04	3.608840e-04	3.608840e-04
9.400000e+00	9.500000e+00	9.447975e-05	2.814883e-04	2.814883e-04
9.500000e+00	9.600000e+00	2.266976e-05	1.379660e-04	1.379660e-04
9.600000e+00	9.700000e+00	3.783772e-06	5.637378e-05	5.637378e-05
9.700000e+00	9.800000e+00	7.581275e-05	2.521674e-04	2.521674e-04
9.800000e+00	9.900000e+00	2.209842e-04	4.298324e-04	4.298324e-04
9.900000e+00	1.000000e+01	1.019349e-03	9.132573e-04	9.132573e-04
1.000000e+01	1.010000e+01	2.098512e-03	1.288484e-03	1.288484e-03
1.010000e+01	1.020000e+01	4.517681e-04	6.122622e-04	6.122622e-04
1.020000e+01	1.030000e+01	3.870012e-04	5.671515e-04	5.671515e-04
1.030000e+01	1.040000e+01	7.880189e-04	8.033670e-04	8.033670e-04
1.040000e+01	1.050000e+01	8.805882e-04	8.446414e-04	8.446414e-04
1.050000e+01	1.060000e+01	1.631830e-03	1.132877e-03	1.132877e-03
1.060000e+01	1.070000e+01	1.535602e-03	1.093829e-03	1.093829e-03
1.070000e+01	1.080000e+01	2.672362e-03	1.373018e-03	1.373018e-03
1.080000e+01	1.090000e+01	2.820241e-03	1.404976e-03	1.404976e-03
1.090000e+01	1.100000e+01	8.185296e-04	8.106529e-04	8.106529e-04
1.100000e+01	1.110000e+01	2.733729e-04	4.761714e-04	4.761714e-04
1.110000e+01	1.120000e+01	3.509582e-04	5.370165e-04	5.370165e-04
1.120000e+01	1.130000e+01	2.462390e-03	1.259693e-03	1.259693e-03
1.130000e+01	1.140000e+01	1.377012e-03	1.007239e-03	1.007239e-03
1.140000e+01	1.150000e+01	5.179985e-04	6.414415e-04	6.414415e-04
1.150000e+01	1.160000e+01	1.903516e-03	1.090068e-03	1.090068e-03
1.160000e+01	1.170000e+01	6.620808e-04	7.076463e-04	7.076463e-04
1.170000e+01	1.180000e+01	2.356805e-04	4.356959e-04	4.356959e-04
1.180000e+01	1.190000e+01	3.278066e-04	5.101117e-04	5.101117e-04
1.190000e+01	1.200000e+01	8.951625e-04	7.526061e-04	7.526061e-04
1.200000e+01	1.210000e+01	1.828187e-04	3.839586e-04	3.839586e-04
1.210000e+01	1.220000e+01	1.033567e-04	2.900455e-04	2.900455e-04
1.220000e+01	1.230000e+01	2.948768e-04	4.779388e-04	4.779388e-04
1.230000e+01	1.240000e+01	5.921211e-04	5.921593e-04	5.921593e-04
1.240000e+01	1.250000e+01	2.485134e-04	4.347601e-04	4.347601e-04
1.250000e+01	1.260000e+01	1.352467e-03	3.102773e-04	3.102773e-04
1.260000e+01	1.270000e+01	1.067738e-03	2.756886e-04	2.756886e-04
1.270000e+01	1.280000e+01	3.399832e-04	4.891610e-04	4.891610e-04
1.280000e+01	1.290000e+01	3.196818e-05	1.626130e-04	1.626130e-04
1.290000e+01	1.300000e+01	5.694600e-04	2.013345e-04	2.013345e-04
1.300000e+01	1.310000e+01	7.185078e-08	7.768335e-06	7.768335e-06
1.310000e+01	1.320000e+01	1.108166e-04	2.937053e-04	2.937053e-04
1.320000e+01	1.330000e+01	8.676176e-05	2.532102e-04	2.532102e-04
1.330000e+01	1.340000e+01	7.185078e-08	7.768335e-06	7.768335e-06
1.340000e+01	1.350000e+01	1.835082e-04	3.331418e-04	3.331418e-04
1.350000e+01	1.360000e+01	1.423650e-04	1.006672e-04	1.006672e-04
1.360000e+01	1.370000e+01	7.901383e-06	8.114810e-05	8.114810e-05
1.370000e+01	1.380000e+01	2.847299e-04	1.423650e-04	1.423650e-04
1.380000e+01	1.390000e+01	4.270949e-04	1.743608e-04	1.743608e-04
1.390000e+01	1.400000e+01	7.118250e-05	7.118248e-05	7.118248e-05
1.400000e+01	1.410000e+01	1.423650e-04	1.006672e-04	1.006672e-04
1.410000e+01	1.420000e+01	7.118250e-05	7.118248e-05	7.118248e-05
1.420000e+01	1.430000e+01	2.135474e-04	1.232917e-04	1.232917e-04
1.430000e+01	1.440000e+01	5.104097e-04	5.035576e-04	5.035576e-04
1.440000e+01	1.450000e+01	7.118250e-05	7.118248e-05	7.118248e-05
1.450000e+01	1.460000e+01	7.118250e-05	7.118248e-05	7.118248e-05
1.460000e+01	1.470000e+01	7.118250e-05	7.118248e-05	7.118248e-05
1.470000e+01	1.480000e+01	7.118250e-05	7.118248e-05	7.118248e-05
1.480000e+01	1.490000e+01	7.118250e-05	7.118248e-05	7.118248e-05
1.490000e+01	1.500000e+01	0.000000e+00	0.000000e+00	0.000000e+00
# END HISTO1D

