# BEGIN PLOT
LegendOnly=//home/frederic/Work/Software/LesHouches2017/lh2017-alphas/pythia-alphas/robustness/gluon-as013650-as012285-parton.yoda/MC_LHJSS_Zjet/log_Angularity_zcut_0.05_beta_0_alpha_2 //home/frederic/Work/Software/LesHouches2017/lh2017-alphas/pythia-alphas/robustness/gluon-as013650-as015015-parton.yoda/MC_LHJSS_Zjet/log_Angularity_zcut_0.05_beta_0_alpha_2 //home/frederic/Work/Software/LesHouches2017/lh2017-alphas/pythia-alphas/robustness/as013650-gluon-robustness.yoda/MC_LHJSS_Zjet/log_Angularity_zcut_0.05_beta_0_alpha_2
DrawOnly=//home/frederic/Work/Software/LesHouches2017/lh2017-alphas/pythia-alphas/robustness/gluon-as013650-as012285-parton.yoda/MC_LHJSS_Zjet/log_Angularity_zcut_0.05_beta_0_alpha_2 //home/frederic/Work/Software/LesHouches2017/lh2017-alphas/pythia-alphas/robustness/gluon-as013650-as015015-parton.yoda/MC_LHJSS_Zjet/log_Angularity_zcut_0.05_beta_0_alpha_2 //home/frederic/Work/Software/LesHouches2017/lh2017-alphas/pythia-alphas/robustness/as013650-gluon-robustness.yoda/MC_LHJSS_Zjet/log_Angularity_zcut_0.05_beta_0_alpha_2
Title=Angularity, $\alpha$ = 2 $z_{cut}$ = 0.05 $\beta$ = 0
RatioPlot=1
LogX=0
LogY=0
RatioPlotYLabel=Ratio
RatioPlotReference=//home/frederic/Work/Software/LesHouches2017/lh2017-alphas/pythia-alphas/robustness/gluon-as013650-as012285-parton.yoda/MC_LHJSS_Zjet/log_Angularity_zcut_0.05_beta_0_alpha_2
XLabel=$e_\alpha$
YLabel=$1/\sigma \text{d}\sigma/\text{d}e_\alpha$
Legend=1
# END PLOT

# BEGIN HISTO1D //home/frederic/Work/Software/LesHouches2017/lh2017-alphas/pythia-alphas/robustness/gluon-as013650-as012285-parton.yoda/MC_LHJSS_Zjet/log_Angularity_zcut_0.05_beta_0_alpha_2
LineColor=red
LineStyle=solid
NormalizeToSum=1
Path=//home/frederic/Work/Software/LesHouches2017/lh2017-alphas/pythia-alphas/robustness/gluon-as013650-as012285-parton.yoda/MC_LHJSS_Zjet/log_Angularity_zcut_0.05_beta_0_alpha_2
ScaledBy=1.0
Title=gluon-as013650-as012285-parton
XLabel=
YLabel=
# xlow	 xhigh	 val	 errminus	 errplus
0.000000e+00	1.000000e-01	0.000000e+00	0.000000e+00	0.000000e+00
1.000000e-01	2.000000e-01	1.373555e-05	6.152065e-05	6.152065e-05
2.000000e-01	3.000000e-01	1.288588e-04	1.631963e-04	1.631963e-04
3.000000e-01	4.000000e-01	9.226600e-09	1.618162e-06	1.618162e-06
4.000000e-01	5.000000e-01	1.549816e-04	2.039215e-04	2.039215e-04
5.000000e-01	6.000000e-01	3.243508e-05	9.566328e-05	9.566328e-05
6.000000e-01	7.000000e-01	3.875787e-05	1.047123e-04	1.047123e-04
7.000000e-01	8.000000e-01	6.365588e-04	4.191357e-04	4.191357e-04
8.000000e-01	9.000000e-01	3.099535e-04	2.953385e-04	2.953385e-04
9.000000e-01	1.000000e+00	1.773791e-04	2.239754e-04	2.239754e-04
1.000000e+00	1.100000e+00	3.326097e-04	3.064326e-04	3.064326e-04
1.100000e+00	1.200000e+00	4.136282e-04	3.417710e-04	3.417710e-04
1.200000e+00	1.300000e+00	2.586593e-05	8.566617e-05	8.566617e-05
1.300000e+00	1.400000e+00	3.053046e-05	9.307069e-05	9.307069e-05
1.400000e+00	1.500000e+00	4.178581e-04	3.438037e-04	3.438037e-04
1.500000e+00	1.600000e+00	4.438243e-04	3.543721e-04	3.543721e-04
1.600000e+00	1.700000e+00	5.693683e-04	4.012605e-04	4.012605e-04
1.700000e+00	1.800000e+00	1.165925e-03	5.732514e-04	5.732514e-04
1.800000e+00	1.900000e+00	7.216944e-04	4.516990e-04	4.516990e-04
1.900000e+00	2.000000e+00	9.878792e-04	5.282473e-04	5.282473e-04
2.000000e+00	2.100000e+00	8.551895e-04	4.916894e-04	4.916894e-04
2.100000e+00	2.200000e+00	1.066718e-04	1.739520e-04	1.739520e-04
2.200000e+00	2.300000e+00	1.503047e-03	6.511497e-04	6.511497e-04
2.300000e+00	2.400000e+00	2.384440e-04	2.600107e-04	2.600107e-04
2.400000e+00	2.500000e+00	3.353292e-04	3.082936e-04	3.082936e-04
2.500000e+00	2.600000e+00	9.742623e-04	5.248795e-04	5.248795e-04
2.600000e+00	2.700000e+00	1.060922e-03	5.476425e-04	5.476425e-04
2.700000e+00	2.800000e+00	1.740383e-04	2.221736e-04	2.221736e-04
2.800000e+00	2.900000e+00	2.550204e-04	2.689028e-04	2.689028e-04
2.900000e+00	3.000000e+00	2.115303e-04	2.449200e-04	2.449200e-04
3.000000e+00	3.100000e+00	1.849263e-04	2.290142e-04	2.290142e-04
3.100000e+00	3.200000e+00	2.513242e-04	2.669421e-04	2.669421e-04
3.200000e+00	3.300000e+00	7.072329e-04	4.474170e-04	4.474170e-04
3.300000e+00	3.400000e+00	4.626544e-04	3.620364e-04	3.620364e-04
3.400000e+00	3.500000e+00	9.351750e-05	1.628797e-04	1.628797e-04
3.500000e+00	3.600000e+00	3.105598e-04	2.966840e-04	2.966840e-04
3.600000e+00	3.700000e+00	3.596933e-06	3.194963e-05	3.194963e-05
3.700000e+00	3.800000e+00	1.055607e-05	5.473242e-05	5.473242e-05
3.800000e+00	3.900000e+00	4.211743e-05	1.093186e-04	1.093186e-04
3.900000e+00	4.000000e+00	5.060829e-05	1.198298e-04	1.198298e-04
4.000000e+00	4.100000e+00	5.250692e-04	3.855478e-04	3.855478e-04
4.100000e+00	4.200000e+00	2.785984e-05	8.891244e-05	8.891244e-05
4.200000e+00	4.300000e+00	1.234272e-04	1.871033e-04	1.871033e-04
4.300000e+00	4.400000e+00	9.280720e-04	5.120266e-04	5.120266e-04
4.400000e+00	4.500000e+00	2.947381e-04	2.889979e-04	2.889979e-04
4.500000e+00	4.600000e+00	1.485119e-04	2.052203e-04	2.052203e-04
4.600000e+00	4.700000e+00	3.923235e-06	3.336724e-05	3.336724e-05
4.700000e+00	4.800000e+00	9.262642e-05	1.620918e-04	1.620918e-04
4.800000e+00	4.900000e+00	1.542535e-06	2.092274e-05	2.092274e-05
4.900000e+00	5.000000e+00	1.476041e-05	6.471934e-05	6.471934e-05
5.000000e+00	5.100000e+00	4.643358e-06	3.630055e-05	3.630055e-05
5.100000e+00	5.200000e+00	2.464801e-06	2.644787e-05	2.644787e-05
5.200000e+00	5.300000e+00	1.300112e-05	6.074010e-05	6.074010e-05
5.300000e+00	5.400000e+00	1.307812e-05	6.091963e-05	6.091963e-05
5.400000e+00	5.500000e+00	2.135959e-05	7.785173e-05	7.785173e-05
5.500000e+00	5.600000e+00	7.222082e-06	4.527137e-05	4.527137e-05
5.600000e+00	5.700000e+00	5.414349e-05	1.239349e-04	1.239349e-04
5.700000e+00	5.800000e+00	7.060021e-06	4.476050e-05	4.476050e-05
5.800000e+00	5.900000e+00	7.655653e-05	1.473583e-04	1.473583e-04
5.900000e+00	6.000000e+00	4.671781e-06	3.641136e-05	3.641136e-05
6.000000e+00	6.100000e+00	3.828821e-04	3.291644e-04	3.291644e-04
6.100000e+00	6.200000e+00	1.390923e-05	6.282483e-05	6.282483e-05
6.200000e+00	6.300000e+00	3.116504e-05	9.403319e-05	9.403319e-05
6.300000e+00	6.400000e+00	5.983971e-04	4.110550e-04	4.110550e-04
6.400000e+00	6.500000e+00	7.776131e-05	1.485050e-04	1.485050e-04
6.500000e+00	6.600000e+00	7.156833e-06	4.506603e-05	4.506603e-05
6.600000e+00	6.700000e+00	2.570010e-05	8.539221e-05	8.539221e-05
6.700000e+00	6.800000e+00	7.144596e-06	4.502737e-05	4.502737e-05
6.800000e+00	6.900000e+00	5.242752e-05	1.219474e-04	1.219474e-04
6.900000e+00	7.000000e+00	1.326984e-04	1.939361e-04	1.939361e-04
7.000000e+00	7.100000e+00	7.921971e-04	4.722348e-04	4.722348e-04
7.100000e+00	7.200000e+00	2.941809e-04	2.884832e-04	2.884832e-04
7.200000e+00	7.300000e+00	1.276410e-03	5.978788e-04	5.978788e-04
7.300000e+00	7.400000e+00	1.005250e-03	5.308550e-04	5.308550e-04
7.400000e+00	7.500000e+00	1.989710e-04	2.373379e-04	2.373379e-04
7.500000e+00	7.600000e+00	3.631295e-04	3.203200e-04	3.203200e-04
7.600000e+00	7.700000e+00	6.871052e-04	4.396733e-04	4.396733e-04
7.700000e+00	7.800000e+00	1.035154e-03	5.383089e-04	5.383089e-04
7.800000e+00	7.900000e+00	4.489104e-04	3.557876e-04	3.557876e-04
7.900000e+00	8.000000e+00	2.044827e-05	7.616711e-05	7.616711e-05
8.000000e+00	8.100000e+00	3.374859e-04	3.086887e-04	3.086887e-04
8.100000e+00	8.200000e+00	5.507572e-06	3.953339e-05	3.953339e-05
8.200000e+00	8.300000e+00	1.082969e-03	5.494081e-04	5.494081e-04
8.300000e+00	8.400000e+00	7.138361e-04	4.475909e-04	4.475909e-04
8.400000e+00	8.500000e+00	9.687291e-05	1.656693e-04	1.656693e-04
8.500000e+00	8.600000e+00	4.012011e-04	3.361448e-04	3.361448e-04
8.600000e+00	8.700000e+00	3.717080e-04	3.236489e-04	3.236489e-04
8.700000e+00	8.800000e+00	5.596009e-04	3.962556e-04	3.962556e-04
8.800000e+00	8.900000e+00	4.640061e-04	3.611069e-04	3.611069e-04
8.900000e+00	9.000000e+00	3.684715e-04	3.220333e-04	3.220333e-04
9.000000e+00	9.100000e+00	2.652427e-04	2.734865e-04	2.734865e-04
9.100000e+00	9.200000e+00	1.167522e-03	5.671925e-04	5.671925e-04
9.200000e+00	9.300000e+00	3.449889e-04	3.114440e-04	3.114440e-04
9.300000e+00	9.400000e+00	5.533557e-04	3.931442e-04	3.931442e-04
9.400000e+00	9.500000e+00	6.288417e-04	4.182952e-04	4.182952e-04
9.500000e+00	9.600000e+00	1.397534e-03	6.165910e-04	6.165910e-04
9.600000e+00	9.700000e+00	1.969190e-04	2.356362e-04	2.356362e-04
9.700000e+00	9.800000e+00	6.352833e-04	4.201934e-04	4.201934e-04
9.800000e+00	9.900000e+00	8.858393e-04	4.931977e-04	4.931977e-04
9.900000e+00	1.000000e+01	1.832531e-03	6.963582e-04	6.963582e-04
1.000000e+01	1.010000e+01	1.204462e-03	5.691133e-04	5.691133e-04
1.010000e+01	1.020000e+01	4.186728e-04	3.412590e-04	3.412590e-04
1.020000e+01	1.030000e+01	1.178461e-03	5.604400e-04	5.604400e-04
1.030000e+01	1.040000e+01	6.746624e-04	4.292251e-04	4.292251e-04
1.040000e+01	1.050000e+01	6.075348e-04	4.070099e-04	4.070099e-04
1.050000e+01	1.060000e+01	1.222939e-03	5.638147e-04	5.638147e-04
1.060000e+01	1.070000e+01	5.120104e-04	3.736329e-04	3.736329e-04
1.070000e+01	1.080000e+01	1.152848e-03	5.440353e-04	5.440353e-04
1.080000e+01	1.090000e+01	1.341724e-03	5.809440e-04	5.809440e-04
1.090000e+01	1.100000e+01	6.357083e-04	4.132528e-04	4.132528e-04
1.100000e+01	1.110000e+01	1.019222e-03	5.119656e-04	5.119656e-04
1.110000e+01	1.120000e+01	9.730414e-04	5.000451e-04	5.000451e-04
1.120000e+01	1.130000e+01	2.089732e-03	6.775325e-04	6.775325e-04
1.130000e+01	1.140000e+01	1.633614e-03	6.210647e-04	6.210647e-04
1.140000e+01	1.150000e+01	1.016293e-03	4.970169e-04	4.970169e-04
1.150000e+01	1.160000e+01	1.702255e-04	2.157161e-04	2.157161e-04
1.160000e+01	1.170000e+01	6.037487e-04	3.895897e-04	3.895897e-04
1.170000e+01	1.180000e+01	2.152149e-04	2.398119e-04	2.398119e-04
1.180000e+01	1.190000e+01	1.813755e-04	2.197406e-04	2.197406e-04
1.190000e+01	1.200000e+01	1.710996e-04	2.125439e-04	2.125439e-04
1.200000e+01	1.210000e+01	1.021130e-04	1.647325e-04	1.647325e-04
1.210000e+01	1.220000e+01	1.250441e-04	1.820398e-04	1.820398e-04
1.220000e+01	1.230000e+01	1.392619e-04	1.904859e-04	1.904859e-04
1.230000e+01	1.240000e+01	4.652762e-06	3.628518e-05	3.628518e-05
1.240000e+01	1.250000e+01	1.591586e-04	1.955663e-04	1.955663e-04
1.250000e+01	1.260000e+01	1.118047e-04	1.672514e-04	1.672514e-04
1.260000e+01	1.270000e+01	3.638492e-05	9.914626e-05	9.914626e-05
1.270000e+01	1.280000e+01	4.388725e-04	2.827836e-04	2.827836e-04
1.280000e+01	1.290000e+01	3.172568e-04	2.284013e-04	2.284013e-04
1.290000e+01	1.300000e+01	3.134402e-04	2.491666e-04	2.491666e-04
1.300000e+01	1.310000e+01	1.951085e-04	2.065209e-04	2.065209e-04
1.310000e+01	1.320000e+01	1.537931e-09	6.606471e-07	6.606471e-07
1.320000e+01	1.330000e+01	1.414307e-04	1.000066e-04	1.000066e-04
1.330000e+01	1.340000e+01	1.265605e-04	1.621155e-04	1.621155e-04
1.340000e+01	1.350000e+01	1.414307e-04	1.000066e-04	1.000066e-04
1.350000e+01	1.360000e+01	1.414307e-04	1.000066e-04	1.000066e-04
1.360000e+01	1.370000e+01	1.537931e-09	6.606471e-07	6.606471e-07
1.370000e+01	1.380000e+01	7.071535e-05	7.071536e-05	7.071536e-05
1.380000e+01	1.390000e+01	0.000000e+00	0.000000e+00	0.000000e+00
1.390000e+01	1.400000e+01	7.071535e-05	7.071536e-05	7.071536e-05
1.400000e+01	1.410000e+01	7.071535e-05	7.071536e-05	7.071536e-05
1.410000e+01	1.420000e+01	7.071535e-05	7.071536e-05	7.071536e-05
1.420000e+01	1.430000e+01	7.118250e-05	7.118248e-05	7.118248e-05
1.430000e+01	1.440000e+01	7.071535e-05	7.071536e-05	7.071536e-05
1.440000e+01	1.450000e+01	0.000000e+00	0.000000e+00	0.000000e+00
1.450000e+01	1.460000e+01	0.000000e+00	0.000000e+00	0.000000e+00
1.460000e+01	1.470000e+01	7.118250e-05	7.118248e-05	7.118248e-05
1.470000e+01	1.480000e+01	7.118250e-05	7.118248e-05	7.118248e-05
1.480000e+01	1.490000e+01	0.000000e+00	0.000000e+00	0.000000e+00
1.490000e+01	1.500000e+01	1.414307e-04	1.000066e-04	1.000066e-04
# END HISTO1D

# BEGIN HISTO1D //home/frederic/Work/Software/LesHouches2017/lh2017-alphas/pythia-alphas/robustness/gluon-as013650-as015015-parton.yoda/MC_LHJSS_Zjet/log_Angularity_zcut_0.05_beta_0_alpha_2
LineColor=blue
LineStyle=solid
NormalizeToSum=1
Path=//home/frederic/Work/Software/LesHouches2017/lh2017-alphas/pythia-alphas/robustness/gluon-as013650-as015015-parton.yoda/MC_LHJSS_Zjet/log_Angularity_zcut_0.05_beta_0_alpha_2
ScaledBy=1.0
Title=gluon-as013650-as015015-parton
XLabel=
YLabel=
# xlow	 xhigh	 val	 errminus	 errplus
0.000000e+00	1.000000e-01	1.431332e-04	1.012104e-04	1.012104e-04
1.000000e-01	2.000000e-01	2.067292e-09	7.682479e-07	7.682479e-07
2.000000e-01	3.000000e-01	4.134046e-09	1.086396e-06	1.086396e-06
3.000000e-01	4.000000e-01	4.396120e-05	1.102933e-04	1.102933e-04
4.000000e-01	5.000000e-01	1.264234e-04	1.872810e-04	1.872810e-04
5.000000e-01	6.000000e-01	1.002950e-04	1.680072e-04	1.680072e-04
6.000000e-01	7.000000e-01	3.041438e-04	2.917898e-04	2.917898e-04
7.000000e-01	8.000000e-01	2.294521e-05	8.090447e-05	8.090447e-05
8.000000e-01	9.000000e-01	2.221969e-07	7.964701e-06	7.964701e-06
9.000000e-01	1.000000e+00	7.556844e-07	1.468821e-05	1.468821e-05
1.000000e+00	1.100000e+00	2.872409e-04	2.858152e-04	2.858152e-04
1.100000e+00	1.200000e+00	2.280145e-05	8.067320e-05	8.067320e-05
1.200000e+00	1.300000e+00	4.671206e-04	3.643947e-04	3.643947e-04
1.300000e+00	1.400000e+00	3.337331e-05	9.759816e-05	9.759816e-05
1.400000e+00	1.500000e+00	1.659198e-04	2.175194e-04	2.175194e-04
1.500000e+00	1.600000e+00	1.378676e-04	1.983123e-04	1.983123e-04
1.600000e+00	1.700000e+00	5.283143e-04	3.878096e-04	3.878096e-04
1.700000e+00	1.800000e+00	9.119278e-04	5.090961e-04	5.090961e-04
1.800000e+00	1.900000e+00	7.903776e-04	4.741646e-04	4.741646e-04
1.900000e+00	2.000000e+00	1.403857e-04	2.001396e-04	2.001396e-04
2.000000e+00	2.100000e+00	2.192611e-04	2.500852e-04	2.500852e-04
2.100000e+00	2.200000e+00	1.077198e-03	5.534148e-04	5.534148e-04
2.200000e+00	2.300000e+00	2.649619e-04	2.749095e-04	2.749095e-04
2.300000e+00	2.400000e+00	8.220133e-04	4.837282e-04	4.837282e-04
2.400000e+00	2.500000e+00	7.034105e-04	4.475945e-04	4.475945e-04
2.500000e+00	2.600000e+00	8.180427e-04	4.826284e-04	4.826284e-04
2.600000e+00	2.700000e+00	2.321404e-04	2.573415e-04	2.573415e-04
2.700000e+00	2.800000e+00	4.764858e-04	3.685436e-04	3.685436e-04
2.800000e+00	2.900000e+00	3.843237e-04	3.310378e-04	3.310378e-04
2.900000e+00	3.000000e+00	6.735037e-04	4.380159e-04	4.380159e-04
3.000000e+00	3.100000e+00	9.247743e-09	1.624873e-06	1.624873e-06
3.100000e+00	3.200000e+00	5.761277e-05	1.282380e-04	1.282380e-04
3.200000e+00	3.300000e+00	5.906524e-05	1.298444e-04	1.298444e-04
3.300000e+00	3.400000e+00	2.011021e-07	7.577218e-06	7.577218e-06
3.400000e+00	3.500000e+00	2.122328e-05	7.783767e-05	7.783767e-05
3.500000e+00	3.600000e+00	6.441139e-04	4.283062e-04	4.283062e-04
3.600000e+00	3.700000e+00	1.347805e-04	1.961086e-04	1.961086e-04
3.700000e+00	3.800000e+00	5.106564e-05	1.207316e-04	1.207316e-04
3.800000e+00	3.900000e+00	8.891264e-06	5.038197e-05	5.038197e-05
3.900000e+00	4.000000e+00	7.156421e-04	4.513257e-04	4.513257e-04
4.000000e+00	4.100000e+00	1.290525e-05	6.069773e-05	6.069773e-05
4.100000e+00	4.200000e+00	2.132422e-04	2.466166e-04	2.466166e-04
4.200000e+00	4.300000e+00	8.352360e-05	1.543920e-04	1.543920e-04
4.300000e+00	4.400000e+00	1.316700e-04	1.938250e-04	1.938250e-04
4.400000e+00	4.500000e+00	6.299924e-06	4.240945e-05	4.240945e-05
4.500000e+00	4.600000e+00	3.689291e-05	1.026200e-04	1.026200e-04
4.600000e+00	4.700000e+00	2.057759e-04	2.422479e-04	2.422479e-04
4.700000e+00	4.800000e+00	3.682991e-05	1.025319e-04	1.025319e-04
4.800000e+00	4.900000e+00	1.694476e-05	6.955043e-05	6.955043e-05
4.900000e+00	5.000000e+00	3.840851e-06	3.311392e-05	3.311392e-05
5.000000e+00	5.100000e+00	1.488168e-06	2.061227e-05	2.061227e-05
5.100000e+00	5.200000e+00	1.267274e-04	1.901382e-04	1.901382e-04
5.200000e+00	5.300000e+00	4.166304e-05	1.090490e-04	1.090490e-04
5.300000e+00	5.400000e+00	1.970947e-05	7.500879e-05	7.500879e-05
5.400000e+00	5.500000e+00	8.791532e-05	1.583828e-04	1.583828e-04
5.500000e+00	5.600000e+00	1.339630e-05	6.184076e-05	6.184076e-05
5.600000e+00	5.700000e+00	4.243569e-05	1.100533e-04	1.100533e-04
5.700000e+00	5.800000e+00	3.875886e-04	3.321555e-04	3.321555e-04
5.800000e+00	5.900000e+00	3.745115e-04	3.265350e-04	3.265350e-04
5.900000e+00	6.000000e+00	5.262057e-04	3.868247e-04	3.868247e-04
6.000000e+00	6.100000e+00	8.733539e-05	1.578487e-04	1.578487e-04
6.100000e+00	6.200000e+00	1.282671e-04	1.912649e-04	1.912649e-04
6.200000e+00	6.300000e+00	4.180693e-04	3.448340e-04	3.448340e-04
6.300000e+00	6.400000e+00	1.058085e-05	5.495923e-05	5.495923e-05
6.400000e+00	6.500000e+00	3.004182e-04	2.924537e-04	2.924537e-04
6.500000e+00	6.600000e+00	3.489641e-04	3.151095e-04	3.151095e-04
6.600000e+00	6.700000e+00	1.023187e-04	1.708286e-04	1.708286e-04
6.700000e+00	6.800000e+00	3.073918e-07	9.368006e-06	9.368006e-06
6.800000e+00	6.900000e+00	4.015144e-04	3.378454e-04	3.378454e-04
6.900000e+00	7.000000e+00	2.037646e-04	2.409343e-04	2.409343e-04
7.000000e+00	7.100000e+00	9.057604e-05	1.607222e-04	1.607222e-04
7.100000e+00	7.200000e+00	2.491838e-04	2.663158e-04	2.663158e-04
7.200000e+00	7.300000e+00	1.016000e-04	1.702058e-04	1.702058e-04
7.300000e+00	7.400000e+00	8.382727e-07	1.547005e-05	1.547005e-05
7.400000e+00	7.500000e+00	2.969468e-07	9.207466e-06	9.207466e-06
7.500000e+00	7.600000e+00	3.086229e-04	2.961936e-04	2.961936e-04
7.600000e+00	7.700000e+00	2.395736e-06	2.615254e-05	2.615254e-05
7.700000e+00	7.800000e+00	3.905458e-05	1.055614e-04	1.055614e-04
7.800000e+00	7.900000e+00	2.916981e-04	2.878670e-04	2.878670e-04
7.900000e+00	8.000000e+00	9.053935e-04	5.045557e-04	5.045557e-04
8.000000e+00	8.100000e+00	1.569456e-04	2.113880e-04	2.113880e-04
8.100000e+00	8.200000e+00	1.495538e-03	6.442248e-04	6.442248e-04
8.200000e+00	8.300000e+00	4.749478e-05	1.163901e-04	1.163901e-04
8.300000e+00	8.400000e+00	8.551610e-04	4.897885e-04	4.897885e-04
8.400000e+00	8.500000e+00	4.848013e-04	3.702177e-04	3.702177e-04
8.500000e+00	8.600000e+00	8.120037e-04	4.766676e-04	4.766676e-04
8.600000e+00	8.700000e+00	9.900970e-04	5.251313e-04	5.251313e-04
8.700000e+00	8.800000e+00	8.207139e-04	4.786729e-04	4.786729e-04
8.800000e+00	8.900000e+00	1.059988e-03	5.417409e-04	5.417409e-04
8.900000e+00	9.000000e+00	2.298129e-03	7.786077e-04	7.786077e-04
9.000000e+00	9.100000e+00	1.143142e-03	5.606182e-04	5.606182e-04
9.100000e+00	9.200000e+00	9.638273e-04	5.149157e-04	5.149157e-04
9.200000e+00	9.300000e+00	7.755578e-04	4.639128e-04	4.639128e-04
9.300000e+00	9.400000e+00	1.796296e-03	6.871093e-04	6.871093e-04
9.400000e+00	9.500000e+00	1.503209e-03	6.306695e-04	6.306695e-04
9.500000e+00	9.600000e+00	1.332425e-03	5.957297e-04	5.957297e-04
9.600000e+00	9.700000e+00	1.766179e-03	6.791621e-04	6.791621e-04
9.700000e+00	9.800000e+00	3.007152e-03	8.421507e-04	8.421507e-04
9.800000e+00	9.900000e+00	4.398964e-04	3.501139e-04	3.501139e-04
9.900000e+00	1.000000e+01	1.117136e-03	5.423254e-04	5.423254e-04
1.000000e+01	1.010000e+01	9.619436e-04	5.040304e-04	5.040304e-04
1.010000e+01	1.020000e+01	1.233314e-03	5.645867e-04	5.645867e-04
1.020000e+01	1.030000e+01	9.406537e-04	4.939082e-04	4.939082e-04
1.030000e+01	1.040000e+01	1.750311e-03	6.362300e-04	6.362300e-04
1.040000e+01	1.050000e+01	8.239318e-04	4.618488e-04	4.618488e-04
1.050000e+01	1.060000e+01	8.120403e-04	4.524361e-04	4.524361e-04
1.060000e+01	1.070000e+01	7.073739e-04	4.274154e-04	4.274154e-04
1.070000e+01	1.080000e+01	9.369320e-04	4.685357e-04	4.685357e-04
1.080000e+01	1.090000e+01	4.451693e-04	3.415439e-04	3.415439e-04
1.090000e+01	1.100000e+01	7.218605e-04	4.270489e-04	4.270489e-04
1.100000e+01	1.110000e+01	5.215659e-04	3.657502e-04	3.657502e-04
1.110000e+01	1.120000e+01	1.088339e-03	4.793613e-04	4.793613e-04
1.120000e+01	1.130000e+01	1.618542e-04	2.096702e-04	2.096702e-04
1.130000e+01	1.140000e+01	8.333551e-04	4.201360e-04	4.201360e-04
1.140000e+01	1.150000e+01	4.114593e-04	3.161156e-04	3.161156e-04
1.150000e+01	1.160000e+01	3.911951e-04	3.065918e-04	3.065918e-04
1.160000e+01	1.170000e+01	2.280304e-04	2.425994e-04	2.425994e-04
1.170000e+01	1.180000e+01	3.012179e-04	2.676689e-04	2.676689e-04
1.180000e+01	1.190000e+01	3.268050e-05	9.571570e-05	9.571570e-05
1.190000e+01	1.200000e+01	2.121106e-04	2.220119e-04	2.220119e-04
1.200000e+01	1.210000e+01	6.201338e-09	1.330587e-06	1.330587e-06
1.210000e+01	1.220000e+01	1.127894e-04	1.684614e-04	1.684614e-04
1.220000e+01	1.230000e+01	2.780174e-05	8.777982e-05	8.777982e-05
1.230000e+01	1.240000e+01	8.010336e-05	1.466048e-04	1.466048e-04
1.240000e+01	1.250000e+01	3.100803e-09	9.408872e-07	9.408872e-07
1.250000e+01	1.260000e+01	2.135475e-04	1.232917e-04	1.232917e-04
1.260000e+01	1.270000e+01	9.072315e-05	1.495608e-04	1.495608e-04
1.270000e+01	1.280000e+01	2.342995e-05	7.835554e-05	7.835554e-05
1.280000e+01	1.290000e+01	7.118250e-05	7.118248e-05	7.118248e-05
1.290000e+01	1.300000e+01	1.423650e-04	1.006672e-04	1.006672e-04
1.300000e+01	1.310000e+01	1.423650e-04	1.006672e-04	1.006672e-04
1.310000e+01	1.320000e+01	1.033511e-09	5.431978e-07	5.431978e-07
1.320000e+01	1.330000e+01	7.156660e-05	7.156659e-05	7.156659e-05
1.330000e+01	1.340000e+01	7.118250e-05	7.118248e-05	7.118248e-05
1.340000e+01	1.350000e+01	0.000000e+00	0.000000e+00	0.000000e+00
1.350000e+01	1.360000e+01	7.156660e-05	7.156659e-05	7.156659e-05
1.360000e+01	1.370000e+01	7.118250e-05	7.118248e-05	7.118248e-05
1.370000e+01	1.380000e+01	0.000000e+00	0.000000e+00	0.000000e+00
1.380000e+01	1.390000e+01	7.156660e-05	7.156659e-05	7.156659e-05
1.390000e+01	1.400000e+01	0.000000e+00	0.000000e+00	0.000000e+00
1.400000e+01	1.410000e+01	0.000000e+00	0.000000e+00	0.000000e+00
1.410000e+01	1.420000e+01	0.000000e+00	0.000000e+00	0.000000e+00
1.420000e+01	1.430000e+01	7.118250e-05	7.118248e-05	7.118248e-05
1.430000e+01	1.440000e+01	0.000000e+00	0.000000e+00	0.000000e+00
1.440000e+01	1.450000e+01	0.000000e+00	0.000000e+00	0.000000e+00
1.450000e+01	1.460000e+01	0.000000e+00	0.000000e+00	0.000000e+00
1.460000e+01	1.470000e+01	7.118250e-05	7.118248e-05	7.118248e-05
1.470000e+01	1.480000e+01	1.033511e-09	5.431978e-07	5.431978e-07
1.480000e+01	1.490000e+01	0.000000e+00	0.000000e+00	0.000000e+00
1.490000e+01	1.500000e+01	0.000000e+00	0.000000e+00	0.000000e+00
# END HISTO1D

# BEGIN HISTO1D //home/frederic/Work/Software/LesHouches2017/lh2017-alphas/pythia-alphas/robustness/as013650-gluon-robustness.yoda/MC_LHJSS_Zjet/log_Angularity_zcut_0.05_beta_0_alpha_2
LineColor=green
LineStyle=solid
NormalizeToSum=1
Path=//home/frederic/Work/Software/LesHouches2017/lh2017-alphas/pythia-alphas/robustness/as013650-gluon-robustness.yoda/MC_LHJSS_Zjet/log_Angularity_zcut_0.05_beta_0_alpha_2
ScaledBy=1.0
Title=as013650-gluon-robustness
XLabel=
YLabel=
# xlow	 xhigh	 val	 errminus	 errplus
0.000000e+00	1.000000e-01	0.000000e+00	0.000000e+00	0.000000e+00
1.000000e-01	2.000000e-01	1.423649e-04	1.006672e-04	1.006672e-04
2.000000e-01	3.000000e-01	7.340328e-04	6.662837e-04	6.662837e-04
3.000000e-01	4.000000e-01	6.505757e-05	2.289116e-04	2.289116e-04
4.000000e-01	5.000000e-01	4.950351e-05	2.027220e-04	2.027220e-04
5.000000e-01	6.000000e-01	2.539814e-04	4.545456e-04	4.545456e-04
6.000000e-01	7.000000e-01	9.558309e-05	2.824285e-04	2.824285e-04
7.000000e-01	8.000000e-01	1.534253e-05	1.134886e-04	1.134886e-04
8.000000e-01	9.000000e-01	3.401980e-05	1.689686e-04	1.689686e-04
9.000000e-01	1.000000e+00	1.040744e-04	2.953661e-04	2.953661e-04
1.000000e+00	1.100000e+00	1.012769e-04	2.914622e-04	2.914622e-04
1.100000e+00	1.200000e+00	5.429652e-07	2.135569e-05	2.135569e-05
1.200000e+00	1.300000e+00	1.897475e-04	3.988659e-04	3.988659e-04
1.300000e+00	1.400000e+00	2.135646e-04	4.231814e-04	4.231814e-04
1.400000e+00	1.500000e+00	2.754120e-04	4.805186e-04	4.805186e-04
1.500000e+00	1.600000e+00	9.602018e-04	8.956216e-04	8.956216e-04
1.600000e+00	1.700000e+00	1.440202e-05	1.099822e-04	1.099822e-04
1.700000e+00	1.800000e+00	4.863916e-05	2.020989e-04	2.020989e-04
1.800000e+00	1.900000e+00	3.447182e-04	5.376652e-04	5.376652e-04
1.900000e+00	2.000000e+00	4.747171e-05	1.996642e-04	1.996642e-04
2.000000e+00	2.100000e+00	5.122581e-05	2.074089e-04	2.074089e-04
2.100000e+00	2.200000e+00	1.357374e-04	3.375674e-04	3.375674e-04
2.200000e+00	2.300000e+00	4.685684e-05	1.983712e-04	1.983712e-04
2.300000e+00	2.400000e+00	4.274052e-05	1.894584e-04	1.894584e-04
2.400000e+00	2.500000e+00	4.127589e-05	1.861852e-04	1.861852e-04
2.500000e+00	2.600000e+00	2.203002e-04	4.300090e-04	4.300090e-04
2.600000e+00	2.700000e+00	1.241138e-04	3.228116e-04	3.228116e-04
2.700000e+00	2.800000e+00	3.152885e-04	5.143508e-04	5.143508e-04
2.800000e+00	2.900000e+00	4.640168e-07	1.974219e-05	1.974219e-05
2.900000e+00	3.000000e+00	2.752330e-05	1.520402e-04	1.520402e-04
3.000000e+00	3.100000e+00	1.420889e-08	3.454689e-06	3.454689e-06
3.100000e+00	3.200000e+00	3.964323e-06	5.770458e-05	5.770458e-05
3.200000e+00	3.300000e+00	4.225339e-05	1.883770e-04	1.883770e-04
3.300000e+00	3.400000e+00	1.217702e-03	1.008910e-03	1.008910e-03
3.400000e+00	3.500000e+00	3.664404e-06	5.547883e-05	5.547883e-05
3.500000e+00	3.600000e+00	3.772875e-04	5.624944e-04	5.624944e-04
3.600000e+00	3.700000e+00	2.275543e-06	4.371891e-05	4.371891e-05
3.700000e+00	3.800000e+00	2.602445e-05	1.478413e-04	1.478413e-04
3.800000e+00	3.900000e+00	7.307309e-04	7.821175e-04	7.821175e-04
3.900000e+00	4.000000e+00	1.291671e-04	3.292927e-04	3.292927e-04
4.000000e+00	4.100000e+00	3.453445e-04	5.381520e-04	5.381520e-04
4.100000e+00	4.200000e+00	5.926901e-06	7.055642e-05	7.055642e-05
4.200000e+00	4.300000e+00	5.630710e-04	6.867599e-04	6.867599e-04
4.300000e+00	4.400000e+00	7.229283e-06	7.792365e-05	7.792365e-05
4.400000e+00	4.500000e+00	1.697758e-04	3.774674e-04	3.774674e-04
4.500000e+00	4.600000e+00	1.413833e-04	3.444777e-04	3.444777e-04
4.600000e+00	4.700000e+00	2.547497e-07	1.462802e-05	1.462802e-05
4.700000e+00	4.800000e+00	1.613616e-04	3.680026e-04	3.680026e-04
4.800000e+00	4.900000e+00	4.233520e-04	5.956112e-04	5.956112e-04
4.900000e+00	5.000000e+00	2.917956e-05	1.565422e-04	1.565422e-04
5.000000e+00	5.100000e+00	3.393206e-04	5.333746e-04	5.333746e-04
5.100000e+00	5.200000e+00	1.238502e-03	1.015731e-03	1.015731e-03
5.200000e+00	5.300000e+00	2.024273e-04	4.120729e-04	4.120729e-04
5.300000e+00	5.400000e+00	3.457816e-04	5.383722e-04	5.383722e-04
5.400000e+00	5.500000e+00	2.924300e-06	4.956049e-05	4.956049e-05
5.500000e+00	5.600000e+00	1.625338e-04	3.692782e-04	3.692782e-04
5.600000e+00	5.700000e+00	7.742521e-06	8.064152e-05	8.064152e-05
5.700000e+00	5.800000e+00	3.129877e-04	5.121932e-04	5.121932e-04
5.800000e+00	5.900000e+00	1.096231e-04	3.033240e-04	3.033240e-04
5.900000e+00	6.000000e+00	1.382413e-07	1.077575e-05	1.077575e-05
6.000000e+00	6.100000e+00	8.305492e-05	2.640356e-04	2.640356e-04
6.100000e+00	6.200000e+00	7.768694e-04	8.050800e-04	8.050800e-04
6.200000e+00	6.300000e+00	3.996084e-05	1.831773e-04	1.831773e-04
6.300000e+00	6.400000e+00	1.294791e-04	3.295776e-04	3.295776e-04
6.400000e+00	6.500000e+00	4.453582e-04	6.105279e-04	6.105279e-04
6.500000e+00	6.600000e+00	4.795396e-06	6.346464e-05	6.346464e-05
6.600000e+00	6.700000e+00	8.302450e-07	2.640768e-05	2.640768e-05
6.700000e+00	6.800000e+00	2.580522e-05	1.472062e-04	1.472062e-04
6.800000e+00	6.900000e+00	2.190732e-06	4.289620e-05	4.289620e-05
6.900000e+00	7.000000e+00	2.962702e-06	4.988459e-05	4.988459e-05
7.000000e+00	7.100000e+00	1.279315e-04	3.275804e-04	3.275804e-04
7.100000e+00	7.200000e+00	2.028448e-05	1.305145e-04	1.305145e-04
7.200000e+00	7.300000e+00	8.195197e-04	8.261392e-04	8.261392e-04
7.300000e+00	7.400000e+00	1.462780e-03	1.099176e-03	1.099176e-03
7.400000e+00	7.500000e+00	1.007840e-03	9.149231e-04	9.149231e-04
7.500000e+00	7.600000e+00	5.746746e-04	6.924633e-04	6.924633e-04
7.600000e+00	7.700000e+00	1.898418e-03	1.249246e-03	1.249246e-03
7.700000e+00	7.800000e+00	9.613885e-04	8.930662e-04	8.930662e-04
7.800000e+00	7.900000e+00	2.163164e-03	1.330123e-03	1.330123e-03
7.900000e+00	8.000000e+00	1.224115e-03	1.006439e-03	1.006439e-03
8.000000e+00	8.100000e+00	9.000774e-04	8.640450e-04	8.640450e-04
8.100000e+00	8.200000e+00	2.115735e-04	4.209147e-04	4.209147e-04
8.200000e+00	8.300000e+00	1.485505e-03	1.104178e-03	1.104178e-03
8.300000e+00	8.400000e+00	8.248968e-04	8.272490e-04	8.272490e-04
8.400000e+00	8.500000e+00	8.189378e-05	2.620898e-04	2.620898e-04
8.500000e+00	8.600000e+00	8.082715e-05	2.603504e-04	2.603504e-04
8.600000e+00	8.700000e+00	6.948746e-05	2.414065e-04	2.414065e-04
8.700000e+00	8.800000e+00	1.307291e-04	3.308324e-04	3.308324e-04
8.800000e+00	8.900000e+00	1.840961e-06	3.932256e-05	3.932256e-05
8.900000e+00	9.000000e+00	6.639255e-04	7.392625e-04	7.392625e-04
9.000000e+00	9.100000e+00	2.043735e-04	4.130791e-04	4.130791e-04
9.100000e+00	9.200000e+00	5.490566e-04	6.721139e-04	6.721139e-04
9.200000e+00	9.300000e+00	1.998515e-03	1.238603e-03	1.238603e-03
9.300000e+00	9.400000e+00	3.249713e-07	1.652148e-05	1.652148e-05
9.400000e+00	9.500000e+00	2.399133e-04	4.466167e-04	4.466167e-04
9.500000e+00	9.600000e+00	1.101500e-03	9.338987e-04	9.338987e-04
9.600000e+00	9.700000e+00	3.020476e-03	1.446431e-03	1.446431e-03
9.700000e+00	9.800000e+00	2.132669e-03	1.251263e-03	1.251263e-03
9.800000e+00	9.900000e+00	3.400201e-04	5.293759e-04	5.293759e-04
9.900000e+00	1.000000e+01	2.741859e-03	1.314182e-03	1.314182e-03
1.000000e+01	1.010000e+01	4.392369e-04	5.973846e-04	5.973846e-04
1.010000e+01	1.020000e+01	7.407898e-04	7.663113e-04	7.663113e-04
1.020000e+01	1.030000e+01	5.076925e-04	6.371038e-04	6.371038e-04
1.030000e+01	1.040000e+01	1.321420e-03	9.720423e-04	9.720423e-04
1.040000e+01	1.050000e+01	8.697077e-04	8.076302e-04	8.076302e-04
1.050000e+01	1.060000e+01	2.327250e-04	4.354510e-04	4.354510e-04
1.060000e+01	1.070000e+01	2.115334e-03	1.025002e-03	1.025002e-03
1.070000e+01	1.080000e+01	5.379248e-04	6.374070e-04	6.374070e-04
1.080000e+01	1.090000e+01	1.817903e-03	8.539926e-04	8.539926e-04
1.090000e+01	1.100000e+01	7.562608e-04	7.424468e-04	7.424468e-04
1.100000e+01	1.110000e+01	1.125284e-03	8.216276e-04	8.216276e-04
1.110000e+01	1.120000e+01	1.009004e-03	7.883372e-04	7.883372e-04
1.120000e+01	1.130000e+01	3.331650e-04	4.963285e-04	4.963285e-04
1.130000e+01	1.140000e+01	5.722393e-04	6.275322e-04	6.275322e-04
1.140000e+01	1.150000e+01	2.899023e-04	4.662853e-04	4.662853e-04
1.150000e+01	1.160000e+01	5.921211e-04	5.921593e-04	5.921593e-04
1.160000e+01	1.170000e+01	1.210102e-03	2.934929e-04	2.934929e-04
1.170000e+01	1.180000e+01	3.118819e-04	4.599873e-04	4.599873e-04
1.180000e+01	1.190000e+01	1.665828e-04	3.509575e-04	3.509575e-04
1.190000e+01	1.200000e+01	6.406425e-04	2.135475e-04	2.135475e-04
1.200000e+01	1.210000e+01	4.270949e-04	1.743608e-04	1.743608e-04
1.210000e+01	1.220000e+01	2.637844e-05	1.470346e-04	1.470346e-04
1.220000e+01	1.230000e+01	4.270949e-04	1.743608e-04	1.743608e-04
1.230000e+01	1.240000e+01	6.406425e-04	2.135475e-04	2.135475e-04
1.240000e+01	1.250000e+01	2.135475e-04	1.232917e-04	1.232917e-04
1.250000e+01	1.260000e+01	2.135475e-04	1.232917e-04	1.232917e-04
1.260000e+01	1.270000e+01	3.559124e-04	1.591689e-04	1.591689e-04
1.270000e+01	1.280000e+01	1.423649e-04	1.006672e-04	1.006672e-04
1.280000e+01	1.290000e+01	7.118250e-05	7.118248e-05	7.118248e-05
1.290000e+01	1.300000e+01	1.423650e-04	1.006672e-04	1.006672e-04
1.300000e+01	1.310000e+01	1.423650e-04	1.006672e-04	1.006672e-04
1.310000e+01	1.320000e+01	7.118250e-05	7.118248e-05	7.118248e-05
1.320000e+01	1.330000e+01	0.000000e+00	0.000000e+00	0.000000e+00
1.330000e+01	1.340000e+01	7.118250e-05	7.118248e-05	7.118248e-05
1.340000e+01	1.350000e+01	0.000000e+00	0.000000e+00	0.000000e+00
1.350000e+01	1.360000e+01	0.000000e+00	0.000000e+00	0.000000e+00
1.360000e+01	1.370000e+01	7.118250e-05	7.118248e-05	7.118248e-05
1.370000e+01	1.380000e+01	0.000000e+00	0.000000e+00	0.000000e+00
1.380000e+01	1.390000e+01	0.000000e+00	0.000000e+00	0.000000e+00
1.390000e+01	1.400000e+01	0.000000e+00	0.000000e+00	0.000000e+00
1.400000e+01	1.410000e+01	0.000000e+00	0.000000e+00	0.000000e+00
1.410000e+01	1.420000e+01	0.000000e+00	0.000000e+00	0.000000e+00
1.420000e+01	1.430000e+01	7.118250e-05	7.118248e-05	7.118248e-05
1.430000e+01	1.440000e+01	0.000000e+00	0.000000e+00	0.000000e+00
1.440000e+01	1.450000e+01	0.000000e+00	0.000000e+00	0.000000e+00
1.450000e+01	1.460000e+01	0.000000e+00	0.000000e+00	0.000000e+00
1.460000e+01	1.470000e+01	7.118250e-05	7.118248e-05	7.118248e-05
1.470000e+01	1.480000e+01	7.118250e-05	7.118248e-05	7.118248e-05
1.480000e+01	1.490000e+01	0.000000e+00	0.000000e+00	0.000000e+00
1.490000e+01	1.500000e+01	0.000000e+00	0.000000e+00	0.000000e+00
# END HISTO1D

