# BEGIN PLOT
LegendOnly=//home/frederic/Work/Software/LesHouches2017/lh2017-alphas/pythia-alphas/robustness/eff-as015015-quark.yoda/MC_LHJSS_Zjet/log_Angularity_zcut_0.05_beta_1_alpha_0.5 //home/frederic/Work/Software/LesHouches2017/lh2017-alphas/pythia-alphas/robustness/eff-as015015-gluon.yoda/MC_LHJSS_Zjet/log_Angularity_zcut_0.05_beta_1_alpha_0.5
DrawOnly=//home/frederic/Work/Software/LesHouches2017/lh2017-alphas/pythia-alphas/robustness/eff-as015015-quark.yoda/MC_LHJSS_Zjet/log_Angularity_zcut_0.05_beta_1_alpha_0.5 //home/frederic/Work/Software/LesHouches2017/lh2017-alphas/pythia-alphas/robustness/eff-as015015-gluon.yoda/MC_LHJSS_Zjet/log_Angularity_zcut_0.05_beta_1_alpha_0.5
Title=Angularity, $\alpha$ = 0.5 $z_{cut}$ = 0.05 $\beta$ = 1
RatioPlot=1
LogX=0
LogY=0
RatioPlotYLabel=Ratio
RatioPlotReference=//home/frederic/Work/Software/LesHouches2017/lh2017-alphas/pythia-alphas/robustness/eff-as015015-quark.yoda/MC_LHJSS_Zjet/log_Angularity_zcut_0.05_beta_1_alpha_0.5
XLabel=$e_\alpha$
YLabel=$1/\sigma \text{d}\sigma/\text{d}e_\alpha$
Legend=1
# END PLOT

# BEGIN HISTO1D //home/frederic/Work/Software/LesHouches2017/lh2017-alphas/pythia-alphas/robustness/eff-as015015-quark.yoda/MC_LHJSS_Zjet/log_Angularity_zcut_0.05_beta_1_alpha_0.5
LineColor=red
LineStyle=solid
NormalizeToSum=1
Path=//home/frederic/Work/Software/LesHouches2017/lh2017-alphas/pythia-alphas/robustness/eff-as015015-quark.yoda/MC_LHJSS_Zjet/log_Angularity_zcut_0.05_beta_1_alpha_0.5
ScaledBy=1.0
Title=eff-as015015-quark
XLabel=
YLabel=
# xlow	 xhigh	 val	 errminus	 errplus
0.000000e+00	1.000000e-01	3.115653e-04	3.115653e-04	3.115653e-04
1.000000e-01	2.000000e-01	8.253345e-05	5.835996e-05	5.835996e-05
2.000000e-01	3.000000e-01	1.015690e-04	2.555609e-04	2.555609e-04
3.000000e-01	4.000000e-01	3.822990e-04	5.075921e-04	5.075921e-04
4.000000e-01	5.000000e-01	3.232229e-04	4.748409e-04	4.748409e-04
5.000000e-01	6.000000e-01	1.139063e-04	2.832818e-04	2.832818e-04
6.000000e-01	7.000000e-01	4.805149e-04	5.811991e-04	5.811991e-04
7.000000e-01	8.000000e-01	1.562386e-03	1.046003e-03	1.046003e-03
8.000000e-01	9.000000e-01	1.108236e-03	8.823642e-04	8.823642e-04
9.000000e-01	1.000000e+00	2.162163e-03	1.231060e-03	1.231060e-03
1.000000e+00	1.100000e+00	6.628410e-04	6.832958e-04	6.832958e-04
1.100000e+00	1.200000e+00	5.303771e-04	6.113822e-04	6.113822e-04
1.200000e+00	1.300000e+00	1.888492e-03	1.152179e-03	1.152179e-03
1.300000e+00	1.400000e+00	1.346773e-03	9.736386e-04	9.736386e-04
1.400000e+00	1.500000e+00	2.671372e-03	1.369885e-03	1.369885e-03
1.500000e+00	1.600000e+00	1.941878e-03	1.168805e-03	1.168805e-03
1.600000e+00	1.700000e+00	1.931882e-03	1.165928e-03	1.165928e-03
1.700000e+00	1.800000e+00	4.748616e-03	1.824615e-03	1.824615e-03
1.800000e+00	1.900000e+00	3.584316e-03	1.586545e-03	1.586545e-03
1.900000e+00	2.000000e+00	5.014442e-03	1.874869e-03	1.874869e-03
2.000000e+00	2.100000e+00	4.330716e-03	1.743152e-03	1.743152e-03
2.100000e+00	2.200000e+00	8.429673e-03	2.425586e-03	2.425586e-03
2.200000e+00	2.300000e+00	8.552256e-03	2.443024e-03	2.443024e-03
2.300000e+00	2.400000e+00	7.726501e-03	2.322772e-03	2.322772e-03
2.400000e+00	2.500000e+00	2.499276e-03	1.325484e-03	1.325484e-03
2.500000e+00	2.600000e+00	1.488729e-03	1.023695e-03	1.023695e-03
2.600000e+00	2.700000e+00	2.052511e-04	3.804947e-04	3.804947e-04
2.700000e+00	2.800000e+00	4.739987e-03	1.817699e-03	1.817699e-03
2.800000e+00	2.900000e+00	1.773567e-02	3.430782e-03	3.430782e-03
2.900000e+00	3.000000e+00	3.014873e-02	4.282657e-03	4.282657e-03
3.000000e+00	3.100000e+00	3.914858e-02	4.593155e-03	4.593155e-03
3.100000e+00	3.200000e+00	5.042463e-02	4.531896e-03	4.531896e-03
3.200000e+00	3.300000e+00	4.924506e-02	4.071956e-03	4.071956e-03
3.300000e+00	3.400000e+00	4.301375e-02	3.417644e-03	3.417644e-03
3.400000e+00	3.500000e+00	4.122167e-02	2.957081e-03	2.957081e-03
3.500000e+00	3.600000e+00	3.337348e-02	2.247568e-03	2.247568e-03
3.600000e+00	3.700000e+00	2.494089e-02	2.333433e-03	2.333433e-03
3.700000e+00	3.800000e+00	2.447523e-02	1.618844e-03	1.618844e-03
3.800000e+00	3.900000e+00	1.749101e-02	1.247502e-03	1.247502e-03
3.900000e+00	4.000000e+00	1.481214e-02	1.197146e-03	1.197146e-03
4.000000e+00	4.100000e+00	1.177579e-02	1.385339e-03	1.385339e-03
4.100000e+00	4.200000e+00	1.036466e-02	1.102970e-03	1.102970e-03
4.200000e+00	4.300000e+00	8.624745e-03	5.965861e-04	5.965861e-04
4.300000e+00	4.400000e+00	6.974075e-03	5.364674e-04	5.364674e-04
4.400000e+00	4.500000e+00	5.777340e-03	4.882745e-04	4.882745e-04
4.500000e+00	4.600000e+00	4.333006e-03	4.228581e-04	4.228581e-04
4.600000e+00	4.700000e+00	3.837805e-03	3.979619e-04	3.979619e-04
4.700000e+00	4.800000e+00	2.476004e-03	3.196507e-04	3.196507e-04
4.800000e+00	4.900000e+00	2.187136e-03	3.004263e-04	3.004263e-04
4.900000e+00	5.000000e+00	2.228403e-03	3.032473e-04	3.032473e-04
5.000000e+00	5.100000e+00	8.768395e-04	6.085906e-04	6.085906e-04
5.100000e+00	5.200000e+00	1.196735e-03	2.222281e-04	2.222281e-04
5.200000e+00	5.300000e+00	1.444336e-03	2.441372e-04	2.441372e-04
5.300000e+00	5.400000e+00	6.190010e-04	1.598253e-04	1.598253e-04
5.400000e+00	5.500000e+00	9.904015e-04	2.021648e-04	2.021648e-04
5.500000e+00	5.600000e+00	1.114202e-03	2.144282e-04	2.144282e-04
5.600000e+00	5.700000e+00	1.155468e-03	2.183630e-04	2.183630e-04
5.700000e+00	5.800000e+00	6.602675e-04	1.650669e-04	1.650669e-04
5.800000e+00	5.900000e+00	6.602675e-04	1.650669e-04	1.650669e-04
5.900000e+00	6.000000e+00	4.539340e-04	1.368662e-04	1.368662e-04
6.000000e+00	6.100000e+00	4.539340e-04	1.368662e-04	1.368662e-04
6.100000e+00	6.200000e+00	1.238001e-04	7.147606e-05	7.147606e-05
6.200000e+00	6.300000e+00	2.476004e-04	1.010824e-04	1.010824e-04
6.300000e+00	6.400000e+00	2.063336e-04	9.227520e-05	9.227520e-05
6.400000e+00	6.500000e+00	1.238002e-04	7.147606e-05	7.147606e-05
6.500000e+00	6.600000e+00	4.126673e-05	4.126672e-05	4.126672e-05
6.600000e+00	6.700000e+00	2.063336e-04	9.227520e-05	9.227520e-05
6.700000e+00	6.800000e+00	8.253345e-05	5.835996e-05	5.835996e-05
6.800000e+00	6.900000e+00	1.650669e-04	8.253345e-05	8.253345e-05
6.900000e+00	7.000000e+00	0.000000e+00	0.000000e+00	0.000000e+00
7.000000e+00	7.100000e+00	0.000000e+00	0.000000e+00	0.000000e+00
7.100000e+00	7.200000e+00	4.126672e-05	4.126672e-05	4.126672e-05
7.200000e+00	7.300000e+00	8.253345e-05	5.835996e-05	5.835996e-05
7.300000e+00	7.400000e+00	4.126672e-05	4.126672e-05	4.126672e-05
7.400000e+00	7.500000e+00	4.126673e-05	4.126672e-05	4.126672e-05
7.500000e+00	7.600000e+00	4.126673e-05	4.126672e-05	4.126672e-05
7.600000e+00	7.700000e+00	0.000000e+00	0.000000e+00	0.000000e+00
7.700000e+00	7.800000e+00	0.000000e+00	0.000000e+00	0.000000e+00
7.800000e+00	7.900000e+00	0.000000e+00	0.000000e+00	0.000000e+00
7.900000e+00	8.000000e+00	4.126673e-05	4.126672e-05	4.126672e-05
8.000000e+00	8.100000e+00	0.000000e+00	0.000000e+00	0.000000e+00
8.100000e+00	8.200000e+00	0.000000e+00	0.000000e+00	0.000000e+00
8.200000e+00	8.300000e+00	0.000000e+00	0.000000e+00	0.000000e+00
8.300000e+00	8.400000e+00	0.000000e+00	0.000000e+00	0.000000e+00
8.400000e+00	8.500000e+00	0.000000e+00	0.000000e+00	0.000000e+00
8.500000e+00	8.600000e+00	0.000000e+00	0.000000e+00	0.000000e+00
8.600000e+00	8.700000e+00	0.000000e+00	0.000000e+00	0.000000e+00
8.700000e+00	8.800000e+00	0.000000e+00	0.000000e+00	0.000000e+00
8.800000e+00	8.900000e+00	0.000000e+00	0.000000e+00	0.000000e+00
8.900000e+00	9.000000e+00	0.000000e+00	0.000000e+00	0.000000e+00
9.000000e+00	9.100000e+00	0.000000e+00	0.000000e+00	0.000000e+00
9.100000e+00	9.200000e+00	0.000000e+00	0.000000e+00	0.000000e+00
9.200000e+00	9.300000e+00	0.000000e+00	0.000000e+00	0.000000e+00
9.300000e+00	9.400000e+00	0.000000e+00	0.000000e+00	0.000000e+00
9.400000e+00	9.500000e+00	0.000000e+00	0.000000e+00	0.000000e+00
9.500000e+00	9.600000e+00	0.000000e+00	0.000000e+00	0.000000e+00
9.600000e+00	9.700000e+00	0.000000e+00	0.000000e+00	0.000000e+00
9.700000e+00	9.800000e+00	0.000000e+00	0.000000e+00	0.000000e+00
9.800000e+00	9.900000e+00	0.000000e+00	0.000000e+00	0.000000e+00
9.900000e+00	1.000000e+01	0.000000e+00	0.000000e+00	0.000000e+00
1.000000e+01	1.010000e+01	0.000000e+00	0.000000e+00	0.000000e+00
1.010000e+01	1.020000e+01	0.000000e+00	0.000000e+00	0.000000e+00
1.020000e+01	1.030000e+01	0.000000e+00	0.000000e+00	0.000000e+00
1.030000e+01	1.040000e+01	0.000000e+00	0.000000e+00	0.000000e+00
1.040000e+01	1.050000e+01	0.000000e+00	0.000000e+00	0.000000e+00
1.050000e+01	1.060000e+01	0.000000e+00	0.000000e+00	0.000000e+00
1.060000e+01	1.070000e+01	0.000000e+00	0.000000e+00	0.000000e+00
1.070000e+01	1.080000e+01	0.000000e+00	0.000000e+00	0.000000e+00
1.080000e+01	1.090000e+01	0.000000e+00	0.000000e+00	0.000000e+00
1.090000e+01	1.100000e+01	0.000000e+00	0.000000e+00	0.000000e+00
1.100000e+01	1.110000e+01	0.000000e+00	0.000000e+00	0.000000e+00
1.110000e+01	1.120000e+01	0.000000e+00	0.000000e+00	0.000000e+00
1.120000e+01	1.130000e+01	0.000000e+00	0.000000e+00	0.000000e+00
1.130000e+01	1.140000e+01	0.000000e+00	0.000000e+00	0.000000e+00
1.140000e+01	1.150000e+01	0.000000e+00	0.000000e+00	0.000000e+00
1.150000e+01	1.160000e+01	0.000000e+00	0.000000e+00	0.000000e+00
1.160000e+01	1.170000e+01	0.000000e+00	0.000000e+00	0.000000e+00
1.170000e+01	1.180000e+01	0.000000e+00	0.000000e+00	0.000000e+00
1.180000e+01	1.190000e+01	0.000000e+00	0.000000e+00	0.000000e+00
1.190000e+01	1.200000e+01	0.000000e+00	0.000000e+00	0.000000e+00
1.200000e+01	1.210000e+01	0.000000e+00	0.000000e+00	0.000000e+00
1.210000e+01	1.220000e+01	0.000000e+00	0.000000e+00	0.000000e+00
1.220000e+01	1.230000e+01	0.000000e+00	0.000000e+00	0.000000e+00
1.230000e+01	1.240000e+01	0.000000e+00	0.000000e+00	0.000000e+00
1.240000e+01	1.250000e+01	0.000000e+00	0.000000e+00	0.000000e+00
1.250000e+01	1.260000e+01	0.000000e+00	0.000000e+00	0.000000e+00
1.260000e+01	1.270000e+01	0.000000e+00	0.000000e+00	0.000000e+00
1.270000e+01	1.280000e+01	0.000000e+00	0.000000e+00	0.000000e+00
1.280000e+01	1.290000e+01	0.000000e+00	0.000000e+00	0.000000e+00
1.290000e+01	1.300000e+01	0.000000e+00	0.000000e+00	0.000000e+00
1.300000e+01	1.310000e+01	0.000000e+00	0.000000e+00	0.000000e+00
1.310000e+01	1.320000e+01	0.000000e+00	0.000000e+00	0.000000e+00
1.320000e+01	1.330000e+01	0.000000e+00	0.000000e+00	0.000000e+00
1.330000e+01	1.340000e+01	0.000000e+00	0.000000e+00	0.000000e+00
1.340000e+01	1.350000e+01	0.000000e+00	0.000000e+00	0.000000e+00
1.350000e+01	1.360000e+01	0.000000e+00	0.000000e+00	0.000000e+00
1.360000e+01	1.370000e+01	0.000000e+00	0.000000e+00	0.000000e+00
1.370000e+01	1.380000e+01	0.000000e+00	0.000000e+00	0.000000e+00
1.380000e+01	1.390000e+01	0.000000e+00	0.000000e+00	0.000000e+00
1.390000e+01	1.400000e+01	0.000000e+00	0.000000e+00	0.000000e+00
1.400000e+01	1.410000e+01	0.000000e+00	0.000000e+00	0.000000e+00
1.410000e+01	1.420000e+01	0.000000e+00	0.000000e+00	0.000000e+00
1.420000e+01	1.430000e+01	0.000000e+00	0.000000e+00	0.000000e+00
1.430000e+01	1.440000e+01	0.000000e+00	0.000000e+00	0.000000e+00
1.440000e+01	1.450000e+01	0.000000e+00	0.000000e+00	0.000000e+00
1.450000e+01	1.460000e+01	0.000000e+00	0.000000e+00	0.000000e+00
1.460000e+01	1.470000e+01	0.000000e+00	0.000000e+00	0.000000e+00
1.470000e+01	1.480000e+01	0.000000e+00	0.000000e+00	0.000000e+00
1.480000e+01	1.490000e+01	0.000000e+00	0.000000e+00	0.000000e+00
1.490000e+01	1.500000e+01	0.000000e+00	0.000000e+00	0.000000e+00
# END HISTO1D

# BEGIN HISTO1D //home/frederic/Work/Software/LesHouches2017/lh2017-alphas/pythia-alphas/robustness/eff-as015015-gluon.yoda/MC_LHJSS_Zjet/log_Angularity_zcut_0.05_beta_1_alpha_0.5
LineColor=blue
LineStyle=solid
NormalizeToSum=1
Path=//home/frederic/Work/Software/LesHouches2017/lh2017-alphas/pythia-alphas/robustness/eff-as015015-gluon.yoda/MC_LHJSS_Zjet/log_Angularity_zcut_0.05_beta_1_alpha_0.5
ScaledBy=1.0
Title=eff-as015015-gluon
XLabel=
YLabel=
# xlow	 xhigh	 val	 errminus	 errplus
0.000000e+00	1.000000e-01	0.000000e+00	0.000000e+00	0.000000e+00
1.000000e-01	2.000000e-01	8.194615e-05	2.450881e-04	2.450881e-04
2.000000e-01	3.000000e-01	7.294124e-04	6.329217e-04	6.329217e-04
3.000000e-01	4.000000e-01	2.528297e-04	4.551861e-04	4.551861e-04
4.000000e-01	5.000000e-01	1.740490e-03	1.188343e-03	1.188343e-03
5.000000e-01	6.000000e-01	1.166841e-03	9.799629e-04	9.799629e-04
6.000000e-01	7.000000e-01	2.581611e-03	1.456569e-03	1.456569e-03
7.000000e-01	8.000000e-01	2.356109e-03	1.393551e-03	1.393551e-03
8.000000e-01	9.000000e-01	4.085564e-03	1.833801e-03	1.833801e-03
9.000000e-01	1.000000e+00	1.983426e-03	1.280159e-03	1.280159e-03
1.000000e+00	1.100000e+00	1.018159e-02	2.888249e-03	2.888249e-03
1.100000e+00	1.200000e+00	4.348945e-03	1.893944e-03	1.893944e-03
1.200000e+00	1.300000e+00	4.072766e-03	1.833333e-03	1.833333e-03
1.300000e+00	1.400000e+00	2.997581e-03	1.573707e-03	1.573707e-03
1.400000e+00	1.500000e+00	1.657741e-03	1.171008e-03	1.171008e-03
1.500000e+00	1.600000e+00	1.193568e-03	9.938055e-04	9.938055e-04
1.600000e+00	1.700000e+00	1.472419e-03	1.103604e-03	1.103604e-03
1.700000e+00	1.800000e+00	1.121494e-04	3.047898e-04	3.047898e-04
1.800000e+00	1.900000e+00	1.588358e-03	1.145854e-03	1.145854e-03
1.900000e+00	2.000000e+00	4.137358e-03	1.844798e-03	1.844798e-03
2.000000e+00	2.100000e+00	3.613577e-03	1.723693e-03	1.723693e-03
2.100000e+00	2.200000e+00	1.143553e-02	3.025204e-03	3.025204e-03
2.200000e+00	2.300000e+00	1.760665e-02	3.675654e-03	3.675654e-03
2.300000e+00	2.400000e+00	2.740426e-02	4.356265e-03	4.356265e-03
2.400000e+00	2.500000e+00	3.165904e-02	4.275739e-03	4.275739e-03
2.500000e+00	2.600000e+00	2.484553e-02	3.723424e-03	3.723424e-03
2.600000e+00	2.700000e+00	1.881819e-02	3.003625e-03	3.003625e-03
2.700000e+00	2.800000e+00	1.483451e-02	2.613048e-03	2.613048e-03
2.800000e+00	2.900000e+00	1.272698e-02	2.070525e-03	2.070525e-03
2.900000e+00	3.000000e+00	8.343942e-03	1.845135e-03	1.845135e-03
3.000000e+00	3.100000e+00	6.617333e-03	1.169046e-03	1.169046e-03
3.100000e+00	3.200000e+00	5.725325e-03	6.401111e-04	6.401111e-04
3.200000e+00	3.300000e+00	3.689878e-03	1.200691e-03	1.200691e-03
3.300000e+00	3.400000e+00	3.936162e-03	5.307521e-04	5.307521e-04
3.400000e+00	3.500000e+00	1.777043e-03	8.400987e-04	8.400987e-04
3.500000e+00	3.600000e+00	1.777043e-03	8.400987e-04	8.400987e-04
3.600000e+00	3.700000e+00	1.932298e-03	3.718709e-04	3.718709e-04
3.700000e+00	3.800000e+00	1.288199e-03	3.036314e-04	3.036314e-04
3.800000e+00	3.900000e+00	1.431332e-03	3.200555e-04	3.200555e-04
3.900000e+00	4.000000e+00	5.009660e-04	1.893474e-04	1.893474e-04
4.000000e+00	4.100000e+00	8.587990e-04	2.479139e-04	2.479139e-04
4.100000e+00	4.200000e+00	5.009660e-04	1.893474e-04	1.893474e-04
4.200000e+00	4.300000e+00	5.725325e-04	2.024209e-04	2.024209e-04
4.300000e+00	4.400000e+00	5.009660e-04	1.893474e-04	1.893474e-04
4.400000e+00	4.500000e+00	3.578330e-04	1.600277e-04	1.600277e-04
4.500000e+00	4.600000e+00	5.725325e-04	2.024209e-04	2.024209e-04
4.600000e+00	4.700000e+00	2.862663e-04	1.431332e-04	1.431332e-04
4.700000e+00	4.800000e+00	5.009660e-04	1.893474e-04	1.893474e-04
4.800000e+00	4.900000e+00	5.009660e-04	1.893474e-04	1.893474e-04
4.900000e+00	5.000000e+00	4.293996e-04	1.753017e-04	1.753017e-04
5.000000e+00	5.100000e+00	7.156660e-05	7.156659e-05	7.156659e-05
5.100000e+00	5.200000e+00	2.862663e-04	1.431332e-04	1.431332e-04
5.200000e+00	5.300000e+00	3.578330e-04	1.600277e-04	1.600277e-04
5.300000e+00	5.400000e+00	1.431332e-04	1.012104e-04	1.012104e-04
5.400000e+00	5.500000e+00	2.146998e-04	1.239570e-04	1.239570e-04
5.500000e+00	5.600000e+00	4.293996e-04	1.753017e-04	1.753017e-04
5.600000e+00	5.700000e+00	7.156660e-05	7.156659e-05	7.156659e-05
5.700000e+00	5.800000e+00	7.156660e-05	7.156659e-05	7.156659e-05
5.800000e+00	5.900000e+00	7.156660e-05	7.156659e-05	7.156659e-05
5.900000e+00	6.000000e+00	7.156660e-05	7.156659e-05	7.156659e-05
6.000000e+00	6.100000e+00	7.156660e-05	7.156659e-05	7.156659e-05
6.100000e+00	6.200000e+00	7.156660e-05	7.156659e-05	7.156659e-05
6.200000e+00	6.300000e+00	0.000000e+00	0.000000e+00	0.000000e+00
6.300000e+00	6.400000e+00	0.000000e+00	0.000000e+00	0.000000e+00
6.400000e+00	6.500000e+00	7.156660e-05	7.156659e-05	7.156659e-05
6.500000e+00	6.600000e+00	0.000000e+00	0.000000e+00	0.000000e+00
6.600000e+00	6.700000e+00	0.000000e+00	0.000000e+00	0.000000e+00
6.700000e+00	6.800000e+00	7.156660e-05	7.156659e-05	7.156659e-05
6.800000e+00	6.900000e+00	0.000000e+00	0.000000e+00	0.000000e+00
6.900000e+00	7.000000e+00	0.000000e+00	0.000000e+00	0.000000e+00
7.000000e+00	7.100000e+00	0.000000e+00	0.000000e+00	0.000000e+00
7.100000e+00	7.200000e+00	0.000000e+00	0.000000e+00	0.000000e+00
7.200000e+00	7.300000e+00	0.000000e+00	0.000000e+00	0.000000e+00
7.300000e+00	7.400000e+00	0.000000e+00	0.000000e+00	0.000000e+00
7.400000e+00	7.500000e+00	0.000000e+00	0.000000e+00	0.000000e+00
7.500000e+00	7.600000e+00	0.000000e+00	0.000000e+00	0.000000e+00
7.600000e+00	7.700000e+00	0.000000e+00	0.000000e+00	0.000000e+00
7.700000e+00	7.800000e+00	0.000000e+00	0.000000e+00	0.000000e+00
7.800000e+00	7.900000e+00	0.000000e+00	0.000000e+00	0.000000e+00
7.900000e+00	8.000000e+00	0.000000e+00	0.000000e+00	0.000000e+00
8.000000e+00	8.100000e+00	0.000000e+00	0.000000e+00	0.000000e+00
8.100000e+00	8.200000e+00	0.000000e+00	0.000000e+00	0.000000e+00
8.200000e+00	8.300000e+00	0.000000e+00	0.000000e+00	0.000000e+00
8.300000e+00	8.400000e+00	0.000000e+00	0.000000e+00	0.000000e+00
8.400000e+00	8.500000e+00	0.000000e+00	0.000000e+00	0.000000e+00
8.500000e+00	8.600000e+00	0.000000e+00	0.000000e+00	0.000000e+00
8.600000e+00	8.700000e+00	0.000000e+00	0.000000e+00	0.000000e+00
8.700000e+00	8.800000e+00	0.000000e+00	0.000000e+00	0.000000e+00
8.800000e+00	8.900000e+00	0.000000e+00	0.000000e+00	0.000000e+00
8.900000e+00	9.000000e+00	0.000000e+00	0.000000e+00	0.000000e+00
9.000000e+00	9.100000e+00	0.000000e+00	0.000000e+00	0.000000e+00
9.100000e+00	9.200000e+00	0.000000e+00	0.000000e+00	0.000000e+00
9.200000e+00	9.300000e+00	0.000000e+00	0.000000e+00	0.000000e+00
9.300000e+00	9.400000e+00	0.000000e+00	0.000000e+00	0.000000e+00
9.400000e+00	9.500000e+00	0.000000e+00	0.000000e+00	0.000000e+00
9.500000e+00	9.600000e+00	0.000000e+00	0.000000e+00	0.000000e+00
9.600000e+00	9.700000e+00	0.000000e+00	0.000000e+00	0.000000e+00
9.700000e+00	9.800000e+00	0.000000e+00	0.000000e+00	0.000000e+00
9.800000e+00	9.900000e+00	0.000000e+00	0.000000e+00	0.000000e+00
9.900000e+00	1.000000e+01	0.000000e+00	0.000000e+00	0.000000e+00
1.000000e+01	1.010000e+01	0.000000e+00	0.000000e+00	0.000000e+00
1.010000e+01	1.020000e+01	0.000000e+00	0.000000e+00	0.000000e+00
1.020000e+01	1.030000e+01	0.000000e+00	0.000000e+00	0.000000e+00
1.030000e+01	1.040000e+01	0.000000e+00	0.000000e+00	0.000000e+00
1.040000e+01	1.050000e+01	0.000000e+00	0.000000e+00	0.000000e+00
1.050000e+01	1.060000e+01	0.000000e+00	0.000000e+00	0.000000e+00
1.060000e+01	1.070000e+01	0.000000e+00	0.000000e+00	0.000000e+00
1.070000e+01	1.080000e+01	0.000000e+00	0.000000e+00	0.000000e+00
1.080000e+01	1.090000e+01	0.000000e+00	0.000000e+00	0.000000e+00
1.090000e+01	1.100000e+01	0.000000e+00	0.000000e+00	0.000000e+00
1.100000e+01	1.110000e+01	0.000000e+00	0.000000e+00	0.000000e+00
1.110000e+01	1.120000e+01	0.000000e+00	0.000000e+00	0.000000e+00
1.120000e+01	1.130000e+01	0.000000e+00	0.000000e+00	0.000000e+00
1.130000e+01	1.140000e+01	0.000000e+00	0.000000e+00	0.000000e+00
1.140000e+01	1.150000e+01	0.000000e+00	0.000000e+00	0.000000e+00
1.150000e+01	1.160000e+01	0.000000e+00	0.000000e+00	0.000000e+00
1.160000e+01	1.170000e+01	0.000000e+00	0.000000e+00	0.000000e+00
1.170000e+01	1.180000e+01	0.000000e+00	0.000000e+00	0.000000e+00
1.180000e+01	1.190000e+01	0.000000e+00	0.000000e+00	0.000000e+00
1.190000e+01	1.200000e+01	0.000000e+00	0.000000e+00	0.000000e+00
1.200000e+01	1.210000e+01	0.000000e+00	0.000000e+00	0.000000e+00
1.210000e+01	1.220000e+01	0.000000e+00	0.000000e+00	0.000000e+00
1.220000e+01	1.230000e+01	0.000000e+00	0.000000e+00	0.000000e+00
1.230000e+01	1.240000e+01	0.000000e+00	0.000000e+00	0.000000e+00
1.240000e+01	1.250000e+01	0.000000e+00	0.000000e+00	0.000000e+00
1.250000e+01	1.260000e+01	0.000000e+00	0.000000e+00	0.000000e+00
1.260000e+01	1.270000e+01	0.000000e+00	0.000000e+00	0.000000e+00
1.270000e+01	1.280000e+01	0.000000e+00	0.000000e+00	0.000000e+00
1.280000e+01	1.290000e+01	0.000000e+00	0.000000e+00	0.000000e+00
1.290000e+01	1.300000e+01	0.000000e+00	0.000000e+00	0.000000e+00
1.300000e+01	1.310000e+01	0.000000e+00	0.000000e+00	0.000000e+00
1.310000e+01	1.320000e+01	0.000000e+00	0.000000e+00	0.000000e+00
1.320000e+01	1.330000e+01	0.000000e+00	0.000000e+00	0.000000e+00
1.330000e+01	1.340000e+01	0.000000e+00	0.000000e+00	0.000000e+00
1.340000e+01	1.350000e+01	0.000000e+00	0.000000e+00	0.000000e+00
1.350000e+01	1.360000e+01	0.000000e+00	0.000000e+00	0.000000e+00
1.360000e+01	1.370000e+01	0.000000e+00	0.000000e+00	0.000000e+00
1.370000e+01	1.380000e+01	0.000000e+00	0.000000e+00	0.000000e+00
1.380000e+01	1.390000e+01	0.000000e+00	0.000000e+00	0.000000e+00
1.390000e+01	1.400000e+01	0.000000e+00	0.000000e+00	0.000000e+00
1.400000e+01	1.410000e+01	0.000000e+00	0.000000e+00	0.000000e+00
1.410000e+01	1.420000e+01	0.000000e+00	0.000000e+00	0.000000e+00
1.420000e+01	1.430000e+01	0.000000e+00	0.000000e+00	0.000000e+00
1.430000e+01	1.440000e+01	0.000000e+00	0.000000e+00	0.000000e+00
1.440000e+01	1.450000e+01	0.000000e+00	0.000000e+00	0.000000e+00
1.450000e+01	1.460000e+01	0.000000e+00	0.000000e+00	0.000000e+00
1.460000e+01	1.470000e+01	0.000000e+00	0.000000e+00	0.000000e+00
1.470000e+01	1.480000e+01	0.000000e+00	0.000000e+00	0.000000e+00
1.480000e+01	1.490000e+01	0.000000e+00	0.000000e+00	0.000000e+00
1.490000e+01	1.500000e+01	0.000000e+00	0.000000e+00	0.000000e+00
# END HISTO1D

