# BEGIN PLOT
LegendOnly=//home/frederic/Work/Software/LesHouches2017/lh2017-alphas/pythia-alphas/robustness/eff-as015015-quark.yoda/MC_LHJSS_Zjet/log_theta_g_zcut_0.1_beta_1_alpha_1 //home/frederic/Work/Software/LesHouches2017/lh2017-alphas/pythia-alphas/robustness/eff-as015015-gluon.yoda/MC_LHJSS_Zjet/log_theta_g_zcut_0.1_beta_1_alpha_1
DrawOnly=//home/frederic/Work/Software/LesHouches2017/lh2017-alphas/pythia-alphas/robustness/eff-as015015-quark.yoda/MC_LHJSS_Zjet/log_theta_g_zcut_0.1_beta_1_alpha_1 //home/frederic/Work/Software/LesHouches2017/lh2017-alphas/pythia-alphas/robustness/eff-as015015-gluon.yoda/MC_LHJSS_Zjet/log_theta_g_zcut_0.1_beta_1_alpha_1
Title=$\theta_g$, $\alpha$ = 1 $z_{cut}$ = 0.1 $\beta$ = 1
RatioPlot=1
LogX=0
LogY=0
RatioPlotYLabel=Ratio
RatioPlotReference=//home/frederic/Work/Software/LesHouches2017/lh2017-alphas/pythia-alphas/robustness/eff-as015015-quark.yoda/MC_LHJSS_Zjet/log_theta_g_zcut_0.1_beta_1_alpha_1
XLabel=$\theta_g$
YLabel=$1/\sigma \text{d}\sigma/\text{d}\theta_g$
Legend=1
# END PLOT

# BEGIN HISTO1D //home/frederic/Work/Software/LesHouches2017/lh2017-alphas/pythia-alphas/robustness/eff-as015015-quark.yoda/MC_LHJSS_Zjet/log_theta_g_zcut_0.1_beta_1_alpha_1
LineColor=red
LineStyle=solid
NormalizeToSum=1
Path=//home/frederic/Work/Software/LesHouches2017/lh2017-alphas/pythia-alphas/robustness/eff-as015015-quark.yoda/MC_LHJSS_Zjet/log_theta_g_zcut_0.1_beta_1_alpha_1
ScaledBy=1.0
Title=eff-as015015-quark
XLabel=
YLabel=
# xlow	 xhigh	 val	 errminus	 errplus
0.000000e+00	1.000000e-01	8.209595e-06	7.608356e-05	7.608356e-05
1.000000e-01	2.000000e-01	1.623301e-05	1.070166e-04	1.070166e-04
2.000000e-01	3.000000e-01	1.065989e-06	2.742676e-05	2.742676e-05
3.000000e-01	4.000000e-01	2.087225e-05	1.213582e-04	1.213582e-04
4.000000e-01	5.000000e-01	3.448080e-05	1.559786e-04	1.559786e-04
5.000000e-01	6.000000e-01	3.473079e-04	4.948174e-04	4.948174e-04
6.000000e-01	7.000000e-01	5.202767e-05	1.915948e-04	1.915948e-04
7.000000e-01	8.000000e-01	2.901808e-05	1.430920e-04	1.430920e-04
8.000000e-01	9.000000e-01	3.605671e-05	1.595035e-04	1.595035e-04
9.000000e-01	1.000000e+00	1.153165e-04	2.852155e-04	2.852155e-04
1.000000e+00	1.100000e+00	3.779527e-04	5.161719e-04	5.161719e-04
1.100000e+00	1.200000e+00	7.208653e-05	2.255197e-04	2.255197e-04
1.200000e+00	1.300000e+00	1.320272e-03	9.635098e-04	9.635098e-04
1.300000e+00	1.400000e+00	4.884298e-04	5.867184e-04	5.867184e-04
1.400000e+00	1.500000e+00	1.539965e-04	3.295899e-04	3.295899e-04
1.500000e+00	1.600000e+00	3.476252e-05	1.566164e-04	1.566164e-04
1.600000e+00	1.700000e+00	1.867277e-04	3.629185e-04	3.629185e-04
1.700000e+00	1.800000e+00	9.255027e-05	2.555308e-04	2.555308e-04
1.800000e+00	1.900000e+00	8.338493e-05	2.425519e-04	2.425519e-04
1.900000e+00	2.000000e+00	7.781279e-05	2.343100e-04	2.343100e-04
2.000000e+00	2.100000e+00	6.077633e-05	2.070814e-04	2.070814e-04
2.100000e+00	2.200000e+00	1.237877e-03	9.335833e-04	9.335833e-04
2.200000e+00	2.300000e+00	2.165932e-03	1.234001e-03	1.234001e-03
2.300000e+00	2.400000e+00	2.258872e-03	1.260119e-03	1.260119e-03
2.400000e+00	2.500000e+00	8.298361e-04	7.646565e-04	7.646565e-04
2.500000e+00	2.600000e+00	1.301241e-03	9.570768e-04	9.570768e-04
2.600000e+00	2.700000e+00	2.098214e-03	1.214262e-03	1.214262e-03
2.700000e+00	2.800000e+00	3.461651e-03	1.556883e-03	1.556883e-03
2.800000e+00	2.900000e+00	2.792377e-03	1.398885e-03	1.398885e-03
2.900000e+00	3.000000e+00	5.518725e-04	6.235161e-04	6.235161e-04
3.000000e+00	3.100000e+00	3.260879e-04	4.794095e-04	4.794095e-04
3.100000e+00	3.200000e+00	8.420209e-07	2.437583e-05	2.437583e-05
3.200000e+00	3.300000e+00	5.546619e-06	6.256144e-05	6.256144e-05
3.300000e+00	3.400000e+00	5.888359e-05	2.038037e-04	2.038037e-04
3.400000e+00	3.500000e+00	3.353808e-03	1.514627e-03	1.514627e-03
3.500000e+00	3.600000e+00	4.605361e-03	1.753372e-03	1.753372e-03
3.600000e+00	3.700000e+00	4.914226e-03	1.794846e-03	1.794846e-03
3.700000e+00	3.800000e+00	3.148550e-03	1.449516e-03	1.449516e-03
3.800000e+00	3.900000e+00	8.293169e-03	2.171626e-03	2.171626e-03
3.900000e+00	4.000000e+00	5.746072e-03	1.829233e-03	1.829233e-03
4.000000e+00	4.100000e+00	5.520784e-03	1.779459e-03	1.779459e-03
4.100000e+00	4.200000e+00	5.534477e-03	1.712619e-03	1.712619e-03
4.200000e+00	4.300000e+00	8.221845e-03	1.552850e-03	1.552850e-03
4.300000e+00	4.400000e+00	4.792253e-03	1.482205e-03	1.482205e-03
4.400000e+00	4.500000e+00	7.004351e-03	1.242627e-03	1.242627e-03
4.500000e+00	4.600000e+00	3.392625e-03	1.282532e-03	1.282532e-03
4.600000e+00	4.700000e+00	3.873217e-03	1.081656e-03	1.081656e-03
4.700000e+00	4.800000e+00	2.704490e-03	1.063577e-03	1.063577e-03
4.800000e+00	4.900000e+00	3.126551e-03	1.022362e-03	1.022362e-03
4.900000e+00	5.000000e+00	1.135969e-03	8.018273e-04	8.018273e-04
5.000000e+00	5.100000e+00	3.177538e-03	3.621140e-04	3.621140e-04
5.100000e+00	5.200000e+00	2.234423e-03	7.925914e-04	7.925914e-04
5.200000e+00	5.300000e+00	1.403069e-03	2.406243e-04	2.406243e-04
5.300000e+00	5.400000e+00	5.538864e-04	5.196898e-04	5.196898e-04
5.400000e+00	5.500000e+00	1.072935e-03	2.104198e-04	2.104198e-04
5.500000e+00	5.600000e+00	8.666010e-04	1.891079e-04	1.891079e-04
5.600000e+00	5.700000e+00	3.301338e-04	1.167199e-04	1.167199e-04
5.700000e+00	5.800000e+00	2.476004e-04	1.010824e-04	1.010824e-04
5.800000e+00	5.900000e+00	4.539339e-04	1.368662e-04	1.368662e-04
5.900000e+00	6.000000e+00	1.650669e-04	8.253345e-05	8.253345e-05
6.000000e+00	6.100000e+00	1.650669e-04	8.253345e-05	8.253345e-05
6.100000e+00	6.200000e+00	4.126672e-05	4.126672e-05	4.126672e-05
6.200000e+00	6.300000e+00	0.000000e+00	0.000000e+00	0.000000e+00
6.300000e+00	6.400000e+00	0.000000e+00	0.000000e+00	0.000000e+00
6.400000e+00	6.500000e+00	4.126673e-05	4.126672e-05	4.126672e-05
6.500000e+00	6.600000e+00	4.126673e-05	4.126672e-05	4.126672e-05
6.600000e+00	6.700000e+00	4.126672e-05	4.126672e-05	4.126672e-05
6.700000e+00	6.800000e+00	4.126673e-05	4.126672e-05	4.126672e-05
6.800000e+00	6.900000e+00	4.126672e-05	4.126672e-05	4.126672e-05
6.900000e+00	7.000000e+00	4.126673e-05	4.126672e-05	4.126672e-05
7.000000e+00	7.100000e+00	8.253345e-05	5.835996e-05	5.835996e-05
7.100000e+00	7.200000e+00	0.000000e+00	0.000000e+00	0.000000e+00
7.200000e+00	7.300000e+00	0.000000e+00	0.000000e+00	0.000000e+00
7.300000e+00	7.400000e+00	0.000000e+00	0.000000e+00	0.000000e+00
7.400000e+00	7.500000e+00	0.000000e+00	0.000000e+00	0.000000e+00
7.500000e+00	7.600000e+00	0.000000e+00	0.000000e+00	0.000000e+00
7.600000e+00	7.700000e+00	0.000000e+00	0.000000e+00	0.000000e+00
7.700000e+00	7.800000e+00	0.000000e+00	0.000000e+00	0.000000e+00
7.800000e+00	7.900000e+00	0.000000e+00	0.000000e+00	0.000000e+00
7.900000e+00	8.000000e+00	0.000000e+00	0.000000e+00	0.000000e+00
8.000000e+00	8.100000e+00	0.000000e+00	0.000000e+00	0.000000e+00
8.100000e+00	8.200000e+00	0.000000e+00	0.000000e+00	0.000000e+00
8.200000e+00	8.300000e+00	0.000000e+00	0.000000e+00	0.000000e+00
8.300000e+00	8.400000e+00	0.000000e+00	0.000000e+00	0.000000e+00
8.400000e+00	8.500000e+00	0.000000e+00	0.000000e+00	0.000000e+00
8.500000e+00	8.600000e+00	0.000000e+00	0.000000e+00	0.000000e+00
8.600000e+00	8.700000e+00	0.000000e+00	0.000000e+00	0.000000e+00
8.700000e+00	8.800000e+00	0.000000e+00	0.000000e+00	0.000000e+00
8.800000e+00	8.900000e+00	0.000000e+00	0.000000e+00	0.000000e+00
8.900000e+00	9.000000e+00	0.000000e+00	0.000000e+00	0.000000e+00
9.000000e+00	9.100000e+00	0.000000e+00	0.000000e+00	0.000000e+00
9.100000e+00	9.200000e+00	0.000000e+00	0.000000e+00	0.000000e+00
9.200000e+00	9.300000e+00	0.000000e+00	0.000000e+00	0.000000e+00
9.300000e+00	9.400000e+00	0.000000e+00	0.000000e+00	0.000000e+00
9.400000e+00	9.500000e+00	0.000000e+00	0.000000e+00	0.000000e+00
9.500000e+00	9.600000e+00	0.000000e+00	0.000000e+00	0.000000e+00
9.600000e+00	9.700000e+00	0.000000e+00	0.000000e+00	0.000000e+00
9.700000e+00	9.800000e+00	0.000000e+00	0.000000e+00	0.000000e+00
9.800000e+00	9.900000e+00	0.000000e+00	0.000000e+00	0.000000e+00
9.900000e+00	1.000000e+01	0.000000e+00	0.000000e+00	0.000000e+00
1.000000e+01	1.010000e+01	0.000000e+00	0.000000e+00	0.000000e+00
1.010000e+01	1.020000e+01	0.000000e+00	0.000000e+00	0.000000e+00
1.020000e+01	1.030000e+01	0.000000e+00	0.000000e+00	0.000000e+00
1.030000e+01	1.040000e+01	0.000000e+00	0.000000e+00	0.000000e+00
1.040000e+01	1.050000e+01	0.000000e+00	0.000000e+00	0.000000e+00
1.050000e+01	1.060000e+01	0.000000e+00	0.000000e+00	0.000000e+00
1.060000e+01	1.070000e+01	0.000000e+00	0.000000e+00	0.000000e+00
1.070000e+01	1.080000e+01	0.000000e+00	0.000000e+00	0.000000e+00
1.080000e+01	1.090000e+01	0.000000e+00	0.000000e+00	0.000000e+00
1.090000e+01	1.100000e+01	0.000000e+00	0.000000e+00	0.000000e+00
1.100000e+01	1.110000e+01	0.000000e+00	0.000000e+00	0.000000e+00
1.110000e+01	1.120000e+01	0.000000e+00	0.000000e+00	0.000000e+00
1.120000e+01	1.130000e+01	0.000000e+00	0.000000e+00	0.000000e+00
1.130000e+01	1.140000e+01	0.000000e+00	0.000000e+00	0.000000e+00
1.140000e+01	1.150000e+01	0.000000e+00	0.000000e+00	0.000000e+00
1.150000e+01	1.160000e+01	0.000000e+00	0.000000e+00	0.000000e+00
1.160000e+01	1.170000e+01	0.000000e+00	0.000000e+00	0.000000e+00
1.170000e+01	1.180000e+01	0.000000e+00	0.000000e+00	0.000000e+00
1.180000e+01	1.190000e+01	0.000000e+00	0.000000e+00	0.000000e+00
1.190000e+01	1.200000e+01	0.000000e+00	0.000000e+00	0.000000e+00
1.200000e+01	1.210000e+01	0.000000e+00	0.000000e+00	0.000000e+00
1.210000e+01	1.220000e+01	0.000000e+00	0.000000e+00	0.000000e+00
1.220000e+01	1.230000e+01	0.000000e+00	0.000000e+00	0.000000e+00
1.230000e+01	1.240000e+01	0.000000e+00	0.000000e+00	0.000000e+00
1.240000e+01	1.250000e+01	0.000000e+00	0.000000e+00	0.000000e+00
1.250000e+01	1.260000e+01	0.000000e+00	0.000000e+00	0.000000e+00
1.260000e+01	1.270000e+01	0.000000e+00	0.000000e+00	0.000000e+00
1.270000e+01	1.280000e+01	0.000000e+00	0.000000e+00	0.000000e+00
1.280000e+01	1.290000e+01	0.000000e+00	0.000000e+00	0.000000e+00
1.290000e+01	1.300000e+01	0.000000e+00	0.000000e+00	0.000000e+00
1.300000e+01	1.310000e+01	0.000000e+00	0.000000e+00	0.000000e+00
1.310000e+01	1.320000e+01	0.000000e+00	0.000000e+00	0.000000e+00
1.320000e+01	1.330000e+01	0.000000e+00	0.000000e+00	0.000000e+00
1.330000e+01	1.340000e+01	0.000000e+00	0.000000e+00	0.000000e+00
1.340000e+01	1.350000e+01	0.000000e+00	0.000000e+00	0.000000e+00
1.350000e+01	1.360000e+01	0.000000e+00	0.000000e+00	0.000000e+00
1.360000e+01	1.370000e+01	0.000000e+00	0.000000e+00	0.000000e+00
1.370000e+01	1.380000e+01	0.000000e+00	0.000000e+00	0.000000e+00
1.380000e+01	1.390000e+01	0.000000e+00	0.000000e+00	0.000000e+00
1.390000e+01	1.400000e+01	0.000000e+00	0.000000e+00	0.000000e+00
1.400000e+01	1.410000e+01	0.000000e+00	0.000000e+00	0.000000e+00
1.410000e+01	1.420000e+01	0.000000e+00	0.000000e+00	0.000000e+00
1.420000e+01	1.430000e+01	0.000000e+00	0.000000e+00	0.000000e+00
1.430000e+01	1.440000e+01	0.000000e+00	0.000000e+00	0.000000e+00
1.440000e+01	1.450000e+01	0.000000e+00	0.000000e+00	0.000000e+00
1.450000e+01	1.460000e+01	0.000000e+00	0.000000e+00	0.000000e+00
1.460000e+01	1.470000e+01	0.000000e+00	0.000000e+00	0.000000e+00
1.470000e+01	1.480000e+01	0.000000e+00	0.000000e+00	0.000000e+00
1.480000e+01	1.490000e+01	0.000000e+00	0.000000e+00	0.000000e+00
1.490000e+01	1.500000e+01	0.000000e+00	0.000000e+00	0.000000e+00
# END HISTO1D

# BEGIN HISTO1D //home/frederic/Work/Software/LesHouches2017/lh2017-alphas/pythia-alphas/robustness/eff-as015015-gluon.yoda/MC_LHJSS_Zjet/log_theta_g_zcut_0.1_beta_1_alpha_1
LineColor=blue
LineStyle=solid
NormalizeToSum=1
Path=//home/frederic/Work/Software/LesHouches2017/lh2017-alphas/pythia-alphas/robustness/eff-as015015-gluon.yoda/MC_LHJSS_Zjet/log_theta_g_zcut_0.1_beta_1_alpha_1
ScaledBy=1.0
Title=eff-as015015-gluon
XLabel=
YLabel=
# xlow	 xhigh	 val	 errminus	 errplus
0.000000e+00	1.000000e-01	5.141106e-05	2.061237e-04	2.061237e-04
1.000000e-01	2.000000e-01	1.000208e-03	9.066667e-04	9.066667e-04
2.000000e-01	3.000000e-01	1.377379e-05	1.068190e-04	1.068190e-04
3.000000e-01	4.000000e-01	1.091904e-03	9.499860e-04	9.499860e-04
4.000000e-01	5.000000e-01	8.310549e-05	2.623678e-04	2.623678e-04
5.000000e-01	6.000000e-01	6.701423e-04	7.446293e-04	7.446293e-04
6.000000e-01	7.000000e-01	6.497664e-04	7.332939e-04	7.332939e-04
7.000000e-01	8.000000e-01	3.469801e-06	5.361443e-05	5.361443e-05
8.000000e-01	9.000000e-01	1.659656e-04	3.707499e-04	3.707499e-04
9.000000e-01	1.000000e+00	8.672216e-04	8.470342e-04	8.470342e-04
1.000000e+00	1.100000e+00	3.201169e-05	1.628448e-04	1.628448e-04
1.100000e+00	1.200000e+00	2.921286e-04	4.918379e-04	4.918379e-04
1.200000e+00	1.300000e+00	6.939176e-06	7.581971e-05	7.581971e-05
1.300000e+00	1.400000e+00	1.013527e-05	9.163146e-05	9.163146e-05
1.400000e+00	1.500000e+00	4.065511e-06	5.803456e-05	5.803456e-05
1.500000e+00	1.600000e+00	2.520296e-04	4.568388e-04	4.568388e-04
1.600000e+00	1.700000e+00	5.813607e-06	6.939869e-05	6.939869e-05
1.700000e+00	1.800000e+00	1.167992e-04	3.110337e-04	3.110337e-04
1.800000e+00	1.900000e+00	5.890976e-05	2.209029e-04	2.209029e-04
1.900000e+00	2.000000e+00	1.071286e-04	2.978780e-04	2.978780e-04
2.000000e+00	2.100000e+00	3.780909e-05	1.769753e-04	1.769753e-04
2.100000e+00	2.200000e+00	1.376967e-03	1.066503e-03	1.066503e-03
2.200000e+00	2.300000e+00	3.551670e-05	1.715248e-04	1.715248e-04
2.300000e+00	2.400000e+00	1.001196e-04	2.879573e-04	2.879573e-04
2.400000e+00	2.500000e+00	2.136942e-04	4.205879e-04	4.205879e-04
2.500000e+00	2.600000e+00	5.760354e-05	2.184252e-04	2.184252e-04
2.600000e+00	2.700000e+00	1.143719e-04	3.077192e-04	3.077192e-04
2.700000e+00	2.800000e+00	1.173951e-03	9.814420e-04	9.814420e-04
2.800000e+00	2.900000e+00	1.076652e-03	9.391782e-04	9.391782e-04
2.900000e+00	3.000000e+00	1.469586e-03	1.091525e-03	1.091525e-03
3.000000e+00	3.100000e+00	5.670517e-03	2.012892e-03	2.012892e-03
3.100000e+00	3.200000e+00	3.238754e-03	1.551817e-03	1.551817e-03
3.200000e+00	3.300000e+00	2.093444e-03	1.258497e-03	1.258497e-03
3.300000e+00	3.400000e+00	2.054057e-03	1.220961e-03	1.220961e-03
3.400000e+00	3.500000e+00	2.163932e-03	1.164277e-03	1.164277e-03
3.500000e+00	3.600000e+00	1.095091e-03	8.882397e-04	8.882397e-04
3.600000e+00	3.700000e+00	9.355710e-04	8.080269e-04	8.080269e-04
3.700000e+00	3.800000e+00	1.155628e-03	8.224702e-04	8.224702e-04
3.800000e+00	3.900000e+00	2.003864e-03	3.786948e-04	3.786948e-04
3.900000e+00	4.000000e+00	4.898644e-04	5.463622e-04	5.463622e-04
4.000000e+00	4.100000e+00	4.327867e-04	5.206804e-04	5.206804e-04
4.100000e+00	4.200000e+00	8.587990e-04	2.479139e-04	2.479139e-04
4.200000e+00	4.300000e+00	3.232585e-04	4.629772e-04	4.629772e-04
4.300000e+00	4.400000e+00	2.862663e-04	1.431332e-04	1.431332e-04
4.400000e+00	4.500000e+00	5.725325e-04	2.024209e-04	2.024209e-04
4.500000e+00	4.600000e+00	1.431332e-04	1.012104e-04	1.012104e-04
4.600000e+00	4.700000e+00	3.289367e-07	1.650479e-05	1.650479e-05
4.700000e+00	4.800000e+00	4.293996e-04	1.753017e-04	1.753017e-04
4.800000e+00	4.900000e+00	3.578329e-04	1.600277e-04	1.600277e-04
4.900000e+00	5.000000e+00	0.000000e+00	0.000000e+00	0.000000e+00
5.000000e+00	5.100000e+00	7.156660e-05	7.156659e-05	7.156659e-05
5.100000e+00	5.200000e+00	0.000000e+00	0.000000e+00	0.000000e+00
5.200000e+00	5.300000e+00	1.431332e-04	1.012104e-04	1.012104e-04
5.300000e+00	5.400000e+00	1.431332e-04	1.012104e-04	1.012104e-04
5.400000e+00	5.500000e+00	0.000000e+00	0.000000e+00	0.000000e+00
5.500000e+00	5.600000e+00	7.156660e-05	7.156659e-05	7.156659e-05
5.600000e+00	5.700000e+00	0.000000e+00	0.000000e+00	0.000000e+00
5.700000e+00	5.800000e+00	0.000000e+00	0.000000e+00	0.000000e+00
5.800000e+00	5.900000e+00	0.000000e+00	0.000000e+00	0.000000e+00
5.900000e+00	6.000000e+00	0.000000e+00	0.000000e+00	0.000000e+00
6.000000e+00	6.100000e+00	0.000000e+00	0.000000e+00	0.000000e+00
6.100000e+00	6.200000e+00	0.000000e+00	0.000000e+00	0.000000e+00
6.200000e+00	6.300000e+00	0.000000e+00	0.000000e+00	0.000000e+00
6.300000e+00	6.400000e+00	0.000000e+00	0.000000e+00	0.000000e+00
6.400000e+00	6.500000e+00	0.000000e+00	0.000000e+00	0.000000e+00
6.500000e+00	6.600000e+00	0.000000e+00	0.000000e+00	0.000000e+00
6.600000e+00	6.700000e+00	0.000000e+00	0.000000e+00	0.000000e+00
6.700000e+00	6.800000e+00	0.000000e+00	0.000000e+00	0.000000e+00
6.800000e+00	6.900000e+00	0.000000e+00	0.000000e+00	0.000000e+00
6.900000e+00	7.000000e+00	0.000000e+00	0.000000e+00	0.000000e+00
7.000000e+00	7.100000e+00	0.000000e+00	0.000000e+00	0.000000e+00
7.100000e+00	7.200000e+00	0.000000e+00	0.000000e+00	0.000000e+00
7.200000e+00	7.300000e+00	0.000000e+00	0.000000e+00	0.000000e+00
7.300000e+00	7.400000e+00	0.000000e+00	0.000000e+00	0.000000e+00
7.400000e+00	7.500000e+00	0.000000e+00	0.000000e+00	0.000000e+00
7.500000e+00	7.600000e+00	0.000000e+00	0.000000e+00	0.000000e+00
7.600000e+00	7.700000e+00	0.000000e+00	0.000000e+00	0.000000e+00
7.700000e+00	7.800000e+00	0.000000e+00	0.000000e+00	0.000000e+00
7.800000e+00	7.900000e+00	0.000000e+00	0.000000e+00	0.000000e+00
7.900000e+00	8.000000e+00	0.000000e+00	0.000000e+00	0.000000e+00
8.000000e+00	8.100000e+00	0.000000e+00	0.000000e+00	0.000000e+00
8.100000e+00	8.200000e+00	0.000000e+00	0.000000e+00	0.000000e+00
8.200000e+00	8.300000e+00	0.000000e+00	0.000000e+00	0.000000e+00
8.300000e+00	8.400000e+00	0.000000e+00	0.000000e+00	0.000000e+00
8.400000e+00	8.500000e+00	0.000000e+00	0.000000e+00	0.000000e+00
8.500000e+00	8.600000e+00	0.000000e+00	0.000000e+00	0.000000e+00
8.600000e+00	8.700000e+00	0.000000e+00	0.000000e+00	0.000000e+00
8.700000e+00	8.800000e+00	0.000000e+00	0.000000e+00	0.000000e+00
8.800000e+00	8.900000e+00	0.000000e+00	0.000000e+00	0.000000e+00
8.900000e+00	9.000000e+00	0.000000e+00	0.000000e+00	0.000000e+00
9.000000e+00	9.100000e+00	0.000000e+00	0.000000e+00	0.000000e+00
9.100000e+00	9.200000e+00	0.000000e+00	0.000000e+00	0.000000e+00
9.200000e+00	9.300000e+00	0.000000e+00	0.000000e+00	0.000000e+00
9.300000e+00	9.400000e+00	0.000000e+00	0.000000e+00	0.000000e+00
9.400000e+00	9.500000e+00	0.000000e+00	0.000000e+00	0.000000e+00
9.500000e+00	9.600000e+00	0.000000e+00	0.000000e+00	0.000000e+00
9.600000e+00	9.700000e+00	0.000000e+00	0.000000e+00	0.000000e+00
9.700000e+00	9.800000e+00	0.000000e+00	0.000000e+00	0.000000e+00
9.800000e+00	9.900000e+00	0.000000e+00	0.000000e+00	0.000000e+00
9.900000e+00	1.000000e+01	0.000000e+00	0.000000e+00	0.000000e+00
1.000000e+01	1.010000e+01	0.000000e+00	0.000000e+00	0.000000e+00
1.010000e+01	1.020000e+01	0.000000e+00	0.000000e+00	0.000000e+00
1.020000e+01	1.030000e+01	0.000000e+00	0.000000e+00	0.000000e+00
1.030000e+01	1.040000e+01	0.000000e+00	0.000000e+00	0.000000e+00
1.040000e+01	1.050000e+01	0.000000e+00	0.000000e+00	0.000000e+00
1.050000e+01	1.060000e+01	0.000000e+00	0.000000e+00	0.000000e+00
1.060000e+01	1.070000e+01	0.000000e+00	0.000000e+00	0.000000e+00
1.070000e+01	1.080000e+01	0.000000e+00	0.000000e+00	0.000000e+00
1.080000e+01	1.090000e+01	0.000000e+00	0.000000e+00	0.000000e+00
1.090000e+01	1.100000e+01	0.000000e+00	0.000000e+00	0.000000e+00
1.100000e+01	1.110000e+01	0.000000e+00	0.000000e+00	0.000000e+00
1.110000e+01	1.120000e+01	0.000000e+00	0.000000e+00	0.000000e+00
1.120000e+01	1.130000e+01	0.000000e+00	0.000000e+00	0.000000e+00
1.130000e+01	1.140000e+01	0.000000e+00	0.000000e+00	0.000000e+00
1.140000e+01	1.150000e+01	0.000000e+00	0.000000e+00	0.000000e+00
1.150000e+01	1.160000e+01	0.000000e+00	0.000000e+00	0.000000e+00
1.160000e+01	1.170000e+01	0.000000e+00	0.000000e+00	0.000000e+00
1.170000e+01	1.180000e+01	0.000000e+00	0.000000e+00	0.000000e+00
1.180000e+01	1.190000e+01	0.000000e+00	0.000000e+00	0.000000e+00
1.190000e+01	1.200000e+01	0.000000e+00	0.000000e+00	0.000000e+00
1.200000e+01	1.210000e+01	0.000000e+00	0.000000e+00	0.000000e+00
1.210000e+01	1.220000e+01	0.000000e+00	0.000000e+00	0.000000e+00
1.220000e+01	1.230000e+01	0.000000e+00	0.000000e+00	0.000000e+00
1.230000e+01	1.240000e+01	0.000000e+00	0.000000e+00	0.000000e+00
1.240000e+01	1.250000e+01	0.000000e+00	0.000000e+00	0.000000e+00
1.250000e+01	1.260000e+01	0.000000e+00	0.000000e+00	0.000000e+00
1.260000e+01	1.270000e+01	0.000000e+00	0.000000e+00	0.000000e+00
1.270000e+01	1.280000e+01	0.000000e+00	0.000000e+00	0.000000e+00
1.280000e+01	1.290000e+01	0.000000e+00	0.000000e+00	0.000000e+00
1.290000e+01	1.300000e+01	0.000000e+00	0.000000e+00	0.000000e+00
1.300000e+01	1.310000e+01	0.000000e+00	0.000000e+00	0.000000e+00
1.310000e+01	1.320000e+01	0.000000e+00	0.000000e+00	0.000000e+00
1.320000e+01	1.330000e+01	0.000000e+00	0.000000e+00	0.000000e+00
1.330000e+01	1.340000e+01	0.000000e+00	0.000000e+00	0.000000e+00
1.340000e+01	1.350000e+01	0.000000e+00	0.000000e+00	0.000000e+00
1.350000e+01	1.360000e+01	0.000000e+00	0.000000e+00	0.000000e+00
1.360000e+01	1.370000e+01	0.000000e+00	0.000000e+00	0.000000e+00
1.370000e+01	1.380000e+01	0.000000e+00	0.000000e+00	0.000000e+00
1.380000e+01	1.390000e+01	0.000000e+00	0.000000e+00	0.000000e+00
1.390000e+01	1.400000e+01	0.000000e+00	0.000000e+00	0.000000e+00
1.400000e+01	1.410000e+01	0.000000e+00	0.000000e+00	0.000000e+00
1.410000e+01	1.420000e+01	0.000000e+00	0.000000e+00	0.000000e+00
1.420000e+01	1.430000e+01	0.000000e+00	0.000000e+00	0.000000e+00
1.430000e+01	1.440000e+01	0.000000e+00	0.000000e+00	0.000000e+00
1.440000e+01	1.450000e+01	0.000000e+00	0.000000e+00	0.000000e+00
1.450000e+01	1.460000e+01	0.000000e+00	0.000000e+00	0.000000e+00
1.460000e+01	1.470000e+01	0.000000e+00	0.000000e+00	0.000000e+00
1.470000e+01	1.480000e+01	0.000000e+00	0.000000e+00	0.000000e+00
1.480000e+01	1.490000e+01	0.000000e+00	0.000000e+00	0.000000e+00
1.490000e+01	1.500000e+01	0.000000e+00	0.000000e+00	0.000000e+00
# END HISTO1D

