# BEGIN PLOT
LegendOnly=//home/frederic/Work/Software/LesHouches2017/lh2017-alphas/pythia-alphas/robustness/eff-as015015-quark.yoda/MC_LHJSS_Zjet/log_Angularity_zcut_0.2_beta_0_alpha_0.5 //home/frederic/Work/Software/LesHouches2017/lh2017-alphas/pythia-alphas/robustness/eff-as015015-gluon.yoda/MC_LHJSS_Zjet/log_Angularity_zcut_0.2_beta_0_alpha_0.5
DrawOnly=//home/frederic/Work/Software/LesHouches2017/lh2017-alphas/pythia-alphas/robustness/eff-as015015-quark.yoda/MC_LHJSS_Zjet/log_Angularity_zcut_0.2_beta_0_alpha_0.5 //home/frederic/Work/Software/LesHouches2017/lh2017-alphas/pythia-alphas/robustness/eff-as015015-gluon.yoda/MC_LHJSS_Zjet/log_Angularity_zcut_0.2_beta_0_alpha_0.5
Title=Angularity, $\alpha$ = 0.5 $z_{cut}$ = 0.2 $\beta$ = 0
RatioPlot=1
LogX=0
LogY=0
RatioPlotYLabel=Ratio
RatioPlotReference=//home/frederic/Work/Software/LesHouches2017/lh2017-alphas/pythia-alphas/robustness/eff-as015015-quark.yoda/MC_LHJSS_Zjet/log_Angularity_zcut_0.2_beta_0_alpha_0.5
XLabel=$e_\alpha$
YLabel=$1/\sigma \text{d}\sigma/\text{d}e_\alpha$
Legend=1
# END PLOT

# BEGIN HISTO1D //home/frederic/Work/Software/LesHouches2017/lh2017-alphas/pythia-alphas/robustness/eff-as015015-quark.yoda/MC_LHJSS_Zjet/log_Angularity_zcut_0.2_beta_0_alpha_0.5
LineColor=red
LineStyle=solid
NormalizeToSum=1
Path=//home/frederic/Work/Software/LesHouches2017/lh2017-alphas/pythia-alphas/robustness/eff-as015015-quark.yoda/MC_LHJSS_Zjet/log_Angularity_zcut_0.2_beta_0_alpha_0.5
ScaledBy=1.0
Title=eff-as015015-quark
XLabel=
YLabel=
# xlow	 xhigh	 val	 errminus	 errplus
0.000000e+00	1.000000e-01	3.115653e-04	3.115653e-04	3.115653e-04
1.000000e-01	2.000000e-01	8.253345e-05	5.835996e-05	5.835996e-05
2.000000e-01	3.000000e-01	7.966472e-05	2.283657e-04	2.283657e-04
3.000000e-01	4.000000e-01	3.387956e-04	4.782400e-04	4.782400e-04
4.000000e-01	5.000000e-01	2.000554e-04	3.743402e-04	3.743402e-04
5.000000e-01	6.000000e-01	7.515639e-05	2.301596e-04	2.301596e-04
6.000000e-01	7.000000e-01	1.507441e-04	3.259268e-04	3.259268e-04
7.000000e-01	8.000000e-01	1.205326e-03	9.191685e-04	9.191685e-04
8.000000e-01	9.000000e-01	1.806686e-03	1.124559e-03	1.124559e-03
9.000000e-01	1.000000e+00	5.595072e-04	6.276514e-04	6.276514e-04
1.000000e+00	1.100000e+00	7.375779e-04	7.205134e-04	7.205134e-04
1.100000e+00	1.200000e+00	1.623017e-05	1.070159e-04	1.070159e-04
1.200000e+00	1.300000e+00	1.018829e-05	8.478963e-05	8.478963e-05
1.300000e+00	1.400000e+00	2.444579e-04	4.151837e-04	4.151837e-04
1.400000e+00	1.500000e+00	1.811884e-04	3.574728e-04	3.574728e-04
1.500000e+00	1.600000e+00	7.569220e-05	2.310862e-04	2.310862e-04
1.600000e+00	1.700000e+00	1.768596e-04	3.531807e-04	3.531807e-04
1.700000e+00	1.800000e+00	2.769682e-04	4.419091e-04	4.419091e-04
1.800000e+00	1.900000e+00	1.165928e-04	2.867878e-04	2.867878e-04
1.900000e+00	2.000000e+00	3.097479e-06	4.675210e-05	4.675210e-05
2.000000e+00	2.100000e+00	6.577989e-06	6.813046e-05	6.813046e-05
2.100000e+00	2.200000e+00	2.057722e-05	1.204978e-04	1.204978e-04
2.200000e+00	2.300000e+00	3.805013e-04	5.178959e-04	5.178959e-04
2.300000e+00	2.400000e+00	1.524349e-03	1.035132e-03	1.035132e-03
2.400000e+00	2.500000e+00	1.327129e-02	3.014298e-03	3.014298e-03
2.500000e+00	2.600000e+00	1.636697e-02	3.338865e-03	3.338865e-03
2.600000e+00	2.700000e+00	3.960557e-02	5.096187e-03	5.096187e-03
2.700000e+00	2.800000e+00	4.325934e-02	5.316134e-03	5.316134e-03
2.800000e+00	2.900000e+00	4.171053e-02	5.228995e-03	5.228995e-03
2.900000e+00	3.000000e+00	3.508657e-02	4.824205e-03	4.824205e-03
3.000000e+00	3.100000e+00	1.933967e-02	3.624104e-03	3.624104e-03
3.100000e+00	3.200000e+00	5.582408e-03	1.973292e-03	1.973292e-03
3.200000e+00	3.300000e+00	1.052155e-03	8.605859e-04	8.605859e-04
3.300000e+00	3.400000e+00	9.729315e-05	2.619870e-04	2.619870e-04
3.400000e+00	3.500000e+00	1.426635e-03	1.001095e-03	1.001095e-03
3.500000e+00	3.600000e+00	3.373182e-03	1.533501e-03	1.533501e-03
3.600000e+00	3.700000e+00	3.184823e-03	1.489391e-03	1.489391e-03
3.700000e+00	3.800000e+00	6.543543e-03	2.112634e-03	2.112634e-03
3.800000e+00	3.900000e+00	2.363608e-03	1.281910e-03	1.281910e-03
3.900000e+00	4.000000e+00	1.217103e-03	9.222469e-04	9.222469e-04
4.000000e+00	4.100000e+00	9.868198e-05	2.637378e-04	2.637378e-04
4.100000e+00	4.200000e+00	1.036556e-04	2.702477e-04	2.702477e-04
4.200000e+00	4.300000e+00	4.805154e-05	1.840442e-04	1.840442e-04
4.300000e+00	4.400000e+00	9.361424e-04	8.027708e-04	8.027708e-04
4.400000e+00	4.500000e+00	2.087179e-03	1.173932e-03	1.173932e-03
4.500000e+00	4.600000e+00	5.530072e-04	6.168051e-04	6.168051e-04
4.600000e+00	4.700000e+00	1.500303e-03	9.773074e-04	9.773074e-04
4.700000e+00	4.800000e+00	2.434561e-03	1.196234e-03	1.196234e-03
4.800000e+00	4.900000e+00	1.178056e-03	8.310315e-04	8.310315e-04
4.900000e+00	5.000000e+00	9.167725e-04	7.371396e-04	7.371396e-04
5.000000e+00	5.100000e+00	4.900542e-04	5.605652e-04	5.605652e-04
5.100000e+00	5.200000e+00	1.274329e-04	2.930584e-04	2.930584e-04
5.200000e+00	5.300000e+00	2.647793e-05	1.348213e-04	1.348213e-04
5.300000e+00	5.400000e+00	1.619592e-04	3.163876e-04	3.163876e-04
5.400000e+00	5.500000e+00	8.097967e-05	2.237199e-04	2.237199e-04
5.500000e+00	5.600000e+00	4.502797e-05	1.723369e-04	1.723369e-04
5.600000e+00	5.700000e+00	1.238001e-04	7.147606e-05	7.147606e-05
5.700000e+00	5.800000e+00	0.000000e+00	0.000000e+00	0.000000e+00
5.800000e+00	5.900000e+00	0.000000e+00	0.000000e+00	0.000000e+00
5.900000e+00	6.000000e+00	3.115653e-04	3.115653e-04	3.115653e-04
6.000000e+00	6.100000e+00	0.000000e+00	0.000000e+00	0.000000e+00
6.100000e+00	6.200000e+00	0.000000e+00	0.000000e+00	0.000000e+00
6.200000e+00	6.300000e+00	0.000000e+00	0.000000e+00	0.000000e+00
6.300000e+00	6.400000e+00	0.000000e+00	0.000000e+00	0.000000e+00
6.400000e+00	6.500000e+00	0.000000e+00	0.000000e+00	0.000000e+00
6.500000e+00	6.600000e+00	0.000000e+00	0.000000e+00	0.000000e+00
6.600000e+00	6.700000e+00	0.000000e+00	0.000000e+00	0.000000e+00
6.700000e+00	6.800000e+00	0.000000e+00	0.000000e+00	0.000000e+00
6.800000e+00	6.900000e+00	0.000000e+00	0.000000e+00	0.000000e+00
6.900000e+00	7.000000e+00	0.000000e+00	0.000000e+00	0.000000e+00
7.000000e+00	7.100000e+00	0.000000e+00	0.000000e+00	0.000000e+00
7.100000e+00	7.200000e+00	0.000000e+00	0.000000e+00	0.000000e+00
7.200000e+00	7.300000e+00	0.000000e+00	0.000000e+00	0.000000e+00
7.300000e+00	7.400000e+00	0.000000e+00	0.000000e+00	0.000000e+00
7.400000e+00	7.500000e+00	0.000000e+00	0.000000e+00	0.000000e+00
7.500000e+00	7.600000e+00	0.000000e+00	0.000000e+00	0.000000e+00
7.600000e+00	7.700000e+00	0.000000e+00	0.000000e+00	0.000000e+00
7.700000e+00	7.800000e+00	0.000000e+00	0.000000e+00	0.000000e+00
7.800000e+00	7.900000e+00	0.000000e+00	0.000000e+00	0.000000e+00
7.900000e+00	8.000000e+00	0.000000e+00	0.000000e+00	0.000000e+00
8.000000e+00	8.100000e+00	0.000000e+00	0.000000e+00	0.000000e+00
8.100000e+00	8.200000e+00	0.000000e+00	0.000000e+00	0.000000e+00
8.200000e+00	8.300000e+00	0.000000e+00	0.000000e+00	0.000000e+00
8.300000e+00	8.400000e+00	0.000000e+00	0.000000e+00	0.000000e+00
8.400000e+00	8.500000e+00	0.000000e+00	0.000000e+00	0.000000e+00
8.500000e+00	8.600000e+00	0.000000e+00	0.000000e+00	0.000000e+00
8.600000e+00	8.700000e+00	0.000000e+00	0.000000e+00	0.000000e+00
8.700000e+00	8.800000e+00	0.000000e+00	0.000000e+00	0.000000e+00
8.800000e+00	8.900000e+00	0.000000e+00	0.000000e+00	0.000000e+00
8.900000e+00	9.000000e+00	0.000000e+00	0.000000e+00	0.000000e+00
9.000000e+00	9.100000e+00	0.000000e+00	0.000000e+00	0.000000e+00
9.100000e+00	9.200000e+00	0.000000e+00	0.000000e+00	0.000000e+00
9.200000e+00	9.300000e+00	0.000000e+00	0.000000e+00	0.000000e+00
9.300000e+00	9.400000e+00	0.000000e+00	0.000000e+00	0.000000e+00
9.400000e+00	9.500000e+00	0.000000e+00	0.000000e+00	0.000000e+00
9.500000e+00	9.600000e+00	0.000000e+00	0.000000e+00	0.000000e+00
9.600000e+00	9.700000e+00	0.000000e+00	0.000000e+00	0.000000e+00
9.700000e+00	9.800000e+00	0.000000e+00	0.000000e+00	0.000000e+00
9.800000e+00	9.900000e+00	0.000000e+00	0.000000e+00	0.000000e+00
9.900000e+00	1.000000e+01	0.000000e+00	0.000000e+00	0.000000e+00
1.000000e+01	1.010000e+01	0.000000e+00	0.000000e+00	0.000000e+00
1.010000e+01	1.020000e+01	0.000000e+00	0.000000e+00	0.000000e+00
1.020000e+01	1.030000e+01	0.000000e+00	0.000000e+00	0.000000e+00
1.030000e+01	1.040000e+01	0.000000e+00	0.000000e+00	0.000000e+00
1.040000e+01	1.050000e+01	0.000000e+00	0.000000e+00	0.000000e+00
1.050000e+01	1.060000e+01	0.000000e+00	0.000000e+00	0.000000e+00
1.060000e+01	1.070000e+01	0.000000e+00	0.000000e+00	0.000000e+00
1.070000e+01	1.080000e+01	0.000000e+00	0.000000e+00	0.000000e+00
1.080000e+01	1.090000e+01	0.000000e+00	0.000000e+00	0.000000e+00
1.090000e+01	1.100000e+01	0.000000e+00	0.000000e+00	0.000000e+00
1.100000e+01	1.110000e+01	0.000000e+00	0.000000e+00	0.000000e+00
1.110000e+01	1.120000e+01	0.000000e+00	0.000000e+00	0.000000e+00
1.120000e+01	1.130000e+01	0.000000e+00	0.000000e+00	0.000000e+00
1.130000e+01	1.140000e+01	0.000000e+00	0.000000e+00	0.000000e+00
1.140000e+01	1.150000e+01	0.000000e+00	0.000000e+00	0.000000e+00
1.150000e+01	1.160000e+01	0.000000e+00	0.000000e+00	0.000000e+00
1.160000e+01	1.170000e+01	0.000000e+00	0.000000e+00	0.000000e+00
1.170000e+01	1.180000e+01	0.000000e+00	0.000000e+00	0.000000e+00
1.180000e+01	1.190000e+01	0.000000e+00	0.000000e+00	0.000000e+00
1.190000e+01	1.200000e+01	0.000000e+00	0.000000e+00	0.000000e+00
1.200000e+01	1.210000e+01	0.000000e+00	0.000000e+00	0.000000e+00
1.210000e+01	1.220000e+01	0.000000e+00	0.000000e+00	0.000000e+00
1.220000e+01	1.230000e+01	0.000000e+00	0.000000e+00	0.000000e+00
1.230000e+01	1.240000e+01	0.000000e+00	0.000000e+00	0.000000e+00
1.240000e+01	1.250000e+01	0.000000e+00	0.000000e+00	0.000000e+00
1.250000e+01	1.260000e+01	0.000000e+00	0.000000e+00	0.000000e+00
1.260000e+01	1.270000e+01	0.000000e+00	0.000000e+00	0.000000e+00
1.270000e+01	1.280000e+01	0.000000e+00	0.000000e+00	0.000000e+00
1.280000e+01	1.290000e+01	0.000000e+00	0.000000e+00	0.000000e+00
1.290000e+01	1.300000e+01	0.000000e+00	0.000000e+00	0.000000e+00
1.300000e+01	1.310000e+01	0.000000e+00	0.000000e+00	0.000000e+00
1.310000e+01	1.320000e+01	0.000000e+00	0.000000e+00	0.000000e+00
1.320000e+01	1.330000e+01	0.000000e+00	0.000000e+00	0.000000e+00
1.330000e+01	1.340000e+01	0.000000e+00	0.000000e+00	0.000000e+00
1.340000e+01	1.350000e+01	0.000000e+00	0.000000e+00	0.000000e+00
1.350000e+01	1.360000e+01	0.000000e+00	0.000000e+00	0.000000e+00
1.360000e+01	1.370000e+01	0.000000e+00	0.000000e+00	0.000000e+00
1.370000e+01	1.380000e+01	0.000000e+00	0.000000e+00	0.000000e+00
1.380000e+01	1.390000e+01	0.000000e+00	0.000000e+00	0.000000e+00
1.390000e+01	1.400000e+01	0.000000e+00	0.000000e+00	0.000000e+00
1.400000e+01	1.410000e+01	0.000000e+00	0.000000e+00	0.000000e+00
1.410000e+01	1.420000e+01	0.000000e+00	0.000000e+00	0.000000e+00
1.420000e+01	1.430000e+01	0.000000e+00	0.000000e+00	0.000000e+00
1.430000e+01	1.440000e+01	0.000000e+00	0.000000e+00	0.000000e+00
1.440000e+01	1.450000e+01	0.000000e+00	0.000000e+00	0.000000e+00
1.450000e+01	1.460000e+01	0.000000e+00	0.000000e+00	0.000000e+00
1.460000e+01	1.470000e+01	0.000000e+00	0.000000e+00	0.000000e+00
1.470000e+01	1.480000e+01	0.000000e+00	0.000000e+00	0.000000e+00
1.480000e+01	1.490000e+01	0.000000e+00	0.000000e+00	0.000000e+00
1.490000e+01	1.500000e+01	0.000000e+00	0.000000e+00	0.000000e+00
# END HISTO1D

# BEGIN HISTO1D //home/frederic/Work/Software/LesHouches2017/lh2017-alphas/pythia-alphas/robustness/eff-as015015-gluon.yoda/MC_LHJSS_Zjet/log_Angularity_zcut_0.2_beta_0_alpha_0.5
LineColor=blue
LineStyle=solid
NormalizeToSum=1
Path=//home/frederic/Work/Software/LesHouches2017/lh2017-alphas/pythia-alphas/robustness/eff-as015015-gluon.yoda/MC_LHJSS_Zjet/log_Angularity_zcut_0.2_beta_0_alpha_0.5
ScaledBy=1.0
Title=eff-as015015-gluon
XLabel=
YLabel=
# xlow	 xhigh	 val	 errminus	 errplus
0.000000e+00	1.000000e-01	0.000000e+00	0.000000e+00	0.000000e+00
1.000000e-01	2.000000e-01	8.194615e-05	2.450881e-04	2.450881e-04
2.000000e-01	3.000000e-01	6.681119e-04	6.133679e-04	6.133679e-04
3.000000e-01	4.000000e-01	3.116342e-04	5.046824e-04	5.046824e-04
4.000000e-01	5.000000e-01	1.083572e-03	9.405257e-04	9.405257e-04
5.000000e-01	6.000000e-01	1.625566e-03	1.154723e-03	1.154723e-03
6.000000e-01	7.000000e-01	3.249811e-03	1.631594e-03	1.631594e-03
7.000000e-01	8.000000e-01	1.322207e-03	1.044751e-03	1.044751e-03
8.000000e-01	9.000000e-01	2.144519e-04	4.213982e-04	4.213982e-04
9.000000e-01	1.000000e+00	1.048554e-03	9.311307e-04	9.311307e-04
1.000000e+00	1.100000e+00	2.993359e-03	1.570858e-03	1.570858e-03
1.100000e+00	1.200000e+00	1.596364e-03	1.148521e-03	1.148521e-03
1.200000e+00	1.300000e+00	2.320430e-05	1.386458e-04	1.386458e-04
1.300000e+00	1.400000e+00	1.658747e-05	1.172235e-04	1.172235e-04
1.400000e+00	1.500000e+00	2.730603e-04	4.755118e-04	4.755118e-04
1.500000e+00	1.600000e+00	2.021183e-04	4.091291e-04	4.091291e-04
1.600000e+00	1.700000e+00	5.653852e-05	2.164120e-04	2.164120e-04
1.700000e+00	1.800000e+00	4.669418e-04	6.217029e-04	6.217029e-04
1.800000e+00	1.900000e+00	2.671482e-06	4.704415e-05	4.704415e-05
1.900000e+00	2.000000e+00	1.125422e-03	9.645730e-04	9.645730e-04
2.000000e+00	2.100000e+00	2.584208e-03	1.459530e-03	1.459530e-03
2.100000e+00	2.200000e+00	4.608479e-03	1.945377e-03	1.945377e-03
2.200000e+00	2.300000e+00	1.002748e-02	2.856056e-03	2.856056e-03
2.300000e+00	2.400000e+00	1.665770e-02	3.657410e-03	3.657410e-03
2.400000e+00	2.500000e+00	7.278179e-03	2.436610e-03	2.436610e-03
2.500000e+00	2.600000e+00	2.753287e-03	1.505289e-03	1.505289e-03
2.600000e+00	2.700000e+00	9.769940e-04	8.984996e-04	8.984996e-04
2.700000e+00	2.800000e+00	8.087462e-05	2.588114e-04	2.588114e-04
2.800000e+00	2.900000e+00	1.608630e-03	1.150943e-03	1.150943e-03
2.900000e+00	3.000000e+00	2.709745e-03	1.488278e-03	1.488278e-03
3.000000e+00	3.100000e+00	5.227074e-03	2.051371e-03	2.051371e-03
3.100000e+00	3.200000e+00	7.829400e-03	2.479512e-03	2.479512e-03
3.200000e+00	3.300000e+00	1.332177e-02	3.138363e-03	3.138363e-03
3.300000e+00	3.400000e+00	6.391035e-03	2.234409e-03	2.234409e-03
3.400000e+00	3.500000e+00	8.815620e-03	2.564913e-03	2.564913e-03
3.500000e+00	3.600000e+00	7.881770e-03	2.421956e-03	2.421956e-03
3.600000e+00	3.700000e+00	1.278643e-02	2.853825e-03	2.853825e-03
3.700000e+00	3.800000e+00	8.277658e-03	2.367605e-03	2.367605e-03
3.800000e+00	3.900000e+00	4.369197e-03	1.759994e-03	1.759994e-03
3.900000e+00	4.000000e+00	1.084945e-03	9.288142e-04	9.288142e-04
4.000000e+00	4.100000e+00	1.019921e-03	8.938432e-04	8.938432e-04
4.100000e+00	4.200000e+00	3.071253e-05	1.593669e-04	1.593669e-04
4.200000e+00	4.300000e+00	6.606406e-05	2.332298e-04	2.332298e-04
4.300000e+00	4.400000e+00	2.400767e-04	4.309436e-04	4.309436e-04
4.400000e+00	4.500000e+00	3.319483e-04	5.061672e-04	5.061672e-04
4.500000e+00	4.600000e+00	8.567916e-05	2.612698e-04	2.612698e-04
4.600000e+00	4.700000e+00	8.812439e-05	2.650746e-04	2.650746e-04
4.700000e+00	4.800000e+00	9.208960e-05	2.656971e-04	2.656971e-04
4.800000e+00	4.900000e+00	2.862663e-04	1.431332e-04	1.431332e-04
4.900000e+00	5.000000e+00	7.156660e-05	7.156659e-05	7.156659e-05
5.000000e+00	5.100000e+00	2.937481e-05	1.530409e-04	1.530409e-04
5.100000e+00	5.200000e+00	2.146998e-04	1.239570e-04	1.239570e-04
5.200000e+00	5.300000e+00	3.426535e-04	3.426535e-04	3.426535e-04
5.300000e+00	5.400000e+00	7.156660e-05	7.156659e-05	7.156659e-05
5.400000e+00	5.500000e+00	0.000000e+00	0.000000e+00	0.000000e+00
5.500000e+00	5.600000e+00	0.000000e+00	0.000000e+00	0.000000e+00
5.600000e+00	5.700000e+00	0.000000e+00	0.000000e+00	0.000000e+00
5.700000e+00	5.800000e+00	0.000000e+00	0.000000e+00	0.000000e+00
5.800000e+00	5.900000e+00	0.000000e+00	0.000000e+00	0.000000e+00
5.900000e+00	6.000000e+00	0.000000e+00	0.000000e+00	0.000000e+00
6.000000e+00	6.100000e+00	0.000000e+00	0.000000e+00	0.000000e+00
6.100000e+00	6.200000e+00	0.000000e+00	0.000000e+00	0.000000e+00
6.200000e+00	6.300000e+00	0.000000e+00	0.000000e+00	0.000000e+00
6.300000e+00	6.400000e+00	0.000000e+00	0.000000e+00	0.000000e+00
6.400000e+00	6.500000e+00	0.000000e+00	0.000000e+00	0.000000e+00
6.500000e+00	6.600000e+00	0.000000e+00	0.000000e+00	0.000000e+00
6.600000e+00	6.700000e+00	0.000000e+00	0.000000e+00	0.000000e+00
6.700000e+00	6.800000e+00	0.000000e+00	0.000000e+00	0.000000e+00
6.800000e+00	6.900000e+00	0.000000e+00	0.000000e+00	0.000000e+00
6.900000e+00	7.000000e+00	0.000000e+00	0.000000e+00	0.000000e+00
7.000000e+00	7.100000e+00	0.000000e+00	0.000000e+00	0.000000e+00
7.100000e+00	7.200000e+00	0.000000e+00	0.000000e+00	0.000000e+00
7.200000e+00	7.300000e+00	0.000000e+00	0.000000e+00	0.000000e+00
7.300000e+00	7.400000e+00	0.000000e+00	0.000000e+00	0.000000e+00
7.400000e+00	7.500000e+00	0.000000e+00	0.000000e+00	0.000000e+00
7.500000e+00	7.600000e+00	0.000000e+00	0.000000e+00	0.000000e+00
7.600000e+00	7.700000e+00	0.000000e+00	0.000000e+00	0.000000e+00
7.700000e+00	7.800000e+00	0.000000e+00	0.000000e+00	0.000000e+00
7.800000e+00	7.900000e+00	0.000000e+00	0.000000e+00	0.000000e+00
7.900000e+00	8.000000e+00	0.000000e+00	0.000000e+00	0.000000e+00
8.000000e+00	8.100000e+00	0.000000e+00	0.000000e+00	0.000000e+00
8.100000e+00	8.200000e+00	0.000000e+00	0.000000e+00	0.000000e+00
8.200000e+00	8.300000e+00	0.000000e+00	0.000000e+00	0.000000e+00
8.300000e+00	8.400000e+00	0.000000e+00	0.000000e+00	0.000000e+00
8.400000e+00	8.500000e+00	0.000000e+00	0.000000e+00	0.000000e+00
8.500000e+00	8.600000e+00	0.000000e+00	0.000000e+00	0.000000e+00
8.600000e+00	8.700000e+00	0.000000e+00	0.000000e+00	0.000000e+00
8.700000e+00	8.800000e+00	0.000000e+00	0.000000e+00	0.000000e+00
8.800000e+00	8.900000e+00	0.000000e+00	0.000000e+00	0.000000e+00
8.900000e+00	9.000000e+00	0.000000e+00	0.000000e+00	0.000000e+00
9.000000e+00	9.100000e+00	0.000000e+00	0.000000e+00	0.000000e+00
9.100000e+00	9.200000e+00	0.000000e+00	0.000000e+00	0.000000e+00
9.200000e+00	9.300000e+00	0.000000e+00	0.000000e+00	0.000000e+00
9.300000e+00	9.400000e+00	0.000000e+00	0.000000e+00	0.000000e+00
9.400000e+00	9.500000e+00	0.000000e+00	0.000000e+00	0.000000e+00
9.500000e+00	9.600000e+00	0.000000e+00	0.000000e+00	0.000000e+00
9.600000e+00	9.700000e+00	0.000000e+00	0.000000e+00	0.000000e+00
9.700000e+00	9.800000e+00	0.000000e+00	0.000000e+00	0.000000e+00
9.800000e+00	9.900000e+00	0.000000e+00	0.000000e+00	0.000000e+00
9.900000e+00	1.000000e+01	0.000000e+00	0.000000e+00	0.000000e+00
1.000000e+01	1.010000e+01	0.000000e+00	0.000000e+00	0.000000e+00
1.010000e+01	1.020000e+01	0.000000e+00	0.000000e+00	0.000000e+00
1.020000e+01	1.030000e+01	0.000000e+00	0.000000e+00	0.000000e+00
1.030000e+01	1.040000e+01	0.000000e+00	0.000000e+00	0.000000e+00
1.040000e+01	1.050000e+01	0.000000e+00	0.000000e+00	0.000000e+00
1.050000e+01	1.060000e+01	0.000000e+00	0.000000e+00	0.000000e+00
1.060000e+01	1.070000e+01	0.000000e+00	0.000000e+00	0.000000e+00
1.070000e+01	1.080000e+01	0.000000e+00	0.000000e+00	0.000000e+00
1.080000e+01	1.090000e+01	0.000000e+00	0.000000e+00	0.000000e+00
1.090000e+01	1.100000e+01	0.000000e+00	0.000000e+00	0.000000e+00
1.100000e+01	1.110000e+01	0.000000e+00	0.000000e+00	0.000000e+00
1.110000e+01	1.120000e+01	0.000000e+00	0.000000e+00	0.000000e+00
1.120000e+01	1.130000e+01	0.000000e+00	0.000000e+00	0.000000e+00
1.130000e+01	1.140000e+01	0.000000e+00	0.000000e+00	0.000000e+00
1.140000e+01	1.150000e+01	0.000000e+00	0.000000e+00	0.000000e+00
1.150000e+01	1.160000e+01	0.000000e+00	0.000000e+00	0.000000e+00
1.160000e+01	1.170000e+01	0.000000e+00	0.000000e+00	0.000000e+00
1.170000e+01	1.180000e+01	0.000000e+00	0.000000e+00	0.000000e+00
1.180000e+01	1.190000e+01	0.000000e+00	0.000000e+00	0.000000e+00
1.190000e+01	1.200000e+01	0.000000e+00	0.000000e+00	0.000000e+00
1.200000e+01	1.210000e+01	0.000000e+00	0.000000e+00	0.000000e+00
1.210000e+01	1.220000e+01	0.000000e+00	0.000000e+00	0.000000e+00
1.220000e+01	1.230000e+01	0.000000e+00	0.000000e+00	0.000000e+00
1.230000e+01	1.240000e+01	0.000000e+00	0.000000e+00	0.000000e+00
1.240000e+01	1.250000e+01	0.000000e+00	0.000000e+00	0.000000e+00
1.250000e+01	1.260000e+01	0.000000e+00	0.000000e+00	0.000000e+00
1.260000e+01	1.270000e+01	0.000000e+00	0.000000e+00	0.000000e+00
1.270000e+01	1.280000e+01	0.000000e+00	0.000000e+00	0.000000e+00
1.280000e+01	1.290000e+01	0.000000e+00	0.000000e+00	0.000000e+00
1.290000e+01	1.300000e+01	0.000000e+00	0.000000e+00	0.000000e+00
1.300000e+01	1.310000e+01	0.000000e+00	0.000000e+00	0.000000e+00
1.310000e+01	1.320000e+01	0.000000e+00	0.000000e+00	0.000000e+00
1.320000e+01	1.330000e+01	0.000000e+00	0.000000e+00	0.000000e+00
1.330000e+01	1.340000e+01	0.000000e+00	0.000000e+00	0.000000e+00
1.340000e+01	1.350000e+01	0.000000e+00	0.000000e+00	0.000000e+00
1.350000e+01	1.360000e+01	0.000000e+00	0.000000e+00	0.000000e+00
1.360000e+01	1.370000e+01	0.000000e+00	0.000000e+00	0.000000e+00
1.370000e+01	1.380000e+01	0.000000e+00	0.000000e+00	0.000000e+00
1.380000e+01	1.390000e+01	0.000000e+00	0.000000e+00	0.000000e+00
1.390000e+01	1.400000e+01	0.000000e+00	0.000000e+00	0.000000e+00
1.400000e+01	1.410000e+01	0.000000e+00	0.000000e+00	0.000000e+00
1.410000e+01	1.420000e+01	0.000000e+00	0.000000e+00	0.000000e+00
1.420000e+01	1.430000e+01	0.000000e+00	0.000000e+00	0.000000e+00
1.430000e+01	1.440000e+01	0.000000e+00	0.000000e+00	0.000000e+00
1.440000e+01	1.450000e+01	0.000000e+00	0.000000e+00	0.000000e+00
1.450000e+01	1.460000e+01	0.000000e+00	0.000000e+00	0.000000e+00
1.460000e+01	1.470000e+01	0.000000e+00	0.000000e+00	0.000000e+00
1.470000e+01	1.480000e+01	0.000000e+00	0.000000e+00	0.000000e+00
1.480000e+01	1.490000e+01	0.000000e+00	0.000000e+00	0.000000e+00
1.490000e+01	1.500000e+01	0.000000e+00	0.000000e+00	0.000000e+00
# END HISTO1D

