# BEGIN PLOT
LegendOnly=//home/frederic/Work/Software/LesHouches2017/lh2017-alphas/pythia-alphas/robustness/eff-as015015-quark.yoda/MC_LHJSS_Zjet/log_theta_g_zcut_0.05_beta_1_alpha_0.5 //home/frederic/Work/Software/LesHouches2017/lh2017-alphas/pythia-alphas/robustness/eff-as015015-gluon.yoda/MC_LHJSS_Zjet/log_theta_g_zcut_0.05_beta_1_alpha_0.5
DrawOnly=//home/frederic/Work/Software/LesHouches2017/lh2017-alphas/pythia-alphas/robustness/eff-as015015-quark.yoda/MC_LHJSS_Zjet/log_theta_g_zcut_0.05_beta_1_alpha_0.5 //home/frederic/Work/Software/LesHouches2017/lh2017-alphas/pythia-alphas/robustness/eff-as015015-gluon.yoda/MC_LHJSS_Zjet/log_theta_g_zcut_0.05_beta_1_alpha_0.5
Title=$\theta_g$, $\alpha$ = 0.5 $z_{cut}$ = 0.05 $\beta$ = 1
RatioPlot=1
LogX=0
LogY=0
RatioPlotYLabel=Ratio
RatioPlotReference=//home/frederic/Work/Software/LesHouches2017/lh2017-alphas/pythia-alphas/robustness/eff-as015015-quark.yoda/MC_LHJSS_Zjet/log_theta_g_zcut_0.05_beta_1_alpha_0.5
XLabel=$\theta_g$
YLabel=$1/\sigma \text{d}\sigma/\text{d}\theta_g$
Legend=1
# END PLOT

# BEGIN HISTO1D //home/frederic/Work/Software/LesHouches2017/lh2017-alphas/pythia-alphas/robustness/eff-as015015-quark.yoda/MC_LHJSS_Zjet/log_theta_g_zcut_0.05_beta_1_alpha_0.5
LineColor=red
LineStyle=solid
NormalizeToSum=1
Path=//home/frederic/Work/Software/LesHouches2017/lh2017-alphas/pythia-alphas/robustness/eff-as015015-quark.yoda/MC_LHJSS_Zjet/log_theta_g_zcut_0.05_beta_1_alpha_0.5
ScaledBy=1.0
Title=eff-as015015-quark
XLabel=
YLabel=
# xlow	 xhigh	 val	 errminus	 errplus
0.000000e+00	1.000000e-01	1.879452e-05	1.150888e-04	1.150888e-04
1.000000e-01	2.000000e-01	2.761262e-04	4.408621e-04	4.408621e-04
2.000000e-01	3.000000e-01	2.872927e-05	1.423788e-04	1.423788e-04
3.000000e-01	4.000000e-01	2.904367e-04	4.525802e-04	4.525802e-04
4.000000e-01	5.000000e-01	5.978199e-05	2.053797e-04	2.053797e-04
5.000000e-01	6.000000e-01	1.724488e-03	1.101349e-03	1.101349e-03
6.000000e-01	7.000000e-01	4.802832e-04	5.818857e-04	5.818857e-04
7.000000e-01	8.000000e-01	9.648041e-06	8.251145e-05	8.251145e-05
8.000000e-01	9.000000e-01	3.073774e-04	4.655899e-04	4.655899e-04
9.000000e-01	1.000000e+00	1.719888e-04	3.483154e-04	3.483154e-04
1.000000e+00	1.100000e+00	1.860652e-07	1.145860e-05	1.145860e-05
1.100000e+00	1.200000e+00	2.190640e-05	1.243297e-04	1.243297e-04
1.200000e+00	1.300000e+00	8.085377e-05	2.388433e-04	2.388433e-04
1.300000e+00	1.400000e+00	9.083371e-05	2.531529e-04	2.531529e-04
1.400000e+00	1.500000e+00	6.081709e-05	2.071506e-04	2.071506e-04
1.500000e+00	1.600000e+00	4.100936e-06	5.379461e-05	5.379461e-05
1.600000e+00	1.700000e+00	1.054532e-06	2.727900e-05	2.727900e-05
1.700000e+00	1.800000e+00	1.200419e-04	2.910168e-04	2.910168e-04
1.800000e+00	1.900000e+00	6.609141e-04	6.825219e-04	6.825219e-04
1.900000e+00	2.000000e+00	8.865664e-04	7.903569e-04	7.903569e-04
2.000000e+00	2.100000e+00	5.238340e-04	6.077023e-04	6.077023e-04
2.100000e+00	2.200000e+00	2.089358e-03	1.211897e-03	1.211897e-03
2.200000e+00	2.300000e+00	1.377735e-03	9.846232e-04	9.846232e-04
2.300000e+00	2.400000e+00	9.179684e-04	8.040089e-04	8.040089e-04
2.400000e+00	2.500000e+00	2.908128e-04	4.528359e-04	4.528359e-04
2.500000e+00	2.600000e+00	5.284070e-05	1.930854e-04	1.930854e-04
2.600000e+00	2.700000e+00	6.954803e-05	2.215068e-04	2.215068e-04
2.700000e+00	2.800000e+00	3.549938e-09	1.582739e-06	1.582739e-06
2.800000e+00	2.900000e+00	1.337636e-06	3.072320e-05	3.072320e-05
2.900000e+00	3.000000e+00	2.333987e-03	1.272029e-03	1.272029e-03
3.000000e+00	3.100000e+00	3.597933e-03	1.566013e-03	1.566013e-03
3.100000e+00	3.200000e+00	7.836016e-03	2.232641e-03	2.232641e-03
3.200000e+00	3.300000e+00	5.243044e-03	1.844443e-03	1.844443e-03
3.300000e+00	3.400000e+00	3.133659e-03	1.449302e-03	1.449302e-03
3.400000e+00	3.500000e+00	1.171034e-02	2.353801e-03	2.353801e-03
3.500000e+00	3.600000e+00	6.081661e-03	1.859670e-03	1.859670e-03
3.600000e+00	3.700000e+00	6.855512e-03	1.901862e-03	1.901862e-03
3.700000e+00	3.800000e+00	5.927027e-03	1.725949e-03	1.725949e-03
3.800000e+00	3.900000e+00	9.067963e-03	1.754484e-03	1.754484e-03
3.900000e+00	4.000000e+00	5.441425e-03	1.547618e-03	1.547618e-03
4.000000e+00	4.100000e+00	3.648169e-03	1.367610e-03	1.367610e-03
4.100000e+00	4.200000e+00	4.689826e-03	1.252132e-03	1.252132e-03
4.200000e+00	4.300000e+00	4.824761e-03	9.402452e-04	9.402452e-04
4.300000e+00	4.400000e+00	2.009652e-03	1.002814e-03	1.002814e-03
4.400000e+00	4.500000e+00	3.879072e-03	4.000957e-04	4.000957e-04
4.500000e+00	4.600000e+00	1.800949e-03	9.265907e-04	9.265907e-04
4.600000e+00	4.700000e+00	1.524302e-03	7.179489e-04	7.179489e-04
4.700000e+00	4.800000e+00	1.369181e-03	6.967700e-04	6.967700e-04
4.800000e+00	4.900000e+00	2.228403e-03	3.032473e-04	3.032473e-04
4.900000e+00	5.000000e+00	4.643485e-04	5.212438e-04	5.212438e-04
5.000000e+00	5.100000e+00	1.609402e-03	2.577106e-04	2.577106e-04
5.100000e+00	5.200000e+00	9.138556e-04	6.167430e-04	6.167430e-04
5.200000e+00	5.300000e+00	5.777340e-04	1.544059e-04	1.544059e-04
5.300000e+00	5.400000e+00	7.966472e-05	2.283657e-04	2.283657e-04
5.400000e+00	5.500000e+00	5.364675e-04	1.487893e-04	1.487893e-04
5.500000e+00	5.600000e+00	2.888671e-04	1.091815e-04	1.091815e-04
5.600000e+00	5.700000e+00	4.126672e-05	4.126672e-05	4.126672e-05
5.700000e+00	5.800000e+00	4.126673e-05	4.126672e-05	4.126672e-05
5.800000e+00	5.900000e+00	2.476003e-04	1.010824e-04	1.010824e-04
5.900000e+00	6.000000e+00	1.238002e-04	7.147606e-05	7.147606e-05
6.000000e+00	6.100000e+00	8.253345e-05	5.835996e-05	5.835996e-05
6.100000e+00	6.200000e+00	0.000000e+00	0.000000e+00	0.000000e+00
6.200000e+00	6.300000e+00	0.000000e+00	0.000000e+00	0.000000e+00
6.300000e+00	6.400000e+00	0.000000e+00	0.000000e+00	0.000000e+00
6.400000e+00	6.500000e+00	0.000000e+00	0.000000e+00	0.000000e+00
6.500000e+00	6.600000e+00	4.126673e-05	4.126672e-05	4.126672e-05
6.600000e+00	6.700000e+00	0.000000e+00	0.000000e+00	0.000000e+00
6.700000e+00	6.800000e+00	4.126673e-05	4.126672e-05	4.126672e-05
6.800000e+00	6.900000e+00	4.126672e-05	4.126672e-05	4.126672e-05
6.900000e+00	7.000000e+00	4.126673e-05	4.126672e-05	4.126672e-05
7.000000e+00	7.100000e+00	0.000000e+00	0.000000e+00	0.000000e+00
7.100000e+00	7.200000e+00	0.000000e+00	0.000000e+00	0.000000e+00
7.200000e+00	7.300000e+00	0.000000e+00	0.000000e+00	0.000000e+00
7.300000e+00	7.400000e+00	0.000000e+00	0.000000e+00	0.000000e+00
7.400000e+00	7.500000e+00	0.000000e+00	0.000000e+00	0.000000e+00
7.500000e+00	7.600000e+00	0.000000e+00	0.000000e+00	0.000000e+00
7.600000e+00	7.700000e+00	0.000000e+00	0.000000e+00	0.000000e+00
7.700000e+00	7.800000e+00	0.000000e+00	0.000000e+00	0.000000e+00
7.800000e+00	7.900000e+00	0.000000e+00	0.000000e+00	0.000000e+00
7.900000e+00	8.000000e+00	0.000000e+00	0.000000e+00	0.000000e+00
8.000000e+00	8.100000e+00	0.000000e+00	0.000000e+00	0.000000e+00
8.100000e+00	8.200000e+00	0.000000e+00	0.000000e+00	0.000000e+00
8.200000e+00	8.300000e+00	0.000000e+00	0.000000e+00	0.000000e+00
8.300000e+00	8.400000e+00	0.000000e+00	0.000000e+00	0.000000e+00
8.400000e+00	8.500000e+00	0.000000e+00	0.000000e+00	0.000000e+00
8.500000e+00	8.600000e+00	0.000000e+00	0.000000e+00	0.000000e+00
8.600000e+00	8.700000e+00	0.000000e+00	0.000000e+00	0.000000e+00
8.700000e+00	8.800000e+00	0.000000e+00	0.000000e+00	0.000000e+00
8.800000e+00	8.900000e+00	0.000000e+00	0.000000e+00	0.000000e+00
8.900000e+00	9.000000e+00	0.000000e+00	0.000000e+00	0.000000e+00
9.000000e+00	9.100000e+00	0.000000e+00	0.000000e+00	0.000000e+00
9.100000e+00	9.200000e+00	0.000000e+00	0.000000e+00	0.000000e+00
9.200000e+00	9.300000e+00	0.000000e+00	0.000000e+00	0.000000e+00
9.300000e+00	9.400000e+00	0.000000e+00	0.000000e+00	0.000000e+00
9.400000e+00	9.500000e+00	0.000000e+00	0.000000e+00	0.000000e+00
9.500000e+00	9.600000e+00	0.000000e+00	0.000000e+00	0.000000e+00
9.600000e+00	9.700000e+00	0.000000e+00	0.000000e+00	0.000000e+00
9.700000e+00	9.800000e+00	0.000000e+00	0.000000e+00	0.000000e+00
9.800000e+00	9.900000e+00	0.000000e+00	0.000000e+00	0.000000e+00
9.900000e+00	1.000000e+01	0.000000e+00	0.000000e+00	0.000000e+00
1.000000e+01	1.010000e+01	0.000000e+00	0.000000e+00	0.000000e+00
1.010000e+01	1.020000e+01	0.000000e+00	0.000000e+00	0.000000e+00
1.020000e+01	1.030000e+01	0.000000e+00	0.000000e+00	0.000000e+00
1.030000e+01	1.040000e+01	0.000000e+00	0.000000e+00	0.000000e+00
1.040000e+01	1.050000e+01	0.000000e+00	0.000000e+00	0.000000e+00
1.050000e+01	1.060000e+01	0.000000e+00	0.000000e+00	0.000000e+00
1.060000e+01	1.070000e+01	0.000000e+00	0.000000e+00	0.000000e+00
1.070000e+01	1.080000e+01	0.000000e+00	0.000000e+00	0.000000e+00
1.080000e+01	1.090000e+01	0.000000e+00	0.000000e+00	0.000000e+00
1.090000e+01	1.100000e+01	0.000000e+00	0.000000e+00	0.000000e+00
1.100000e+01	1.110000e+01	0.000000e+00	0.000000e+00	0.000000e+00
1.110000e+01	1.120000e+01	0.000000e+00	0.000000e+00	0.000000e+00
1.120000e+01	1.130000e+01	0.000000e+00	0.000000e+00	0.000000e+00
1.130000e+01	1.140000e+01	0.000000e+00	0.000000e+00	0.000000e+00
1.140000e+01	1.150000e+01	0.000000e+00	0.000000e+00	0.000000e+00
1.150000e+01	1.160000e+01	0.000000e+00	0.000000e+00	0.000000e+00
1.160000e+01	1.170000e+01	0.000000e+00	0.000000e+00	0.000000e+00
1.170000e+01	1.180000e+01	0.000000e+00	0.000000e+00	0.000000e+00
1.180000e+01	1.190000e+01	0.000000e+00	0.000000e+00	0.000000e+00
1.190000e+01	1.200000e+01	0.000000e+00	0.000000e+00	0.000000e+00
1.200000e+01	1.210000e+01	0.000000e+00	0.000000e+00	0.000000e+00
1.210000e+01	1.220000e+01	0.000000e+00	0.000000e+00	0.000000e+00
1.220000e+01	1.230000e+01	0.000000e+00	0.000000e+00	0.000000e+00
1.230000e+01	1.240000e+01	0.000000e+00	0.000000e+00	0.000000e+00
1.240000e+01	1.250000e+01	0.000000e+00	0.000000e+00	0.000000e+00
1.250000e+01	1.260000e+01	0.000000e+00	0.000000e+00	0.000000e+00
1.260000e+01	1.270000e+01	0.000000e+00	0.000000e+00	0.000000e+00
1.270000e+01	1.280000e+01	0.000000e+00	0.000000e+00	0.000000e+00
1.280000e+01	1.290000e+01	0.000000e+00	0.000000e+00	0.000000e+00
1.290000e+01	1.300000e+01	0.000000e+00	0.000000e+00	0.000000e+00
1.300000e+01	1.310000e+01	0.000000e+00	0.000000e+00	0.000000e+00
1.310000e+01	1.320000e+01	0.000000e+00	0.000000e+00	0.000000e+00
1.320000e+01	1.330000e+01	0.000000e+00	0.000000e+00	0.000000e+00
1.330000e+01	1.340000e+01	0.000000e+00	0.000000e+00	0.000000e+00
1.340000e+01	1.350000e+01	0.000000e+00	0.000000e+00	0.000000e+00
1.350000e+01	1.360000e+01	0.000000e+00	0.000000e+00	0.000000e+00
1.360000e+01	1.370000e+01	0.000000e+00	0.000000e+00	0.000000e+00
1.370000e+01	1.380000e+01	0.000000e+00	0.000000e+00	0.000000e+00
1.380000e+01	1.390000e+01	0.000000e+00	0.000000e+00	0.000000e+00
1.390000e+01	1.400000e+01	0.000000e+00	0.000000e+00	0.000000e+00
1.400000e+01	1.410000e+01	0.000000e+00	0.000000e+00	0.000000e+00
1.410000e+01	1.420000e+01	0.000000e+00	0.000000e+00	0.000000e+00
1.420000e+01	1.430000e+01	0.000000e+00	0.000000e+00	0.000000e+00
1.430000e+01	1.440000e+01	0.000000e+00	0.000000e+00	0.000000e+00
1.440000e+01	1.450000e+01	0.000000e+00	0.000000e+00	0.000000e+00
1.450000e+01	1.460000e+01	0.000000e+00	0.000000e+00	0.000000e+00
1.460000e+01	1.470000e+01	0.000000e+00	0.000000e+00	0.000000e+00
1.470000e+01	1.480000e+01	0.000000e+00	0.000000e+00	0.000000e+00
1.480000e+01	1.490000e+01	0.000000e+00	0.000000e+00	0.000000e+00
1.490000e+01	1.500000e+01	0.000000e+00	0.000000e+00	0.000000e+00
# END HISTO1D

# BEGIN HISTO1D //home/frederic/Work/Software/LesHouches2017/lh2017-alphas/pythia-alphas/robustness/eff-as015015-gluon.yoda/MC_LHJSS_Zjet/log_theta_g_zcut_0.05_beta_1_alpha_0.5
LineColor=blue
LineStyle=solid
NormalizeToSum=1
Path=//home/frederic/Work/Software/LesHouches2017/lh2017-alphas/pythia-alphas/robustness/eff-as015015-gluon.yoda/MC_LHJSS_Zjet/log_theta_g_zcut_0.05_beta_1_alpha_0.5
ScaledBy=1.0
Title=eff-as015015-gluon
XLabel=
YLabel=
# xlow	 xhigh	 val	 errminus	 errplus
0.000000e+00	1.000000e-01	6.353067e-05	2.291522e-04	2.291522e-04
1.000000e-01	2.000000e-01	8.051767e-04	8.148533e-04	8.148533e-04
2.000000e-01	3.000000e-01	1.005954e-05	9.128837e-05	9.128837e-05
3.000000e-01	4.000000e-01	9.578852e-04	8.901958e-04	8.901958e-04
4.000000e-01	5.000000e-01	3.558792e-04	5.428508e-04	5.428508e-04
5.000000e-01	6.000000e-01	2.172742e-04	4.242019e-04	4.242019e-04
6.000000e-01	7.000000e-01	3.036215e-05	1.585947e-04	1.585947e-04
7.000000e-01	8.000000e-01	5.260634e-04	6.599546e-04	6.599546e-04
8.000000e-01	9.000000e-01	1.638804e-05	1.165171e-04	1.165171e-04
9.000000e-01	1.000000e+00	1.654028e-03	1.169366e-03	1.169366e-03
1.000000e+00	1.100000e+00	6.610308e-04	7.396975e-04	7.396975e-04
1.100000e+00	1.200000e+00	5.364745e-04	6.664225e-04	6.664225e-04
1.200000e+00	1.300000e+00	1.150207e-07	9.761546e-06	9.761546e-06
1.300000e+00	1.400000e+00	2.692693e-05	1.493533e-04	1.493533e-04
1.400000e+00	1.500000e+00	4.945896e-06	6.401052e-05	6.401052e-05
1.500000e+00	1.600000e+00	2.720478e-04	4.746247e-04	4.746247e-04
1.600000e+00	1.700000e+00	1.749630e-04	3.806589e-04	3.806589e-04
1.700000e+00	1.800000e+00	3.408651e-05	1.680379e-04	1.680379e-04
1.800000e+00	1.900000e+00	1.730469e-04	3.785559e-04	3.785559e-04
1.900000e+00	2.000000e+00	5.675416e-05	2.168189e-04	2.168189e-04
2.000000e+00	2.100000e+00	1.056857e-03	9.340876e-04	9.340876e-04
2.100000e+00	2.200000e+00	1.763461e-04	3.820923e-04	3.820923e-04
2.200000e+00	2.300000e+00	2.295943e-03	1.370534e-03	1.370534e-03
2.300000e+00	2.400000e+00	1.260897e-03	1.017704e-03	1.017704e-03
2.400000e+00	2.500000e+00	2.648127e-03	1.461630e-03	1.461630e-03
2.500000e+00	2.600000e+00	1.726541e-03	1.182559e-03	1.182559e-03
2.600000e+00	2.700000e+00	2.789487e-03	1.479249e-03	1.479249e-03
2.700000e+00	2.800000e+00	2.387239e-03	1.360481e-03	1.360481e-03
2.800000e+00	2.900000e+00	2.581489e-03	1.384999e-03	1.384999e-03
2.900000e+00	3.000000e+00	2.660842e-03	1.367710e-03	1.367710e-03
3.000000e+00	3.100000e+00	3.861923e-03	1.393513e-03	1.393513e-03
3.100000e+00	3.200000e+00	1.669464e-03	1.049105e-03	1.049105e-03
3.200000e+00	3.300000e+00	1.527544e-03	9.604445e-04	9.604445e-04
3.300000e+00	3.400000e+00	3.506763e-03	5.009661e-04	5.009661e-04
3.400000e+00	3.500000e+00	2.003864e-03	3.786948e-04	3.786948e-04
3.500000e+00	3.600000e+00	1.502898e-03	3.279593e-04	3.279593e-04
3.600000e+00	3.700000e+00	7.156660e-04	2.263134e-04	2.263134e-04
3.700000e+00	3.800000e+00	9.208960e-05	2.656971e-04	2.656971e-04
3.800000e+00	3.900000e+00	4.293995e-04	1.753017e-04	1.753017e-04
3.900000e+00	4.000000e+00	4.293995e-04	1.753017e-04	1.753017e-04
4.000000e+00	4.100000e+00	3.578330e-04	1.600277e-04	1.600277e-04
4.100000e+00	4.200000e+00	5.009660e-04	1.893474e-04	1.893474e-04
4.200000e+00	4.300000e+00	1.431332e-04	1.012104e-04	1.012104e-04
4.300000e+00	4.400000e+00	1.431332e-04	1.012104e-04	1.012104e-04
4.400000e+00	4.500000e+00	1.431332e-04	1.012104e-04	1.012104e-04
4.500000e+00	4.600000e+00	0.000000e+00	0.000000e+00	0.000000e+00
4.600000e+00	4.700000e+00	2.146998e-04	1.239570e-04	1.239570e-04
4.700000e+00	4.800000e+00	2.146998e-04	1.239570e-04	1.239570e-04
4.800000e+00	4.900000e+00	0.000000e+00	0.000000e+00	0.000000e+00
4.900000e+00	5.000000e+00	0.000000e+00	0.000000e+00	0.000000e+00
5.000000e+00	5.100000e+00	0.000000e+00	0.000000e+00	0.000000e+00
5.100000e+00	5.200000e+00	0.000000e+00	0.000000e+00	0.000000e+00
5.200000e+00	5.300000e+00	7.156660e-05	7.156659e-05	7.156659e-05
5.300000e+00	5.400000e+00	7.156660e-05	7.156659e-05	7.156659e-05
5.400000e+00	5.500000e+00	0.000000e+00	0.000000e+00	0.000000e+00
5.500000e+00	5.600000e+00	0.000000e+00	0.000000e+00	0.000000e+00
5.600000e+00	5.700000e+00	0.000000e+00	0.000000e+00	0.000000e+00
5.700000e+00	5.800000e+00	0.000000e+00	0.000000e+00	0.000000e+00
5.800000e+00	5.900000e+00	0.000000e+00	0.000000e+00	0.000000e+00
5.900000e+00	6.000000e+00	0.000000e+00	0.000000e+00	0.000000e+00
6.000000e+00	6.100000e+00	0.000000e+00	0.000000e+00	0.000000e+00
6.100000e+00	6.200000e+00	0.000000e+00	0.000000e+00	0.000000e+00
6.200000e+00	6.300000e+00	0.000000e+00	0.000000e+00	0.000000e+00
6.300000e+00	6.400000e+00	0.000000e+00	0.000000e+00	0.000000e+00
6.400000e+00	6.500000e+00	0.000000e+00	0.000000e+00	0.000000e+00
6.500000e+00	6.600000e+00	0.000000e+00	0.000000e+00	0.000000e+00
6.600000e+00	6.700000e+00	0.000000e+00	0.000000e+00	0.000000e+00
6.700000e+00	6.800000e+00	0.000000e+00	0.000000e+00	0.000000e+00
6.800000e+00	6.900000e+00	0.000000e+00	0.000000e+00	0.000000e+00
6.900000e+00	7.000000e+00	0.000000e+00	0.000000e+00	0.000000e+00
7.000000e+00	7.100000e+00	0.000000e+00	0.000000e+00	0.000000e+00
7.100000e+00	7.200000e+00	0.000000e+00	0.000000e+00	0.000000e+00
7.200000e+00	7.300000e+00	0.000000e+00	0.000000e+00	0.000000e+00
7.300000e+00	7.400000e+00	0.000000e+00	0.000000e+00	0.000000e+00
7.400000e+00	7.500000e+00	0.000000e+00	0.000000e+00	0.000000e+00
7.500000e+00	7.600000e+00	0.000000e+00	0.000000e+00	0.000000e+00
7.600000e+00	7.700000e+00	0.000000e+00	0.000000e+00	0.000000e+00
7.700000e+00	7.800000e+00	0.000000e+00	0.000000e+00	0.000000e+00
7.800000e+00	7.900000e+00	0.000000e+00	0.000000e+00	0.000000e+00
7.900000e+00	8.000000e+00	0.000000e+00	0.000000e+00	0.000000e+00
8.000000e+00	8.100000e+00	0.000000e+00	0.000000e+00	0.000000e+00
8.100000e+00	8.200000e+00	0.000000e+00	0.000000e+00	0.000000e+00
8.200000e+00	8.300000e+00	0.000000e+00	0.000000e+00	0.000000e+00
8.300000e+00	8.400000e+00	0.000000e+00	0.000000e+00	0.000000e+00
8.400000e+00	8.500000e+00	0.000000e+00	0.000000e+00	0.000000e+00
8.500000e+00	8.600000e+00	0.000000e+00	0.000000e+00	0.000000e+00
8.600000e+00	8.700000e+00	0.000000e+00	0.000000e+00	0.000000e+00
8.700000e+00	8.800000e+00	0.000000e+00	0.000000e+00	0.000000e+00
8.800000e+00	8.900000e+00	0.000000e+00	0.000000e+00	0.000000e+00
8.900000e+00	9.000000e+00	0.000000e+00	0.000000e+00	0.000000e+00
9.000000e+00	9.100000e+00	0.000000e+00	0.000000e+00	0.000000e+00
9.100000e+00	9.200000e+00	0.000000e+00	0.000000e+00	0.000000e+00
9.200000e+00	9.300000e+00	0.000000e+00	0.000000e+00	0.000000e+00
9.300000e+00	9.400000e+00	0.000000e+00	0.000000e+00	0.000000e+00
9.400000e+00	9.500000e+00	0.000000e+00	0.000000e+00	0.000000e+00
9.500000e+00	9.600000e+00	0.000000e+00	0.000000e+00	0.000000e+00
9.600000e+00	9.700000e+00	0.000000e+00	0.000000e+00	0.000000e+00
9.700000e+00	9.800000e+00	0.000000e+00	0.000000e+00	0.000000e+00
9.800000e+00	9.900000e+00	0.000000e+00	0.000000e+00	0.000000e+00
9.900000e+00	1.000000e+01	0.000000e+00	0.000000e+00	0.000000e+00
1.000000e+01	1.010000e+01	0.000000e+00	0.000000e+00	0.000000e+00
1.010000e+01	1.020000e+01	0.000000e+00	0.000000e+00	0.000000e+00
1.020000e+01	1.030000e+01	0.000000e+00	0.000000e+00	0.000000e+00
1.030000e+01	1.040000e+01	0.000000e+00	0.000000e+00	0.000000e+00
1.040000e+01	1.050000e+01	0.000000e+00	0.000000e+00	0.000000e+00
1.050000e+01	1.060000e+01	0.000000e+00	0.000000e+00	0.000000e+00
1.060000e+01	1.070000e+01	0.000000e+00	0.000000e+00	0.000000e+00
1.070000e+01	1.080000e+01	0.000000e+00	0.000000e+00	0.000000e+00
1.080000e+01	1.090000e+01	0.000000e+00	0.000000e+00	0.000000e+00
1.090000e+01	1.100000e+01	0.000000e+00	0.000000e+00	0.000000e+00
1.100000e+01	1.110000e+01	0.000000e+00	0.000000e+00	0.000000e+00
1.110000e+01	1.120000e+01	0.000000e+00	0.000000e+00	0.000000e+00
1.120000e+01	1.130000e+01	0.000000e+00	0.000000e+00	0.000000e+00
1.130000e+01	1.140000e+01	0.000000e+00	0.000000e+00	0.000000e+00
1.140000e+01	1.150000e+01	0.000000e+00	0.000000e+00	0.000000e+00
1.150000e+01	1.160000e+01	0.000000e+00	0.000000e+00	0.000000e+00
1.160000e+01	1.170000e+01	0.000000e+00	0.000000e+00	0.000000e+00
1.170000e+01	1.180000e+01	0.000000e+00	0.000000e+00	0.000000e+00
1.180000e+01	1.190000e+01	0.000000e+00	0.000000e+00	0.000000e+00
1.190000e+01	1.200000e+01	0.000000e+00	0.000000e+00	0.000000e+00
1.200000e+01	1.210000e+01	0.000000e+00	0.000000e+00	0.000000e+00
1.210000e+01	1.220000e+01	0.000000e+00	0.000000e+00	0.000000e+00
1.220000e+01	1.230000e+01	0.000000e+00	0.000000e+00	0.000000e+00
1.230000e+01	1.240000e+01	0.000000e+00	0.000000e+00	0.000000e+00
1.240000e+01	1.250000e+01	0.000000e+00	0.000000e+00	0.000000e+00
1.250000e+01	1.260000e+01	0.000000e+00	0.000000e+00	0.000000e+00
1.260000e+01	1.270000e+01	0.000000e+00	0.000000e+00	0.000000e+00
1.270000e+01	1.280000e+01	0.000000e+00	0.000000e+00	0.000000e+00
1.280000e+01	1.290000e+01	0.000000e+00	0.000000e+00	0.000000e+00
1.290000e+01	1.300000e+01	0.000000e+00	0.000000e+00	0.000000e+00
1.300000e+01	1.310000e+01	0.000000e+00	0.000000e+00	0.000000e+00
1.310000e+01	1.320000e+01	0.000000e+00	0.000000e+00	0.000000e+00
1.320000e+01	1.330000e+01	0.000000e+00	0.000000e+00	0.000000e+00
1.330000e+01	1.340000e+01	0.000000e+00	0.000000e+00	0.000000e+00
1.340000e+01	1.350000e+01	0.000000e+00	0.000000e+00	0.000000e+00
1.350000e+01	1.360000e+01	0.000000e+00	0.000000e+00	0.000000e+00
1.360000e+01	1.370000e+01	0.000000e+00	0.000000e+00	0.000000e+00
1.370000e+01	1.380000e+01	0.000000e+00	0.000000e+00	0.000000e+00
1.380000e+01	1.390000e+01	0.000000e+00	0.000000e+00	0.000000e+00
1.390000e+01	1.400000e+01	0.000000e+00	0.000000e+00	0.000000e+00
1.400000e+01	1.410000e+01	0.000000e+00	0.000000e+00	0.000000e+00
1.410000e+01	1.420000e+01	0.000000e+00	0.000000e+00	0.000000e+00
1.420000e+01	1.430000e+01	0.000000e+00	0.000000e+00	0.000000e+00
1.430000e+01	1.440000e+01	0.000000e+00	0.000000e+00	0.000000e+00
1.440000e+01	1.450000e+01	0.000000e+00	0.000000e+00	0.000000e+00
1.450000e+01	1.460000e+01	0.000000e+00	0.000000e+00	0.000000e+00
1.460000e+01	1.470000e+01	0.000000e+00	0.000000e+00	0.000000e+00
1.470000e+01	1.480000e+01	0.000000e+00	0.000000e+00	0.000000e+00
1.480000e+01	1.490000e+01	0.000000e+00	0.000000e+00	0.000000e+00
1.490000e+01	1.500000e+01	0.000000e+00	0.000000e+00	0.000000e+00
# END HISTO1D

