# BEGIN PLOT
LegendOnly=//home/frederic/Work/Software/LesHouches2017/lh2017-alphas/pythia-alphas/robustness/eff-as015015-quark.yoda/MC_LHJSS_Zjet/log_theta_g_zcut_0.05_beta_2_alpha_1 //home/frederic/Work/Software/LesHouches2017/lh2017-alphas/pythia-alphas/robustness/eff-as015015-gluon.yoda/MC_LHJSS_Zjet/log_theta_g_zcut_0.05_beta_2_alpha_1
DrawOnly=//home/frederic/Work/Software/LesHouches2017/lh2017-alphas/pythia-alphas/robustness/eff-as015015-quark.yoda/MC_LHJSS_Zjet/log_theta_g_zcut_0.05_beta_2_alpha_1 //home/frederic/Work/Software/LesHouches2017/lh2017-alphas/pythia-alphas/robustness/eff-as015015-gluon.yoda/MC_LHJSS_Zjet/log_theta_g_zcut_0.05_beta_2_alpha_1
Title=$\theta_g$, $\alpha$ = 1 $z_{cut}$ = 0.05 $\beta$ = 2
RatioPlot=1
LogX=0
LogY=0
RatioPlotYLabel=Ratio
RatioPlotReference=//home/frederic/Work/Software/LesHouches2017/lh2017-alphas/pythia-alphas/robustness/eff-as015015-quark.yoda/MC_LHJSS_Zjet/log_theta_g_zcut_0.05_beta_2_alpha_1
XLabel=$\theta_g$
YLabel=$1/\sigma \text{d}\sigma/\text{d}\theta_g$
Legend=1
# END PLOT

# BEGIN HISTO1D //home/frederic/Work/Software/LesHouches2017/lh2017-alphas/pythia-alphas/robustness/eff-as015015-quark.yoda/MC_LHJSS_Zjet/log_theta_g_zcut_0.05_beta_2_alpha_1
LineColor=red
LineStyle=solid
NormalizeToSum=1
Path=//home/frederic/Work/Software/LesHouches2017/lh2017-alphas/pythia-alphas/robustness/eff-as015015-quark.yoda/MC_LHJSS_Zjet/log_theta_g_zcut_0.05_beta_2_alpha_1
ScaledBy=1.0
Title=eff-as015015-quark
XLabel=
YLabel=
# xlow	 xhigh	 val	 errminus	 errplus
0.000000e+00	1.000000e-01	2.506643e-06	4.205366e-05	4.205366e-05
1.000000e-01	2.000000e-01	2.259231e-04	3.988572e-04	3.988572e-04
2.000000e-01	3.000000e-01	1.356166e-04	3.093016e-04	3.093016e-04
3.000000e-01	4.000000e-01	3.648719e-04	5.072463e-04	5.072463e-04
4.000000e-01	5.000000e-01	3.909157e-04	5.250376e-04	5.250376e-04
5.000000e-01	6.000000e-01	3.505799e-03	1.568563e-03	1.568563e-03
6.000000e-01	7.000000e-01	3.102892e-03	1.476158e-03	1.476158e-03
7.000000e-01	8.000000e-01	5.067253e-03	1.884102e-03	1.884102e-03
8.000000e-01	9.000000e-01	6.320101e-03	2.102745e-03	2.102745e-03
9.000000e-01	1.000000e+00	6.909080e-03	2.197886e-03	2.197886e-03
1.000000e+00	1.100000e+00	2.934831e-03	1.436356e-03	1.436356e-03
1.100000e+00	1.200000e+00	3.361018e-03	1.536801e-03	1.536801e-03
1.200000e+00	1.300000e+00	2.701593e-03	1.378490e-03	1.378490e-03
1.300000e+00	1.400000e+00	5.105746e-04	6.000617e-04	6.000617e-04
1.400000e+00	1.500000e+00	2.334241e-04	4.057981e-04	4.057981e-04
1.500000e+00	1.600000e+00	3.464383e-05	1.563514e-04	1.563514e-04
1.600000e+00	1.700000e+00	2.311975e-05	1.277271e-04	1.277271e-04
1.700000e+00	1.800000e+00	2.320620e-06	4.046692e-05	4.046692e-05
1.800000e+00	1.900000e+00	2.570998e-04	4.258306e-04	4.258306e-04
1.900000e+00	2.000000e+00	4.896499e-03	1.846642e-03	1.846642e-03
2.000000e+00	2.100000e+00	3.956339e-03	1.660249e-03	1.660249e-03
2.100000e+00	2.200000e+00	7.229073e-03	2.222421e-03	2.222421e-03
2.200000e+00	2.300000e+00	9.910434e-03	2.567243e-03	2.567243e-03
2.300000e+00	2.400000e+00	1.054364e-02	2.615884e-03	2.615884e-03
2.400000e+00	2.500000e+00	1.299079e-02	2.834111e-03	2.834111e-03
2.500000e+00	2.600000e+00	1.750229e-02	3.078861e-03	3.078861e-03
2.600000e+00	2.700000e+00	1.736352e-02	2.952459e-03	2.952459e-03
2.700000e+00	2.800000e+00	1.278240e-02	2.590439e-03	2.590439e-03
2.800000e+00	2.900000e+00	7.844344e-03	2.122082e-03	2.122082e-03
2.900000e+00	3.000000e+00	1.528540e-02	2.003314e-03	2.003314e-03
3.000000e+00	3.100000e+00	1.126270e-02	1.986323e-03	1.986323e-03
3.100000e+00	3.200000e+00	9.926874e-03	1.798079e-03	1.798079e-03
3.200000e+00	3.300000e+00	1.200862e-02	7.039576e-04	7.039576e-04
3.300000e+00	3.400000e+00	7.154547e-03	1.498674e-03	1.498674e-03
3.400000e+00	3.500000e+00	6.707501e-03	1.006158e-03	1.006158e-03
3.500000e+00	3.600000e+00	4.947255e-03	9.451337e-04	9.451337e-04
3.600000e+00	3.700000e+00	4.661518e-03	9.335575e-04	9.335575e-04
3.700000e+00	3.800000e+00	2.584277e-03	9.691809e-04	9.691809e-04
3.800000e+00	3.900000e+00	4.580606e-03	4.347719e-04	4.347719e-04
3.900000e+00	4.000000e+00	3.053737e-03	3.549898e-04	3.549898e-04
4.000000e+00	4.100000e+00	2.888671e-03	3.452622e-04	3.452622e-04
4.100000e+00	4.200000e+00	1.641428e-03	7.325078e-04	7.325078e-04
4.200000e+00	4.300000e+00	1.898270e-03	2.798845e-04	2.798845e-04
4.300000e+00	4.400000e+00	1.361802e-03	2.370593e-04	2.370593e-04
4.400000e+00	4.500000e+00	1.196735e-03	2.222281e-04	2.222281e-04
4.500000e+00	4.600000e+00	1.279269e-03	2.297634e-04	2.297634e-04
4.600000e+00	4.700000e+00	6.602675e-04	1.650669e-04	1.650669e-04
4.700000e+00	4.800000e+00	2.037711e-04	3.486079e-04	3.486079e-04
4.800000e+00	4.900000e+00	5.777340e-04	1.544059e-04	1.544059e-04
4.900000e+00	5.000000e+00	5.373066e-07	1.946582e-05	1.946582e-05
5.000000e+00	5.100000e+00	7.015345e-04	1.701471e-04	1.701471e-04
5.100000e+00	5.200000e+00	5.364675e-04	1.487893e-04	1.487893e-04
5.200000e+00	5.300000e+00	1.650669e-04	8.253345e-05	8.253345e-05
5.300000e+00	5.400000e+00	2.063336e-04	9.227520e-05	9.227520e-05
5.400000e+00	5.500000e+00	1.238002e-04	7.147606e-05	7.147606e-05
5.500000e+00	5.600000e+00	4.126673e-05	4.126672e-05	4.126672e-05
5.600000e+00	5.700000e+00	4.126672e-05	4.126672e-05	4.126672e-05
5.700000e+00	5.800000e+00	4.126673e-05	4.126672e-05	4.126672e-05
5.800000e+00	5.900000e+00	0.000000e+00	0.000000e+00	0.000000e+00
5.900000e+00	6.000000e+00	8.253345e-05	5.835996e-05	5.835996e-05
6.000000e+00	6.100000e+00	0.000000e+00	0.000000e+00	0.000000e+00
6.100000e+00	6.200000e+00	0.000000e+00	0.000000e+00	0.000000e+00
6.200000e+00	6.300000e+00	0.000000e+00	0.000000e+00	0.000000e+00
6.300000e+00	6.400000e+00	0.000000e+00	0.000000e+00	0.000000e+00
6.400000e+00	6.500000e+00	0.000000e+00	0.000000e+00	0.000000e+00
6.500000e+00	6.600000e+00	4.126673e-05	4.126672e-05	4.126672e-05
6.600000e+00	6.700000e+00	0.000000e+00	0.000000e+00	0.000000e+00
6.700000e+00	6.800000e+00	4.126673e-05	4.126672e-05	4.126672e-05
6.800000e+00	6.900000e+00	4.126672e-05	4.126672e-05	4.126672e-05
6.900000e+00	7.000000e+00	0.000000e+00	0.000000e+00	0.000000e+00
7.000000e+00	7.100000e+00	0.000000e+00	0.000000e+00	0.000000e+00
7.100000e+00	7.200000e+00	0.000000e+00	0.000000e+00	0.000000e+00
7.200000e+00	7.300000e+00	0.000000e+00	0.000000e+00	0.000000e+00
7.300000e+00	7.400000e+00	0.000000e+00	0.000000e+00	0.000000e+00
7.400000e+00	7.500000e+00	0.000000e+00	0.000000e+00	0.000000e+00
7.500000e+00	7.600000e+00	0.000000e+00	0.000000e+00	0.000000e+00
7.600000e+00	7.700000e+00	0.000000e+00	0.000000e+00	0.000000e+00
7.700000e+00	7.800000e+00	0.000000e+00	0.000000e+00	0.000000e+00
7.800000e+00	7.900000e+00	0.000000e+00	0.000000e+00	0.000000e+00
7.900000e+00	8.000000e+00	0.000000e+00	0.000000e+00	0.000000e+00
8.000000e+00	8.100000e+00	0.000000e+00	0.000000e+00	0.000000e+00
8.100000e+00	8.200000e+00	0.000000e+00	0.000000e+00	0.000000e+00
8.200000e+00	8.300000e+00	0.000000e+00	0.000000e+00	0.000000e+00
8.300000e+00	8.400000e+00	0.000000e+00	0.000000e+00	0.000000e+00
8.400000e+00	8.500000e+00	0.000000e+00	0.000000e+00	0.000000e+00
8.500000e+00	8.600000e+00	0.000000e+00	0.000000e+00	0.000000e+00
8.600000e+00	8.700000e+00	0.000000e+00	0.000000e+00	0.000000e+00
8.700000e+00	8.800000e+00	0.000000e+00	0.000000e+00	0.000000e+00
8.800000e+00	8.900000e+00	0.000000e+00	0.000000e+00	0.000000e+00
8.900000e+00	9.000000e+00	0.000000e+00	0.000000e+00	0.000000e+00
9.000000e+00	9.100000e+00	0.000000e+00	0.000000e+00	0.000000e+00
9.100000e+00	9.200000e+00	0.000000e+00	0.000000e+00	0.000000e+00
9.200000e+00	9.300000e+00	0.000000e+00	0.000000e+00	0.000000e+00
9.300000e+00	9.400000e+00	0.000000e+00	0.000000e+00	0.000000e+00
9.400000e+00	9.500000e+00	0.000000e+00	0.000000e+00	0.000000e+00
9.500000e+00	9.600000e+00	0.000000e+00	0.000000e+00	0.000000e+00
9.600000e+00	9.700000e+00	0.000000e+00	0.000000e+00	0.000000e+00
9.700000e+00	9.800000e+00	0.000000e+00	0.000000e+00	0.000000e+00
9.800000e+00	9.900000e+00	0.000000e+00	0.000000e+00	0.000000e+00
9.900000e+00	1.000000e+01	0.000000e+00	0.000000e+00	0.000000e+00
1.000000e+01	1.010000e+01	0.000000e+00	0.000000e+00	0.000000e+00
1.010000e+01	1.020000e+01	0.000000e+00	0.000000e+00	0.000000e+00
1.020000e+01	1.030000e+01	0.000000e+00	0.000000e+00	0.000000e+00
1.030000e+01	1.040000e+01	0.000000e+00	0.000000e+00	0.000000e+00
1.040000e+01	1.050000e+01	0.000000e+00	0.000000e+00	0.000000e+00
1.050000e+01	1.060000e+01	0.000000e+00	0.000000e+00	0.000000e+00
1.060000e+01	1.070000e+01	0.000000e+00	0.000000e+00	0.000000e+00
1.070000e+01	1.080000e+01	0.000000e+00	0.000000e+00	0.000000e+00
1.080000e+01	1.090000e+01	0.000000e+00	0.000000e+00	0.000000e+00
1.090000e+01	1.100000e+01	0.000000e+00	0.000000e+00	0.000000e+00
1.100000e+01	1.110000e+01	0.000000e+00	0.000000e+00	0.000000e+00
1.110000e+01	1.120000e+01	0.000000e+00	0.000000e+00	0.000000e+00
1.120000e+01	1.130000e+01	0.000000e+00	0.000000e+00	0.000000e+00
1.130000e+01	1.140000e+01	0.000000e+00	0.000000e+00	0.000000e+00
1.140000e+01	1.150000e+01	0.000000e+00	0.000000e+00	0.000000e+00
1.150000e+01	1.160000e+01	0.000000e+00	0.000000e+00	0.000000e+00
1.160000e+01	1.170000e+01	0.000000e+00	0.000000e+00	0.000000e+00
1.170000e+01	1.180000e+01	0.000000e+00	0.000000e+00	0.000000e+00
1.180000e+01	1.190000e+01	0.000000e+00	0.000000e+00	0.000000e+00
1.190000e+01	1.200000e+01	0.000000e+00	0.000000e+00	0.000000e+00
1.200000e+01	1.210000e+01	0.000000e+00	0.000000e+00	0.000000e+00
1.210000e+01	1.220000e+01	0.000000e+00	0.000000e+00	0.000000e+00
1.220000e+01	1.230000e+01	0.000000e+00	0.000000e+00	0.000000e+00
1.230000e+01	1.240000e+01	0.000000e+00	0.000000e+00	0.000000e+00
1.240000e+01	1.250000e+01	0.000000e+00	0.000000e+00	0.000000e+00
1.250000e+01	1.260000e+01	0.000000e+00	0.000000e+00	0.000000e+00
1.260000e+01	1.270000e+01	0.000000e+00	0.000000e+00	0.000000e+00
1.270000e+01	1.280000e+01	0.000000e+00	0.000000e+00	0.000000e+00
1.280000e+01	1.290000e+01	0.000000e+00	0.000000e+00	0.000000e+00
1.290000e+01	1.300000e+01	0.000000e+00	0.000000e+00	0.000000e+00
1.300000e+01	1.310000e+01	0.000000e+00	0.000000e+00	0.000000e+00
1.310000e+01	1.320000e+01	0.000000e+00	0.000000e+00	0.000000e+00
1.320000e+01	1.330000e+01	0.000000e+00	0.000000e+00	0.000000e+00
1.330000e+01	1.340000e+01	0.000000e+00	0.000000e+00	0.000000e+00
1.340000e+01	1.350000e+01	0.000000e+00	0.000000e+00	0.000000e+00
1.350000e+01	1.360000e+01	0.000000e+00	0.000000e+00	0.000000e+00
1.360000e+01	1.370000e+01	0.000000e+00	0.000000e+00	0.000000e+00
1.370000e+01	1.380000e+01	0.000000e+00	0.000000e+00	0.000000e+00
1.380000e+01	1.390000e+01	0.000000e+00	0.000000e+00	0.000000e+00
1.390000e+01	1.400000e+01	0.000000e+00	0.000000e+00	0.000000e+00
1.400000e+01	1.410000e+01	0.000000e+00	0.000000e+00	0.000000e+00
1.410000e+01	1.420000e+01	0.000000e+00	0.000000e+00	0.000000e+00
1.420000e+01	1.430000e+01	0.000000e+00	0.000000e+00	0.000000e+00
1.430000e+01	1.440000e+01	0.000000e+00	0.000000e+00	0.000000e+00
1.440000e+01	1.450000e+01	0.000000e+00	0.000000e+00	0.000000e+00
1.450000e+01	1.460000e+01	0.000000e+00	0.000000e+00	0.000000e+00
1.460000e+01	1.470000e+01	0.000000e+00	0.000000e+00	0.000000e+00
1.470000e+01	1.480000e+01	0.000000e+00	0.000000e+00	0.000000e+00
1.480000e+01	1.490000e+01	0.000000e+00	0.000000e+00	0.000000e+00
1.490000e+01	1.500000e+01	0.000000e+00	0.000000e+00	0.000000e+00
# END HISTO1D

# BEGIN HISTO1D //home/frederic/Work/Software/LesHouches2017/lh2017-alphas/pythia-alphas/robustness/eff-as015015-gluon.yoda/MC_LHJSS_Zjet/log_theta_g_zcut_0.05_beta_2_alpha_1
LineColor=blue
LineStyle=solid
NormalizeToSum=1
Path=//home/frederic/Work/Software/LesHouches2017/lh2017-alphas/pythia-alphas/robustness/eff-as015015-gluon.yoda/MC_LHJSS_Zjet/log_theta_g_zcut_0.05_beta_2_alpha_1
ScaledBy=1.0
Title=eff-as015015-gluon
XLabel=
YLabel=
# xlow	 xhigh	 val	 errminus	 errplus
0.000000e+00	1.000000e-01	4.375275e-06	6.020019e-05	6.020019e-05
1.000000e-01	2.000000e-01	1.048224e-03	9.290412e-04	9.290412e-04
2.000000e-01	3.000000e-01	4.074395e-06	5.809791e-05	5.809791e-05
3.000000e-01	4.000000e-01	8.454982e-04	8.364484e-04	8.364484e-04
4.000000e-01	5.000000e-01	1.056788e-03	9.351034e-04	9.351034e-04
5.000000e-01	6.000000e-01	1.275286e-04	3.250156e-04	3.250156e-04
6.000000e-01	7.000000e-01	1.950595e-03	1.269958e-03	1.269958e-03
7.000000e-01	8.000000e-01	3.410725e-03	1.678245e-03	1.678245e-03
8.000000e-01	9.000000e-01	1.804791e-03	1.221700e-03	1.221700e-03
9.000000e-01	1.000000e+00	4.269751e-03	1.876924e-03	1.876924e-03
1.000000e+00	1.100000e+00	2.071051e-03	1.308537e-03	1.308537e-03
1.100000e+00	1.200000e+00	1.360318e-03	1.060843e-03	1.060843e-03
1.200000e+00	1.300000e+00	1.326298e-04	3.314495e-04	3.314495e-04
1.300000e+00	1.400000e+00	4.955927e-05	2.026182e-04	2.026182e-04
1.400000e+00	1.500000e+00	1.141733e-03	9.716850e-04	9.716850e-04
1.500000e+00	1.600000e+00	6.494541e-03	2.304154e-03	2.304154e-03
1.600000e+00	1.700000e+00	4.643983e-03	1.949558e-03	1.949558e-03
1.700000e+00	1.800000e+00	9.147270e-03	2.704392e-03	2.704392e-03
1.800000e+00	1.900000e+00	5.454624e-03	2.095321e-03	2.095321e-03
1.900000e+00	2.000000e+00	7.080359e-03	2.348597e-03	2.348597e-03
2.000000e+00	2.100000e+00	1.182536e-02	2.895994e-03	2.895994e-03
2.100000e+00	2.200000e+00	7.696771e-03	2.343771e-03	2.343771e-03
2.200000e+00	2.300000e+00	7.324299e-03	2.197998e-03	2.197998e-03
2.300000e+00	2.400000e+00	6.343600e-03	1.948459e-03	1.948459e-03
2.400000e+00	2.500000e+00	5.505560e-03	1.677999e-03	1.677999e-03
2.500000e+00	2.600000e+00	5.398969e-03	1.460301e-03	1.460301e-03
2.600000e+00	2.700000e+00	1.823023e-03	1.026282e-03	1.026282e-03
2.700000e+00	2.800000e+00	1.458825e-03	8.950865e-04	8.950865e-04
2.800000e+00	2.900000e+00	1.844940e-03	8.490169e-04	8.490169e-04
2.900000e+00	3.000000e+00	9.815073e-04	7.005594e-04	7.005594e-04
3.000000e+00	3.100000e+00	9.303655e-04	2.580370e-04	2.580370e-04
3.100000e+00	3.200000e+00	1.646031e-03	3.432213e-04	3.432213e-04
3.200000e+00	3.300000e+00	7.156660e-04	2.263134e-04	2.263134e-04
3.300000e+00	3.400000e+00	7.872325e-04	2.373595e-04	2.373595e-04
3.400000e+00	3.500000e+00	1.431332e-04	1.012104e-04	1.012104e-04
3.500000e+00	3.600000e+00	2.146998e-04	1.239570e-04	1.239570e-04
3.600000e+00	3.700000e+00	1.431332e-04	1.012104e-04	1.012104e-04
3.700000e+00	3.800000e+00	2.146998e-04	1.239570e-04	1.239570e-04
3.800000e+00	3.900000e+00	1.431332e-04	1.012104e-04	1.012104e-04
3.900000e+00	4.000000e+00	2.146998e-04	1.239570e-04	1.239570e-04
4.000000e+00	4.100000e+00	1.431332e-04	1.012104e-04	1.012104e-04
4.100000e+00	4.200000e+00	7.156660e-05	7.156659e-05	7.156659e-05
4.200000e+00	4.300000e+00	7.156660e-05	7.156659e-05	7.156659e-05
4.300000e+00	4.400000e+00	7.156660e-05	7.156659e-05	7.156659e-05
4.400000e+00	4.500000e+00	0.000000e+00	0.000000e+00	0.000000e+00
4.500000e+00	4.600000e+00	0.000000e+00	0.000000e+00	0.000000e+00
4.600000e+00	4.700000e+00	7.156660e-05	7.156659e-05	7.156659e-05
4.700000e+00	4.800000e+00	1.431332e-04	1.012104e-04	1.012104e-04
4.800000e+00	4.900000e+00	0.000000e+00	0.000000e+00	0.000000e+00
4.900000e+00	5.000000e+00	0.000000e+00	0.000000e+00	0.000000e+00
5.000000e+00	5.100000e+00	0.000000e+00	0.000000e+00	0.000000e+00
5.100000e+00	5.200000e+00	0.000000e+00	0.000000e+00	0.000000e+00
5.200000e+00	5.300000e+00	7.156660e-05	7.156659e-05	7.156659e-05
5.300000e+00	5.400000e+00	7.156660e-05	7.156659e-05	7.156659e-05
5.400000e+00	5.500000e+00	0.000000e+00	0.000000e+00	0.000000e+00
5.500000e+00	5.600000e+00	0.000000e+00	0.000000e+00	0.000000e+00
5.600000e+00	5.700000e+00	0.000000e+00	0.000000e+00	0.000000e+00
5.700000e+00	5.800000e+00	0.000000e+00	0.000000e+00	0.000000e+00
5.800000e+00	5.900000e+00	0.000000e+00	0.000000e+00	0.000000e+00
5.900000e+00	6.000000e+00	0.000000e+00	0.000000e+00	0.000000e+00
6.000000e+00	6.100000e+00	0.000000e+00	0.000000e+00	0.000000e+00
6.100000e+00	6.200000e+00	0.000000e+00	0.000000e+00	0.000000e+00
6.200000e+00	6.300000e+00	0.000000e+00	0.000000e+00	0.000000e+00
6.300000e+00	6.400000e+00	0.000000e+00	0.000000e+00	0.000000e+00
6.400000e+00	6.500000e+00	0.000000e+00	0.000000e+00	0.000000e+00
6.500000e+00	6.600000e+00	0.000000e+00	0.000000e+00	0.000000e+00
6.600000e+00	6.700000e+00	0.000000e+00	0.000000e+00	0.000000e+00
6.700000e+00	6.800000e+00	0.000000e+00	0.000000e+00	0.000000e+00
6.800000e+00	6.900000e+00	0.000000e+00	0.000000e+00	0.000000e+00
6.900000e+00	7.000000e+00	0.000000e+00	0.000000e+00	0.000000e+00
7.000000e+00	7.100000e+00	0.000000e+00	0.000000e+00	0.000000e+00
7.100000e+00	7.200000e+00	0.000000e+00	0.000000e+00	0.000000e+00
7.200000e+00	7.300000e+00	0.000000e+00	0.000000e+00	0.000000e+00
7.300000e+00	7.400000e+00	0.000000e+00	0.000000e+00	0.000000e+00
7.400000e+00	7.500000e+00	0.000000e+00	0.000000e+00	0.000000e+00
7.500000e+00	7.600000e+00	0.000000e+00	0.000000e+00	0.000000e+00
7.600000e+00	7.700000e+00	0.000000e+00	0.000000e+00	0.000000e+00
7.700000e+00	7.800000e+00	0.000000e+00	0.000000e+00	0.000000e+00
7.800000e+00	7.900000e+00	0.000000e+00	0.000000e+00	0.000000e+00
7.900000e+00	8.000000e+00	0.000000e+00	0.000000e+00	0.000000e+00
8.000000e+00	8.100000e+00	0.000000e+00	0.000000e+00	0.000000e+00
8.100000e+00	8.200000e+00	0.000000e+00	0.000000e+00	0.000000e+00
8.200000e+00	8.300000e+00	0.000000e+00	0.000000e+00	0.000000e+00
8.300000e+00	8.400000e+00	0.000000e+00	0.000000e+00	0.000000e+00
8.400000e+00	8.500000e+00	0.000000e+00	0.000000e+00	0.000000e+00
8.500000e+00	8.600000e+00	0.000000e+00	0.000000e+00	0.000000e+00
8.600000e+00	8.700000e+00	0.000000e+00	0.000000e+00	0.000000e+00
8.700000e+00	8.800000e+00	0.000000e+00	0.000000e+00	0.000000e+00
8.800000e+00	8.900000e+00	0.000000e+00	0.000000e+00	0.000000e+00
8.900000e+00	9.000000e+00	0.000000e+00	0.000000e+00	0.000000e+00
9.000000e+00	9.100000e+00	0.000000e+00	0.000000e+00	0.000000e+00
9.100000e+00	9.200000e+00	0.000000e+00	0.000000e+00	0.000000e+00
9.200000e+00	9.300000e+00	0.000000e+00	0.000000e+00	0.000000e+00
9.300000e+00	9.400000e+00	0.000000e+00	0.000000e+00	0.000000e+00
9.400000e+00	9.500000e+00	0.000000e+00	0.000000e+00	0.000000e+00
9.500000e+00	9.600000e+00	0.000000e+00	0.000000e+00	0.000000e+00
9.600000e+00	9.700000e+00	0.000000e+00	0.000000e+00	0.000000e+00
9.700000e+00	9.800000e+00	0.000000e+00	0.000000e+00	0.000000e+00
9.800000e+00	9.900000e+00	0.000000e+00	0.000000e+00	0.000000e+00
9.900000e+00	1.000000e+01	0.000000e+00	0.000000e+00	0.000000e+00
1.000000e+01	1.010000e+01	0.000000e+00	0.000000e+00	0.000000e+00
1.010000e+01	1.020000e+01	0.000000e+00	0.000000e+00	0.000000e+00
1.020000e+01	1.030000e+01	0.000000e+00	0.000000e+00	0.000000e+00
1.030000e+01	1.040000e+01	0.000000e+00	0.000000e+00	0.000000e+00
1.040000e+01	1.050000e+01	0.000000e+00	0.000000e+00	0.000000e+00
1.050000e+01	1.060000e+01	0.000000e+00	0.000000e+00	0.000000e+00
1.060000e+01	1.070000e+01	0.000000e+00	0.000000e+00	0.000000e+00
1.070000e+01	1.080000e+01	0.000000e+00	0.000000e+00	0.000000e+00
1.080000e+01	1.090000e+01	0.000000e+00	0.000000e+00	0.000000e+00
1.090000e+01	1.100000e+01	0.000000e+00	0.000000e+00	0.000000e+00
1.100000e+01	1.110000e+01	0.000000e+00	0.000000e+00	0.000000e+00
1.110000e+01	1.120000e+01	0.000000e+00	0.000000e+00	0.000000e+00
1.120000e+01	1.130000e+01	0.000000e+00	0.000000e+00	0.000000e+00
1.130000e+01	1.140000e+01	0.000000e+00	0.000000e+00	0.000000e+00
1.140000e+01	1.150000e+01	0.000000e+00	0.000000e+00	0.000000e+00
1.150000e+01	1.160000e+01	0.000000e+00	0.000000e+00	0.000000e+00
1.160000e+01	1.170000e+01	0.000000e+00	0.000000e+00	0.000000e+00
1.170000e+01	1.180000e+01	0.000000e+00	0.000000e+00	0.000000e+00
1.180000e+01	1.190000e+01	0.000000e+00	0.000000e+00	0.000000e+00
1.190000e+01	1.200000e+01	0.000000e+00	0.000000e+00	0.000000e+00
1.200000e+01	1.210000e+01	0.000000e+00	0.000000e+00	0.000000e+00
1.210000e+01	1.220000e+01	0.000000e+00	0.000000e+00	0.000000e+00
1.220000e+01	1.230000e+01	0.000000e+00	0.000000e+00	0.000000e+00
1.230000e+01	1.240000e+01	0.000000e+00	0.000000e+00	0.000000e+00
1.240000e+01	1.250000e+01	0.000000e+00	0.000000e+00	0.000000e+00
1.250000e+01	1.260000e+01	0.000000e+00	0.000000e+00	0.000000e+00
1.260000e+01	1.270000e+01	0.000000e+00	0.000000e+00	0.000000e+00
1.270000e+01	1.280000e+01	0.000000e+00	0.000000e+00	0.000000e+00
1.280000e+01	1.290000e+01	0.000000e+00	0.000000e+00	0.000000e+00
1.290000e+01	1.300000e+01	0.000000e+00	0.000000e+00	0.000000e+00
1.300000e+01	1.310000e+01	0.000000e+00	0.000000e+00	0.000000e+00
1.310000e+01	1.320000e+01	0.000000e+00	0.000000e+00	0.000000e+00
1.320000e+01	1.330000e+01	0.000000e+00	0.000000e+00	0.000000e+00
1.330000e+01	1.340000e+01	0.000000e+00	0.000000e+00	0.000000e+00
1.340000e+01	1.350000e+01	0.000000e+00	0.000000e+00	0.000000e+00
1.350000e+01	1.360000e+01	0.000000e+00	0.000000e+00	0.000000e+00
1.360000e+01	1.370000e+01	0.000000e+00	0.000000e+00	0.000000e+00
1.370000e+01	1.380000e+01	0.000000e+00	0.000000e+00	0.000000e+00
1.380000e+01	1.390000e+01	0.000000e+00	0.000000e+00	0.000000e+00
1.390000e+01	1.400000e+01	0.000000e+00	0.000000e+00	0.000000e+00
1.400000e+01	1.410000e+01	0.000000e+00	0.000000e+00	0.000000e+00
1.410000e+01	1.420000e+01	0.000000e+00	0.000000e+00	0.000000e+00
1.420000e+01	1.430000e+01	0.000000e+00	0.000000e+00	0.000000e+00
1.430000e+01	1.440000e+01	0.000000e+00	0.000000e+00	0.000000e+00
1.440000e+01	1.450000e+01	0.000000e+00	0.000000e+00	0.000000e+00
1.450000e+01	1.460000e+01	0.000000e+00	0.000000e+00	0.000000e+00
1.460000e+01	1.470000e+01	0.000000e+00	0.000000e+00	0.000000e+00
1.470000e+01	1.480000e+01	0.000000e+00	0.000000e+00	0.000000e+00
1.480000e+01	1.490000e+01	0.000000e+00	0.000000e+00	0.000000e+00
1.490000e+01	1.500000e+01	0.000000e+00	0.000000e+00	0.000000e+00
# END HISTO1D

