# BEGIN PLOT
LegendOnly=//home/frederic/Work/Software/LesHouches2017/lh2017-alphas/pythia-alphas/robustness/eff-as015015-quark.yoda/MC_LHJSS_Zjet/log_Angularity_zcut_0.2_beta_0_alpha_1 //home/frederic/Work/Software/LesHouches2017/lh2017-alphas/pythia-alphas/robustness/eff-as015015-gluon.yoda/MC_LHJSS_Zjet/log_Angularity_zcut_0.2_beta_0_alpha_1
DrawOnly=//home/frederic/Work/Software/LesHouches2017/lh2017-alphas/pythia-alphas/robustness/eff-as015015-quark.yoda/MC_LHJSS_Zjet/log_Angularity_zcut_0.2_beta_0_alpha_1 //home/frederic/Work/Software/LesHouches2017/lh2017-alphas/pythia-alphas/robustness/eff-as015015-gluon.yoda/MC_LHJSS_Zjet/log_Angularity_zcut_0.2_beta_0_alpha_1
Title=Angularity, $\alpha$ = 1 $z_{cut}$ = 0.2 $\beta$ = 0
RatioPlot=1
LogX=0
LogY=0
RatioPlotYLabel=Ratio
RatioPlotReference=//home/frederic/Work/Software/LesHouches2017/lh2017-alphas/pythia-alphas/robustness/eff-as015015-quark.yoda/MC_LHJSS_Zjet/log_Angularity_zcut_0.2_beta_0_alpha_1
XLabel=$e_\alpha$
YLabel=$1/\sigma \text{d}\sigma/\text{d}e_\alpha$
Legend=1
# END PLOT

# BEGIN HISTO1D //home/frederic/Work/Software/LesHouches2017/lh2017-alphas/pythia-alphas/robustness/eff-as015015-quark.yoda/MC_LHJSS_Zjet/log_Angularity_zcut_0.2_beta_0_alpha_1
LineColor=red
LineStyle=solid
NormalizeToSum=1
Path=//home/frederic/Work/Software/LesHouches2017/lh2017-alphas/pythia-alphas/robustness/eff-as015015-quark.yoda/MC_LHJSS_Zjet/log_Angularity_zcut_0.2_beta_0_alpha_1
ScaledBy=1.0
Title=eff-as015015-quark
XLabel=
YLabel=
# xlow	 xhigh	 val	 errminus	 errplus
0.000000e+00	1.000000e-01	3.115653e-04	3.115653e-04	3.115653e-04
1.000000e-01	2.000000e-01	4.126672e-05	4.126672e-05	4.126672e-05
2.000000e-01	3.000000e-01	1.238002e-04	7.147606e-05	7.147606e-05
3.000000e-01	4.000000e-01	1.251174e-04	2.810420e-04	2.810420e-04
4.000000e-01	5.000000e-01	4.782212e-06	5.803793e-05	5.803793e-05
5.000000e-01	6.000000e-01	1.000273e-04	2.645276e-04	2.645276e-04
6.000000e-01	7.000000e-01	6.589680e-06	6.818177e-05	6.818177e-05
7.000000e-01	8.000000e-01	1.306427e-04	3.031728e-04	3.031728e-04
8.000000e-01	9.000000e-01	4.017094e-04	5.309479e-04	5.309479e-04
9.000000e-01	1.000000e+00	7.662954e-05	2.324369e-04	2.324369e-04
1.000000e+00	1.100000e+00	5.593094e-05	1.986125e-04	1.986125e-04
1.100000e+00	1.200000e+00	1.889000e-04	3.648414e-04	3.648414e-04
1.200000e+00	1.300000e+00	5.959646e-04	6.471796e-04	6.471796e-04
1.300000e+00	1.400000e+00	1.208212e-04	2.918767e-04	2.918767e-04
1.400000e+00	1.500000e+00	2.096184e-04	3.843446e-04	3.843446e-04
1.500000e+00	1.600000e+00	3.477325e-06	4.953553e-05	4.953553e-05
1.600000e+00	1.700000e+00	4.755678e-04	5.783413e-04	5.783413e-04
1.700000e+00	1.800000e+00	1.153820e-05	9.023009e-05	9.023009e-05
1.800000e+00	1.900000e+00	5.170924e-05	1.909881e-04	1.909881e-04
1.900000e+00	2.000000e+00	1.359010e-04	3.095285e-04	3.095285e-04
2.000000e+00	2.100000e+00	2.198302e-05	1.245407e-04	1.245407e-04
2.100000e+00	2.200000e+00	5.556593e-04	6.249326e-04	6.249326e-04
2.200000e+00	2.300000e+00	8.709440e-05	2.478373e-04	2.478373e-04
2.300000e+00	2.400000e+00	9.290967e-06	8.096846e-05	8.096846e-05
2.400000e+00	2.500000e+00	2.942672e-05	1.440873e-04	1.440873e-04
2.500000e+00	2.600000e+00	4.840786e-04	5.835104e-04	5.835104e-04
2.600000e+00	2.700000e+00	5.959633e-05	2.050344e-04	2.050344e-04
2.700000e+00	2.800000e+00	9.120140e-05	2.536143e-04	2.536143e-04
2.800000e+00	2.900000e+00	5.807194e-06	6.401383e-05	6.401383e-05
2.900000e+00	3.000000e+00	1.350977e-05	9.763456e-05	9.763456e-05
3.000000e+00	3.100000e+00	3.104007e-05	1.479853e-04	1.479853e-04
3.100000e+00	3.200000e+00	3.627832e-04	5.053854e-04	5.053854e-04
3.200000e+00	3.300000e+00	1.047893e-05	8.598911e-05	8.598911e-05
3.300000e+00	3.400000e+00	5.773567e-05	2.018105e-04	2.018105e-04
3.400000e+00	3.500000e+00	1.363282e-05	9.807860e-05	9.807860e-05
3.500000e+00	3.600000e+00	2.547193e-04	4.236293e-04	4.236293e-04
3.600000e+00	3.700000e+00	9.157221e-04	8.015088e-04	8.015088e-04
3.700000e+00	3.800000e+00	4.438558e-05	1.769555e-04	1.769555e-04
3.800000e+00	3.900000e+00	5.470171e-04	6.202524e-04	6.202524e-04
3.900000e+00	4.000000e+00	2.852976e-04	4.483200e-04	4.483200e-04
4.000000e+00	4.100000e+00	7.837270e-06	7.436557e-05	7.436557e-05
4.100000e+00	4.200000e+00	4.641050e-04	5.715106e-04	5.715106e-04
4.200000e+00	4.300000e+00	3.740779e-04	5.133034e-04	5.133034e-04
4.300000e+00	4.400000e+00	1.768379e-03	1.112201e-03	1.112201e-03
4.400000e+00	4.500000e+00	1.160256e-03	9.024505e-04	9.024505e-04
4.500000e+00	4.600000e+00	4.594385e-03	1.783543e-03	1.783543e-03
4.600000e+00	4.700000e+00	6.178083e-03	2.062889e-03	2.062889e-03
4.700000e+00	4.800000e+00	9.331443e-03	2.523169e-03	2.523169e-03
4.800000e+00	4.900000e+00	1.447298e-02	3.121495e-03	3.121495e-03
4.900000e+00	5.000000e+00	1.782954e-02	3.450430e-03	3.450430e-03
5.000000e+00	5.100000e+00	2.387161e-02	3.965411e-03	3.965411e-03
5.100000e+00	5.200000e+00	2.529830e-02	4.082719e-03	4.082719e-03
5.200000e+00	5.300000e+00	2.155284e-02	3.788541e-03	3.788541e-03
5.300000e+00	5.400000e+00	1.331999e-02	3.008677e-03	3.008677e-03
5.400000e+00	5.500000e+00	1.190360e-02	2.849544e-03	2.849544e-03
5.500000e+00	5.600000e+00	8.460866e-03	2.414884e-03	2.414884e-03
5.600000e+00	5.700000e+00	2.353091e-03	1.283971e-03	1.283971e-03
5.700000e+00	5.800000e+00	1.231567e-03	9.303918e-04	9.303918e-04
5.800000e+00	5.900000e+00	1.031571e-03	8.516824e-04	8.516824e-04
5.900000e+00	6.000000e+00	1.408132e-04	3.151404e-04	3.151404e-04
6.000000e+00	6.100000e+00	3.598414e-04	5.034971e-04	5.034971e-04
6.100000e+00	6.200000e+00	4.584150e-06	5.687527e-05	5.687527e-05
6.200000e+00	6.300000e+00	3.133497e-04	4.698060e-04	4.698060e-04
6.300000e+00	6.400000e+00	6.027427e-04	6.508770e-04	6.508770e-04
6.400000e+00	6.500000e+00	4.132643e-03	1.682690e-03	1.682690e-03
6.500000e+00	6.600000e+00	1.994472e-03	1.174604e-03	1.174604e-03
6.600000e+00	6.700000e+00	2.607214e-03	1.334840e-03	1.334840e-03
6.700000e+00	6.800000e+00	1.491544e-03	1.015363e-03	1.015363e-03
6.800000e+00	6.900000e+00	1.613048e-03	1.052651e-03	1.052651e-03
6.900000e+00	7.000000e+00	1.725618e-03	1.083243e-03	1.083243e-03
7.000000e+00	7.100000e+00	1.434416e-03	9.890132e-04	9.890132e-04
7.100000e+00	7.200000e+00	2.046298e-03	1.164107e-03	1.164107e-03
7.200000e+00	7.300000e+00	2.731439e-05	1.387497e-04	1.387497e-04
7.300000e+00	7.400000e+00	1.586056e-03	1.026538e-03	1.026538e-03
7.400000e+00	7.500000e+00	5.121410e-03	1.751685e-03	1.751685e-03
7.500000e+00	7.600000e+00	1.052785e-03	8.401569e-04	8.401569e-04
7.600000e+00	7.700000e+00	9.331841e-04	7.862659e-04	7.862659e-04
7.700000e+00	7.800000e+00	1.463282e-03	9.665881e-04	9.665881e-04
7.800000e+00	7.900000e+00	1.412540e-03	9.403062e-04	9.403062e-04
7.900000e+00	8.000000e+00	2.939418e-03	1.283230e-03	1.283230e-03
8.000000e+00	8.100000e+00	1.544979e-03	9.557990e-04	9.557990e-04
8.100000e+00	8.200000e+00	9.686669e-04	7.531408e-04	7.531408e-04
8.200000e+00	8.300000e+00	1.730334e-03	9.785916e-04	9.785916e-04
8.300000e+00	8.400000e+00	1.231658e-03	8.453187e-04	8.453187e-04
8.400000e+00	8.500000e+00	8.552785e-05	2.420374e-04	2.420374e-04
8.500000e+00	8.600000e+00	4.045145e-04	5.064518e-04	5.064518e-04
8.600000e+00	8.700000e+00	2.251399e-04	3.853569e-04	3.853569e-04
8.700000e+00	8.800000e+00	1.633290e-03	8.282933e-04	8.282933e-04
8.800000e+00	8.900000e+00	4.188720e-04	4.967800e-04	4.967800e-04
8.900000e+00	9.000000e+00	5.242211e-06	6.064214e-05	6.064214e-05
9.000000e+00	9.100000e+00	2.888671e-04	1.091815e-04	1.091815e-04
9.100000e+00	9.200000e+00	2.889681e-04	4.162196e-04	4.162196e-04
9.200000e+00	9.300000e+00	1.650669e-04	8.253345e-05	8.253345e-05
9.300000e+00	9.400000e+00	8.097967e-05	2.237199e-04	2.237199e-04
9.400000e+00	9.500000e+00	4.502797e-05	1.723369e-04	1.723369e-04
9.500000e+00	9.600000e+00	8.253345e-05	5.835996e-05	5.835996e-05
9.600000e+00	9.700000e+00	8.097967e-05	2.237199e-04	2.237199e-04
9.700000e+00	9.800000e+00	8.097967e-05	2.237199e-04	2.237199e-04
9.800000e+00	9.900000e+00	8.253345e-05	5.835996e-05	5.835996e-05
9.900000e+00	1.000000e+01	4.126673e-05	4.126672e-05	4.126672e-05
1.000000e+01	1.010000e+01	4.126673e-05	4.126672e-05	4.126672e-05
1.010000e+01	1.020000e+01	0.000000e+00	0.000000e+00	0.000000e+00
1.020000e+01	1.030000e+01	0.000000e+00	0.000000e+00	0.000000e+00
1.030000e+01	1.040000e+01	3.115653e-04	3.115653e-04	3.115653e-04
1.040000e+01	1.050000e+01	0.000000e+00	0.000000e+00	0.000000e+00
1.050000e+01	1.060000e+01	0.000000e+00	0.000000e+00	0.000000e+00
1.060000e+01	1.070000e+01	0.000000e+00	0.000000e+00	0.000000e+00
1.070000e+01	1.080000e+01	0.000000e+00	0.000000e+00	0.000000e+00
1.080000e+01	1.090000e+01	0.000000e+00	0.000000e+00	0.000000e+00
1.090000e+01	1.100000e+01	0.000000e+00	0.000000e+00	0.000000e+00
1.100000e+01	1.110000e+01	0.000000e+00	0.000000e+00	0.000000e+00
1.110000e+01	1.120000e+01	0.000000e+00	0.000000e+00	0.000000e+00
1.120000e+01	1.130000e+01	0.000000e+00	0.000000e+00	0.000000e+00
1.130000e+01	1.140000e+01	0.000000e+00	0.000000e+00	0.000000e+00
1.140000e+01	1.150000e+01	0.000000e+00	0.000000e+00	0.000000e+00
1.150000e+01	1.160000e+01	0.000000e+00	0.000000e+00	0.000000e+00
1.160000e+01	1.170000e+01	0.000000e+00	0.000000e+00	0.000000e+00
1.170000e+01	1.180000e+01	0.000000e+00	0.000000e+00	0.000000e+00
1.180000e+01	1.190000e+01	0.000000e+00	0.000000e+00	0.000000e+00
1.190000e+01	1.200000e+01	0.000000e+00	0.000000e+00	0.000000e+00
1.200000e+01	1.210000e+01	0.000000e+00	0.000000e+00	0.000000e+00
1.210000e+01	1.220000e+01	0.000000e+00	0.000000e+00	0.000000e+00
1.220000e+01	1.230000e+01	0.000000e+00	0.000000e+00	0.000000e+00
1.230000e+01	1.240000e+01	0.000000e+00	0.000000e+00	0.000000e+00
1.240000e+01	1.250000e+01	0.000000e+00	0.000000e+00	0.000000e+00
1.250000e+01	1.260000e+01	0.000000e+00	0.000000e+00	0.000000e+00
1.260000e+01	1.270000e+01	0.000000e+00	0.000000e+00	0.000000e+00
1.270000e+01	1.280000e+01	0.000000e+00	0.000000e+00	0.000000e+00
1.280000e+01	1.290000e+01	0.000000e+00	0.000000e+00	0.000000e+00
1.290000e+01	1.300000e+01	0.000000e+00	0.000000e+00	0.000000e+00
1.300000e+01	1.310000e+01	0.000000e+00	0.000000e+00	0.000000e+00
1.310000e+01	1.320000e+01	0.000000e+00	0.000000e+00	0.000000e+00
1.320000e+01	1.330000e+01	0.000000e+00	0.000000e+00	0.000000e+00
1.330000e+01	1.340000e+01	0.000000e+00	0.000000e+00	0.000000e+00
1.340000e+01	1.350000e+01	0.000000e+00	0.000000e+00	0.000000e+00
1.350000e+01	1.360000e+01	0.000000e+00	0.000000e+00	0.000000e+00
1.360000e+01	1.370000e+01	0.000000e+00	0.000000e+00	0.000000e+00
1.370000e+01	1.380000e+01	0.000000e+00	0.000000e+00	0.000000e+00
1.380000e+01	1.390000e+01	0.000000e+00	0.000000e+00	0.000000e+00
1.390000e+01	1.400000e+01	0.000000e+00	0.000000e+00	0.000000e+00
1.400000e+01	1.410000e+01	0.000000e+00	0.000000e+00	0.000000e+00
1.410000e+01	1.420000e+01	0.000000e+00	0.000000e+00	0.000000e+00
1.420000e+01	1.430000e+01	0.000000e+00	0.000000e+00	0.000000e+00
1.430000e+01	1.440000e+01	0.000000e+00	0.000000e+00	0.000000e+00
1.440000e+01	1.450000e+01	0.000000e+00	0.000000e+00	0.000000e+00
1.450000e+01	1.460000e+01	0.000000e+00	0.000000e+00	0.000000e+00
1.460000e+01	1.470000e+01	0.000000e+00	0.000000e+00	0.000000e+00
1.470000e+01	1.480000e+01	0.000000e+00	0.000000e+00	0.000000e+00
1.480000e+01	1.490000e+01	0.000000e+00	0.000000e+00	0.000000e+00
1.490000e+01	1.500000e+01	0.000000e+00	0.000000e+00	0.000000e+00
# END HISTO1D

# BEGIN HISTO1D //home/frederic/Work/Software/LesHouches2017/lh2017-alphas/pythia-alphas/robustness/eff-as015015-gluon.yoda/MC_LHJSS_Zjet/log_Angularity_zcut_0.2_beta_0_alpha_1
LineColor=blue
LineStyle=solid
NormalizeToSum=1
Path=//home/frederic/Work/Software/LesHouches2017/lh2017-alphas/pythia-alphas/robustness/eff-as015015-gluon.yoda/MC_LHJSS_Zjet/log_Angularity_zcut_0.2_beta_0_alpha_1
ScaledBy=1.0
Title=eff-as015015-gluon
XLabel=
YLabel=
# xlow	 xhigh	 val	 errminus	 errplus
0.000000e+00	1.000000e-01	0.000000e+00	0.000000e+00	0.000000e+00
1.000000e-01	2.000000e-01	1.774132e-04	3.263489e-04	3.263489e-04
2.000000e-01	3.000000e-01	4.293996e-04	1.753017e-04	1.753017e-04
3.000000e-01	4.000000e-01	8.567916e-05	2.612698e-04	2.612698e-04
4.000000e-01	5.000000e-01	8.771923e-05	2.682633e-04	2.682633e-04
5.000000e-01	6.000000e-01	2.154191e-04	4.207084e-04	4.207084e-04
6.000000e-01	7.000000e-01	5.234936e-04	6.551095e-04	6.551095e-04
7.000000e-01	8.000000e-01	2.561681e-04	4.600095e-04	4.600095e-04
8.000000e-01	9.000000e-01	5.440789e-06	6.713551e-05	6.713551e-05
9.000000e-01	1.000000e+00	1.357718e-05	1.060518e-04	1.060518e-04
1.000000e+00	1.100000e+00	8.615555e-04	8.431012e-04	8.431012e-04
1.100000e+00	1.200000e+00	2.962665e-05	1.566545e-04	1.566545e-04
1.200000e+00	1.300000e+00	1.610475e-04	3.651489e-04	3.651489e-04
1.300000e+00	1.400000e+00	1.219272e-04	3.177507e-04	3.177507e-04
1.400000e+00	1.500000e+00	2.665000e-05	1.485795e-04	1.485795e-04
1.500000e+00	1.600000e+00	8.751385e-06	8.514567e-05	8.514567e-05
1.600000e+00	1.700000e+00	1.438058e-04	3.450772e-04	3.450772e-04
1.700000e+00	1.800000e+00	4.663994e-06	6.215928e-05	6.215928e-05
1.800000e+00	1.900000e+00	9.899250e-04	9.041820e-04	9.041820e-04
1.900000e+00	2.000000e+00	3.446984e-05	1.689757e-04	1.689757e-04
2.000000e+00	2.100000e+00	8.374254e-04	8.317816e-04	8.317816e-04
2.100000e+00	2.200000e+00	1.759645e-05	1.207342e-04	1.207342e-04
2.200000e+00	2.300000e+00	3.104421e-04	5.068594e-04	5.068594e-04
2.300000e+00	2.400000e+00	9.559523e-05	2.813691e-04	2.813691e-04
2.400000e+00	2.500000e+00	3.944941e-04	5.712757e-04	5.712757e-04
2.500000e+00	2.600000e+00	1.944064e-04	4.011839e-04	4.011839e-04
2.600000e+00	2.700000e+00	7.658405e-05	2.518498e-04	2.518498e-04
2.700000e+00	2.800000e+00	2.648072e-05	1.481067e-04	1.481067e-04
2.800000e+00	2.900000e+00	2.192349e-06	4.261709e-05	4.261709e-05
2.900000e+00	3.000000e+00	5.768586e-04	6.905666e-04	6.905666e-04
3.000000e+00	3.100000e+00	8.455312e-05	2.646245e-04	2.646245e-04
3.100000e+00	3.200000e+00	5.559583e-05	2.145894e-04	2.145894e-04
3.200000e+00	3.300000e+00	5.129509e-06	6.518749e-05	6.518749e-05
3.300000e+00	3.400000e+00	2.978414e-05	1.570722e-04	1.570722e-04
3.400000e+00	3.500000e+00	9.012998e-05	2.732048e-04	2.732048e-04
3.500000e+00	3.600000e+00	4.469913e-04	6.079983e-04	6.079983e-04
3.600000e+00	3.700000e+00	2.745563e-05	1.508074e-04	1.508074e-04
3.700000e+00	3.800000e+00	2.140120e-03	1.326259e-03	1.326259e-03
3.800000e+00	3.900000e+00	6.654514e-04	7.415413e-04	7.415413e-04
3.900000e+00	4.000000e+00	2.997157e-03	1.567327e-03	1.567327e-03
4.000000e+00	4.100000e+00	3.209406e-03	1.621400e-03	1.621400e-03
4.100000e+00	4.200000e+00	1.100901e-02	2.965464e-03	2.965464e-03
4.200000e+00	4.300000e+00	8.510792e-03	2.618271e-03	2.618271e-03
4.300000e+00	4.400000e+00	1.040343e-02	2.884336e-03	2.884336e-03
4.400000e+00	4.500000e+00	7.025695e-03	2.382738e-03	2.382738e-03
4.500000e+00	4.600000e+00	3.727513e-03	1.745140e-03	1.745140e-03
4.600000e+00	4.700000e+00	2.563870e-03	1.450059e-03	1.450059e-03
4.700000e+00	4.800000e+00	1.788634e-03	1.212587e-03	1.212587e-03
4.800000e+00	4.900000e+00	1.348104e-03	1.053638e-03	1.053638e-03
4.900000e+00	5.000000e+00	1.326986e-04	3.314608e-04	3.314608e-04
5.000000e+00	5.100000e+00	7.731738e-04	7.988152e-04	7.988152e-04
5.100000e+00	5.200000e+00	6.133031e-05	2.253654e-04	2.253654e-04
5.200000e+00	5.300000e+00	2.703476e-04	4.728252e-04	4.728252e-04
5.300000e+00	5.400000e+00	1.919718e-03	1.252261e-03	1.252261e-03
5.400000e+00	5.500000e+00	1.426294e-03	1.080730e-03	1.080730e-03
5.500000e+00	5.600000e+00	4.025598e-03	1.789476e-03	1.789476e-03
5.600000e+00	5.700000e+00	3.626670e-03	1.699593e-03	1.699593e-03
5.700000e+00	5.800000e+00	1.244928e-03	1.007948e-03	1.007948e-03
5.800000e+00	5.900000e+00	2.212549e-03	1.334538e-03	1.334538e-03
5.900000e+00	6.000000e+00	1.552566e-03	1.120502e-03	1.120502e-03
6.000000e+00	6.100000e+00	3.094583e-03	1.549886e-03	1.549886e-03
6.100000e+00	6.200000e+00	1.658231e-04	3.700157e-04	3.700157e-04
6.200000e+00	6.300000e+00	4.769634e-06	6.285612e-05	6.285612e-05
6.300000e+00	6.400000e+00	1.327587e-04	3.309276e-04	3.309276e-04
6.400000e+00	6.500000e+00	3.319838e-04	5.205718e-04	5.205718e-04
6.500000e+00	6.600000e+00	6.139829e-04	7.025305e-04	7.025305e-04
6.600000e+00	6.700000e+00	3.308027e-04	5.179989e-04	5.179989e-04
6.700000e+00	6.800000e+00	6.123569e-05	2.246891e-04	2.246891e-04
6.800000e+00	6.900000e+00	3.618306e-06	5.474020e-05	5.474020e-05
6.900000e+00	7.000000e+00	7.988019e-05	2.563150e-04	2.563150e-04
7.000000e+00	7.100000e+00	6.204065e-04	6.956079e-04	6.956079e-04
7.100000e+00	7.200000e+00	2.302550e-06	4.366750e-05	4.366750e-05
7.200000e+00	7.300000e+00	4.538400e-05	1.930300e-04	1.930300e-04
7.300000e+00	7.400000e+00	3.959063e-04	5.314656e-04	5.314656e-04
7.400000e+00	7.500000e+00	2.527750e-05	1.442814e-04	1.442814e-04
7.500000e+00	7.600000e+00	8.931335e-04	7.870464e-04	7.870464e-04
7.600000e+00	7.700000e+00	1.516654e-05	1.117600e-04	1.117600e-04
7.700000e+00	7.800000e+00	2.217368e-04	3.948239e-04	3.948239e-04
7.800000e+00	7.900000e+00	8.567916e-05	2.612698e-04	2.612698e-04
7.900000e+00	8.000000e+00	2.862664e-04	1.431332e-04	1.431332e-04
8.000000e+00	8.100000e+00	5.055510e-06	6.452466e-05	6.452466e-05
8.100000e+00	8.200000e+00	9.746580e-06	8.942111e-05	8.942111e-05
8.200000e+00	8.300000e+00	7.156660e-05	7.156659e-05	7.156659e-05
8.300000e+00	8.400000e+00	8.194615e-05	2.450881e-04	2.450881e-04
8.400000e+00	8.500000e+00	1.431332e-04	1.012104e-04	1.012104e-04
8.500000e+00	8.600000e+00	1.774132e-04	3.263489e-04	3.263489e-04
8.600000e+00	8.700000e+00	2.146998e-04	1.239570e-04	1.239570e-04
8.700000e+00	8.800000e+00	1.431332e-04	1.012104e-04	1.012104e-04
8.800000e+00	8.900000e+00	7.156660e-05	7.156659e-05	7.156659e-05
8.900000e+00	9.000000e+00	0.000000e+00	0.000000e+00	0.000000e+00
9.000000e+00	9.100000e+00	1.431332e-04	1.012104e-04	1.012104e-04
9.100000e+00	9.200000e+00	3.426535e-04	3.426535e-04	3.426535e-04
9.200000e+00	9.300000e+00	0.000000e+00	0.000000e+00	0.000000e+00
9.300000e+00	9.400000e+00	0.000000e+00	0.000000e+00	0.000000e+00
9.400000e+00	9.500000e+00	0.000000e+00	0.000000e+00	0.000000e+00
9.500000e+00	9.600000e+00	0.000000e+00	0.000000e+00	0.000000e+00
9.600000e+00	9.700000e+00	0.000000e+00	0.000000e+00	0.000000e+00
9.700000e+00	9.800000e+00	0.000000e+00	0.000000e+00	0.000000e+00
9.800000e+00	9.900000e+00	0.000000e+00	0.000000e+00	0.000000e+00
9.900000e+00	1.000000e+01	0.000000e+00	0.000000e+00	0.000000e+00
1.000000e+01	1.010000e+01	0.000000e+00	0.000000e+00	0.000000e+00
1.010000e+01	1.020000e+01	0.000000e+00	0.000000e+00	0.000000e+00
1.020000e+01	1.030000e+01	0.000000e+00	0.000000e+00	0.000000e+00
1.030000e+01	1.040000e+01	0.000000e+00	0.000000e+00	0.000000e+00
1.040000e+01	1.050000e+01	0.000000e+00	0.000000e+00	0.000000e+00
1.050000e+01	1.060000e+01	0.000000e+00	0.000000e+00	0.000000e+00
1.060000e+01	1.070000e+01	0.000000e+00	0.000000e+00	0.000000e+00
1.070000e+01	1.080000e+01	0.000000e+00	0.000000e+00	0.000000e+00
1.080000e+01	1.090000e+01	0.000000e+00	0.000000e+00	0.000000e+00
1.090000e+01	1.100000e+01	0.000000e+00	0.000000e+00	0.000000e+00
1.100000e+01	1.110000e+01	0.000000e+00	0.000000e+00	0.000000e+00
1.110000e+01	1.120000e+01	0.000000e+00	0.000000e+00	0.000000e+00
1.120000e+01	1.130000e+01	0.000000e+00	0.000000e+00	0.000000e+00
1.130000e+01	1.140000e+01	0.000000e+00	0.000000e+00	0.000000e+00
1.140000e+01	1.150000e+01	0.000000e+00	0.000000e+00	0.000000e+00
1.150000e+01	1.160000e+01	0.000000e+00	0.000000e+00	0.000000e+00
1.160000e+01	1.170000e+01	0.000000e+00	0.000000e+00	0.000000e+00
1.170000e+01	1.180000e+01	0.000000e+00	0.000000e+00	0.000000e+00
1.180000e+01	1.190000e+01	0.000000e+00	0.000000e+00	0.000000e+00
1.190000e+01	1.200000e+01	0.000000e+00	0.000000e+00	0.000000e+00
1.200000e+01	1.210000e+01	0.000000e+00	0.000000e+00	0.000000e+00
1.210000e+01	1.220000e+01	0.000000e+00	0.000000e+00	0.000000e+00
1.220000e+01	1.230000e+01	0.000000e+00	0.000000e+00	0.000000e+00
1.230000e+01	1.240000e+01	0.000000e+00	0.000000e+00	0.000000e+00
1.240000e+01	1.250000e+01	0.000000e+00	0.000000e+00	0.000000e+00
1.250000e+01	1.260000e+01	0.000000e+00	0.000000e+00	0.000000e+00
1.260000e+01	1.270000e+01	0.000000e+00	0.000000e+00	0.000000e+00
1.270000e+01	1.280000e+01	0.000000e+00	0.000000e+00	0.000000e+00
1.280000e+01	1.290000e+01	0.000000e+00	0.000000e+00	0.000000e+00
1.290000e+01	1.300000e+01	0.000000e+00	0.000000e+00	0.000000e+00
1.300000e+01	1.310000e+01	0.000000e+00	0.000000e+00	0.000000e+00
1.310000e+01	1.320000e+01	0.000000e+00	0.000000e+00	0.000000e+00
1.320000e+01	1.330000e+01	0.000000e+00	0.000000e+00	0.000000e+00
1.330000e+01	1.340000e+01	0.000000e+00	0.000000e+00	0.000000e+00
1.340000e+01	1.350000e+01	0.000000e+00	0.000000e+00	0.000000e+00
1.350000e+01	1.360000e+01	0.000000e+00	0.000000e+00	0.000000e+00
1.360000e+01	1.370000e+01	0.000000e+00	0.000000e+00	0.000000e+00
1.370000e+01	1.380000e+01	0.000000e+00	0.000000e+00	0.000000e+00
1.380000e+01	1.390000e+01	0.000000e+00	0.000000e+00	0.000000e+00
1.390000e+01	1.400000e+01	0.000000e+00	0.000000e+00	0.000000e+00
1.400000e+01	1.410000e+01	0.000000e+00	0.000000e+00	0.000000e+00
1.410000e+01	1.420000e+01	0.000000e+00	0.000000e+00	0.000000e+00
1.420000e+01	1.430000e+01	0.000000e+00	0.000000e+00	0.000000e+00
1.430000e+01	1.440000e+01	0.000000e+00	0.000000e+00	0.000000e+00
1.440000e+01	1.450000e+01	0.000000e+00	0.000000e+00	0.000000e+00
1.450000e+01	1.460000e+01	0.000000e+00	0.000000e+00	0.000000e+00
1.460000e+01	1.470000e+01	0.000000e+00	0.000000e+00	0.000000e+00
1.470000e+01	1.480000e+01	0.000000e+00	0.000000e+00	0.000000e+00
1.480000e+01	1.490000e+01	0.000000e+00	0.000000e+00	0.000000e+00
1.490000e+01	1.500000e+01	0.000000e+00	0.000000e+00	0.000000e+00
# END HISTO1D

