# BEGIN PLOT
LegendOnly=//home/frederic/Work/Software/LesHouches2017/lh2017-alphas/pythia-alphas/robustness/eff-as015015-quark.yoda/MC_LHJSS_Zjet/log_Angularity_zcut_0.05_beta_0_alpha_0.5 //home/frederic/Work/Software/LesHouches2017/lh2017-alphas/pythia-alphas/robustness/eff-as015015-gluon.yoda/MC_LHJSS_Zjet/log_Angularity_zcut_0.05_beta_0_alpha_0.5
DrawOnly=//home/frederic/Work/Software/LesHouches2017/lh2017-alphas/pythia-alphas/robustness/eff-as015015-quark.yoda/MC_LHJSS_Zjet/log_Angularity_zcut_0.05_beta_0_alpha_0.5 //home/frederic/Work/Software/LesHouches2017/lh2017-alphas/pythia-alphas/robustness/eff-as015015-gluon.yoda/MC_LHJSS_Zjet/log_Angularity_zcut_0.05_beta_0_alpha_0.5
Title=Angularity, $\alpha$ = 0.5 $z_{cut}$ = 0.05 $\beta$ = 0
RatioPlot=1
LogX=0
LogY=0
RatioPlotYLabel=Ratio
RatioPlotReference=//home/frederic/Work/Software/LesHouches2017/lh2017-alphas/pythia-alphas/robustness/eff-as015015-quark.yoda/MC_LHJSS_Zjet/log_Angularity_zcut_0.05_beta_0_alpha_0.5
XLabel=$e_\alpha$
YLabel=$1/\sigma \text{d}\sigma/\text{d}e_\alpha$
Legend=1
# END PLOT

# BEGIN HISTO1D //home/frederic/Work/Software/LesHouches2017/lh2017-alphas/pythia-alphas/robustness/eff-as015015-quark.yoda/MC_LHJSS_Zjet/log_Angularity_zcut_0.05_beta_0_alpha_0.5
LineColor=red
LineStyle=solid
NormalizeToSum=1
Path=//home/frederic/Work/Software/LesHouches2017/lh2017-alphas/pythia-alphas/robustness/eff-as015015-quark.yoda/MC_LHJSS_Zjet/log_Angularity_zcut_0.05_beta_0_alpha_0.5
ScaledBy=1.0
Title=eff-as015015-quark
XLabel=
YLabel=
# xlow	 xhigh	 val	 errminus	 errplus
0.000000e+00	1.000000e-01	3.115653e-04	3.115653e-04	3.115653e-04
1.000000e-01	2.000000e-01	8.253345e-05	5.835996e-05	5.835996e-05
2.000000e-01	3.000000e-01	1.015690e-04	2.555609e-04	2.555609e-04
3.000000e-01	4.000000e-01	3.822990e-04	5.075921e-04	5.075921e-04
4.000000e-01	5.000000e-01	3.232229e-04	4.748409e-04	4.748409e-04
5.000000e-01	6.000000e-01	1.486303e-04	3.235143e-04	3.235143e-04
6.000000e-01	7.000000e-01	4.033942e-04	5.326762e-04	5.326762e-04
7.000000e-01	8.000000e-01	1.470811e-03	1.015078e-03	1.015078e-03
8.000000e-01	9.000000e-01	1.128620e-03	8.903911e-04	8.903911e-04
9.000000e-01	1.000000e+00	1.738247e-03	1.104469e-03	1.104469e-03
1.000000e+00	1.100000e+00	8.739389e-04	7.843567e-04	7.843567e-04
1.100000e+00	1.200000e+00	4.201256e-04	5.442036e-04	5.442036e-04
1.200000e+00	1.300000e+00	1.116686e-03	8.866448e-04	8.866448e-04
1.300000e+00	1.400000e+00	1.154502e-03	9.015837e-04	9.015837e-04
1.400000e+00	1.500000e+00	1.884475e-03	1.151224e-03	1.151224e-03
1.500000e+00	1.600000e+00	1.851141e-03	1.141153e-03	1.141153e-03
1.600000e+00	1.700000e+00	1.495016e-03	1.025903e-03	1.025903e-03
1.700000e+00	1.800000e+00	1.760961e-03	1.113214e-03	1.113214e-03
1.800000e+00	1.900000e+00	1.457188e-03	1.012932e-03	1.012932e-03
1.900000e+00	2.000000e+00	6.060978e-04	6.536699e-04	6.536699e-04
2.000000e+00	2.100000e+00	1.596341e-03	1.060048e-03	1.060048e-03
2.100000e+00	2.200000e+00	8.081004e-04	7.546443e-04	7.546443e-04
2.200000e+00	2.300000e+00	1.708921e-03	1.096568e-03	1.096568e-03
2.300000e+00	2.400000e+00	1.327111e-03	9.666348e-04	9.666348e-04
2.400000e+00	2.500000e+00	6.817363e-03	2.180655e-03	2.180655e-03
2.500000e+00	2.600000e+00	3.708576e-03	1.612208e-03	1.612208e-03
2.600000e+00	2.700000e+00	8.201156e-03	2.387318e-03	2.387318e-03
2.700000e+00	2.800000e+00	8.102322e-03	2.372291e-03	2.372291e-03
2.800000e+00	2.900000e+00	2.305000e-03	1.272020e-03	1.272020e-03
2.900000e+00	3.000000e+00	1.844540e-05	1.140859e-04	1.140859e-04
3.000000e+00	3.100000e+00	4.081867e-03	1.684445e-03	1.684445e-03
3.100000e+00	3.200000e+00	1.021528e-02	2.622267e-03	2.622267e-03
3.200000e+00	3.300000e+00	1.341315e-02	2.959354e-03	2.959354e-03
3.300000e+00	3.400000e+00	2.542937e-02	3.816623e-03	3.816623e-03
3.400000e+00	3.500000e+00	2.270093e-02	3.580676e-03	3.580676e-03
3.500000e+00	3.600000e+00	2.582730e-02	3.562699e-03	3.562699e-03
3.600000e+00	3.700000e+00	2.456996e-02	3.343068e-03	3.343068e-03
3.700000e+00	3.800000e+00	3.144731e-02	3.021929e-03	3.021929e-03
3.800000e+00	3.900000e+00	2.415624e-02	2.777424e-03	2.777424e-03
3.900000e+00	4.000000e+00	2.365089e-02	2.393814e-03	2.393814e-03
4.000000e+00	4.100000e+00	1.939271e-02	2.286219e-03	2.286219e-03
4.100000e+00	4.200000e+00	1.685199e-02	2.049109e-03	2.049109e-03
4.200000e+00	4.300000e+00	1.441911e-02	1.881863e-03	1.881863e-03
4.300000e+00	4.400000e+00	1.263270e-02	1.717893e-03	1.717893e-03
4.400000e+00	4.500000e+00	1.227324e-02	1.573379e-03	1.573379e-03
4.500000e+00	4.600000e+00	7.303524e-03	1.780103e-03	1.780103e-03
4.600000e+00	4.700000e+00	9.078314e-03	1.312964e-03	1.312964e-03
4.700000e+00	4.800000e+00	8.801777e-03	1.064802e-03	1.064802e-03
4.800000e+00	4.900000e+00	6.953609e-03	1.013657e-03	1.013657e-03
4.900000e+00	5.000000e+00	4.539157e-03	9.284060e-04	9.284060e-04
5.000000e+00	5.100000e+00	2.234423e-03	7.925914e-04	7.925914e-04
5.100000e+00	5.200000e+00	2.187136e-03	3.004263e-04	3.004263e-04
5.200000e+00	5.300000e+00	9.884019e-04	6.322382e-04	6.322382e-04
5.300000e+00	5.400000e+00	8.666010e-04	1.891079e-04	1.891079e-04
5.400000e+00	5.500000e+00	1.372864e-08	3.112511e-06	3.112511e-06
5.500000e+00	5.600000e+00	4.952007e-04	1.429521e-04	1.429521e-04
5.600000e+00	5.700000e+00	2.888670e-04	1.091815e-04	1.091815e-04
5.700000e+00	5.800000e+00	2.888671e-04	1.091815e-04	1.091815e-04
5.800000e+00	5.900000e+00	1.238001e-04	7.147606e-05	7.147606e-05
5.900000e+00	6.000000e+00	1.238002e-04	7.147606e-05	7.147606e-05
6.000000e+00	6.100000e+00	4.126673e-05	4.126672e-05	4.126672e-05
6.100000e+00	6.200000e+00	4.126672e-05	4.126672e-05	4.126672e-05
6.200000e+00	6.300000e+00	0.000000e+00	0.000000e+00	0.000000e+00
6.300000e+00	6.400000e+00	4.126672e-05	4.126672e-05	4.126672e-05
6.400000e+00	6.500000e+00	0.000000e+00	0.000000e+00	0.000000e+00
6.500000e+00	6.600000e+00	0.000000e+00	0.000000e+00	0.000000e+00
6.600000e+00	6.700000e+00	0.000000e+00	0.000000e+00	0.000000e+00
6.700000e+00	6.800000e+00	0.000000e+00	0.000000e+00	0.000000e+00
6.800000e+00	6.900000e+00	0.000000e+00	0.000000e+00	0.000000e+00
6.900000e+00	7.000000e+00	0.000000e+00	0.000000e+00	0.000000e+00
7.000000e+00	7.100000e+00	0.000000e+00	0.000000e+00	0.000000e+00
7.100000e+00	7.200000e+00	0.000000e+00	0.000000e+00	0.000000e+00
7.200000e+00	7.300000e+00	0.000000e+00	0.000000e+00	0.000000e+00
7.300000e+00	7.400000e+00	0.000000e+00	0.000000e+00	0.000000e+00
7.400000e+00	7.500000e+00	0.000000e+00	0.000000e+00	0.000000e+00
7.500000e+00	7.600000e+00	0.000000e+00	0.000000e+00	0.000000e+00
7.600000e+00	7.700000e+00	0.000000e+00	0.000000e+00	0.000000e+00
7.700000e+00	7.800000e+00	0.000000e+00	0.000000e+00	0.000000e+00
7.800000e+00	7.900000e+00	0.000000e+00	0.000000e+00	0.000000e+00
7.900000e+00	8.000000e+00	0.000000e+00	0.000000e+00	0.000000e+00
8.000000e+00	8.100000e+00	0.000000e+00	0.000000e+00	0.000000e+00
8.100000e+00	8.200000e+00	0.000000e+00	0.000000e+00	0.000000e+00
8.200000e+00	8.300000e+00	0.000000e+00	0.000000e+00	0.000000e+00
8.300000e+00	8.400000e+00	0.000000e+00	0.000000e+00	0.000000e+00
8.400000e+00	8.500000e+00	0.000000e+00	0.000000e+00	0.000000e+00
8.500000e+00	8.600000e+00	0.000000e+00	0.000000e+00	0.000000e+00
8.600000e+00	8.700000e+00	0.000000e+00	0.000000e+00	0.000000e+00
8.700000e+00	8.800000e+00	0.000000e+00	0.000000e+00	0.000000e+00
8.800000e+00	8.900000e+00	0.000000e+00	0.000000e+00	0.000000e+00
8.900000e+00	9.000000e+00	0.000000e+00	0.000000e+00	0.000000e+00
9.000000e+00	9.100000e+00	0.000000e+00	0.000000e+00	0.000000e+00
9.100000e+00	9.200000e+00	0.000000e+00	0.000000e+00	0.000000e+00
9.200000e+00	9.300000e+00	0.000000e+00	0.000000e+00	0.000000e+00
9.300000e+00	9.400000e+00	0.000000e+00	0.000000e+00	0.000000e+00
9.400000e+00	9.500000e+00	0.000000e+00	0.000000e+00	0.000000e+00
9.500000e+00	9.600000e+00	0.000000e+00	0.000000e+00	0.000000e+00
9.600000e+00	9.700000e+00	0.000000e+00	0.000000e+00	0.000000e+00
9.700000e+00	9.800000e+00	0.000000e+00	0.000000e+00	0.000000e+00
9.800000e+00	9.900000e+00	0.000000e+00	0.000000e+00	0.000000e+00
9.900000e+00	1.000000e+01	0.000000e+00	0.000000e+00	0.000000e+00
1.000000e+01	1.010000e+01	0.000000e+00	0.000000e+00	0.000000e+00
1.010000e+01	1.020000e+01	0.000000e+00	0.000000e+00	0.000000e+00
1.020000e+01	1.030000e+01	0.000000e+00	0.000000e+00	0.000000e+00
1.030000e+01	1.040000e+01	0.000000e+00	0.000000e+00	0.000000e+00
1.040000e+01	1.050000e+01	0.000000e+00	0.000000e+00	0.000000e+00
1.050000e+01	1.060000e+01	0.000000e+00	0.000000e+00	0.000000e+00
1.060000e+01	1.070000e+01	0.000000e+00	0.000000e+00	0.000000e+00
1.070000e+01	1.080000e+01	0.000000e+00	0.000000e+00	0.000000e+00
1.080000e+01	1.090000e+01	0.000000e+00	0.000000e+00	0.000000e+00
1.090000e+01	1.100000e+01	0.000000e+00	0.000000e+00	0.000000e+00
1.100000e+01	1.110000e+01	0.000000e+00	0.000000e+00	0.000000e+00
1.110000e+01	1.120000e+01	0.000000e+00	0.000000e+00	0.000000e+00
1.120000e+01	1.130000e+01	0.000000e+00	0.000000e+00	0.000000e+00
1.130000e+01	1.140000e+01	0.000000e+00	0.000000e+00	0.000000e+00
1.140000e+01	1.150000e+01	0.000000e+00	0.000000e+00	0.000000e+00
1.150000e+01	1.160000e+01	0.000000e+00	0.000000e+00	0.000000e+00
1.160000e+01	1.170000e+01	0.000000e+00	0.000000e+00	0.000000e+00
1.170000e+01	1.180000e+01	0.000000e+00	0.000000e+00	0.000000e+00
1.180000e+01	1.190000e+01	0.000000e+00	0.000000e+00	0.000000e+00
1.190000e+01	1.200000e+01	0.000000e+00	0.000000e+00	0.000000e+00
1.200000e+01	1.210000e+01	0.000000e+00	0.000000e+00	0.000000e+00
1.210000e+01	1.220000e+01	0.000000e+00	0.000000e+00	0.000000e+00
1.220000e+01	1.230000e+01	0.000000e+00	0.000000e+00	0.000000e+00
1.230000e+01	1.240000e+01	0.000000e+00	0.000000e+00	0.000000e+00
1.240000e+01	1.250000e+01	0.000000e+00	0.000000e+00	0.000000e+00
1.250000e+01	1.260000e+01	0.000000e+00	0.000000e+00	0.000000e+00
1.260000e+01	1.270000e+01	0.000000e+00	0.000000e+00	0.000000e+00
1.270000e+01	1.280000e+01	0.000000e+00	0.000000e+00	0.000000e+00
1.280000e+01	1.290000e+01	0.000000e+00	0.000000e+00	0.000000e+00
1.290000e+01	1.300000e+01	0.000000e+00	0.000000e+00	0.000000e+00
1.300000e+01	1.310000e+01	0.000000e+00	0.000000e+00	0.000000e+00
1.310000e+01	1.320000e+01	0.000000e+00	0.000000e+00	0.000000e+00
1.320000e+01	1.330000e+01	0.000000e+00	0.000000e+00	0.000000e+00
1.330000e+01	1.340000e+01	0.000000e+00	0.000000e+00	0.000000e+00
1.340000e+01	1.350000e+01	0.000000e+00	0.000000e+00	0.000000e+00
1.350000e+01	1.360000e+01	0.000000e+00	0.000000e+00	0.000000e+00
1.360000e+01	1.370000e+01	0.000000e+00	0.000000e+00	0.000000e+00
1.370000e+01	1.380000e+01	0.000000e+00	0.000000e+00	0.000000e+00
1.380000e+01	1.390000e+01	0.000000e+00	0.000000e+00	0.000000e+00
1.390000e+01	1.400000e+01	0.000000e+00	0.000000e+00	0.000000e+00
1.400000e+01	1.410000e+01	0.000000e+00	0.000000e+00	0.000000e+00
1.410000e+01	1.420000e+01	0.000000e+00	0.000000e+00	0.000000e+00
1.420000e+01	1.430000e+01	0.000000e+00	0.000000e+00	0.000000e+00
1.430000e+01	1.440000e+01	0.000000e+00	0.000000e+00	0.000000e+00
1.440000e+01	1.450000e+01	0.000000e+00	0.000000e+00	0.000000e+00
1.450000e+01	1.460000e+01	0.000000e+00	0.000000e+00	0.000000e+00
1.460000e+01	1.470000e+01	0.000000e+00	0.000000e+00	0.000000e+00
1.470000e+01	1.480000e+01	0.000000e+00	0.000000e+00	0.000000e+00
1.480000e+01	1.490000e+01	0.000000e+00	0.000000e+00	0.000000e+00
1.490000e+01	1.500000e+01	0.000000e+00	0.000000e+00	0.000000e+00
# END HISTO1D

# BEGIN HISTO1D //home/frederic/Work/Software/LesHouches2017/lh2017-alphas/pythia-alphas/robustness/eff-as015015-gluon.yoda/MC_LHJSS_Zjet/log_Angularity_zcut_0.05_beta_0_alpha_0.5
LineColor=blue
LineStyle=solid
NormalizeToSum=1
Path=//home/frederic/Work/Software/LesHouches2017/lh2017-alphas/pythia-alphas/robustness/eff-as015015-gluon.yoda/MC_LHJSS_Zjet/log_Angularity_zcut_0.05_beta_0_alpha_0.5
ScaledBy=1.0
Title=eff-as015015-gluon
XLabel=
YLabel=
# xlow	 xhigh	 val	 errminus	 errplus
0.000000e+00	1.000000e-01	0.000000e+00	0.000000e+00	0.000000e+00
1.000000e-01	2.000000e-01	8.194615e-05	2.450881e-04	2.450881e-04
2.000000e-01	3.000000e-01	7.294124e-04	6.329217e-04	6.329217e-04
3.000000e-01	4.000000e-01	2.528297e-04	4.551861e-04	4.551861e-04
4.000000e-01	5.000000e-01	1.740490e-03	1.188343e-03	1.188343e-03
5.000000e-01	6.000000e-01	1.258469e-03	1.017457e-03	1.017457e-03
6.000000e-01	7.000000e-01	2.571784e-03	1.453785e-03	1.453785e-03
7.000000e-01	8.000000e-01	2.281776e-03	1.371473e-03	1.371473e-03
8.000000e-01	9.000000e-01	3.259833e-03	1.639015e-03	1.639015e-03
9.000000e-01	1.000000e+00	1.863628e-03	1.240962e-03	1.240962e-03
1.000000e+00	1.100000e+00	9.414286e-03	2.777997e-03	2.777997e-03
1.100000e+00	1.200000e+00	4.385779e-03	1.901737e-03	1.901737e-03
1.200000e+00	1.300000e+00	2.881772e-03	1.542908e-03	1.542908e-03
1.300000e+00	1.400000e+00	1.980788e-03	1.279764e-03	1.279764e-03
1.400000e+00	1.500000e+00	7.072722e-04	7.651928e-04	7.651928e-04
1.500000e+00	1.600000e+00	2.985968e-05	1.572773e-04	1.572773e-04
1.600000e+00	1.700000e+00	1.138440e-04	3.070838e-04	3.070838e-04
1.700000e+00	1.800000e+00	2.421599e-05	1.416364e-04	1.416364e-04
1.800000e+00	1.900000e+00	1.881811e-03	1.246817e-03	1.246817e-03
1.900000e+00	2.000000e+00	6.124255e-04	7.119210e-04	7.119210e-04
2.000000e+00	2.100000e+00	8.962076e-04	8.608895e-04	8.608895e-04
2.100000e+00	2.200000e+00	8.665739e-05	2.679097e-04	2.679097e-04
2.200000e+00	2.300000e+00	2.432468e-03	1.414104e-03	1.414104e-03
2.300000e+00	2.400000e+00	6.596526e-03	2.306986e-03	2.306986e-03
2.400000e+00	2.500000e+00	5.393579e-03	2.084924e-03	2.084924e-03
2.500000e+00	2.600000e+00	1.816488e-02	3.600515e-03	3.600515e-03
2.600000e+00	2.700000e+00	1.467560e-02	3.220969e-03	3.220969e-03
2.700000e+00	2.800000e+00	1.635838e-02	3.220254e-03	3.220254e-03
2.800000e+00	2.900000e+00	1.098434e-02	2.684249e-03	2.684249e-03
2.900000e+00	3.000000e+00	1.792504e-02	2.718055e-03	2.718055e-03
3.000000e+00	3.100000e+00	6.571315e-03	2.084410e-03	2.084410e-03
3.100000e+00	3.200000e+00	7.187346e-03	1.829620e-03	1.829620e-03
3.200000e+00	3.300000e+00	8.609576e-03	1.771544e-03	1.771544e-03
3.300000e+00	3.400000e+00	5.296891e-03	1.540975e-03	1.540975e-03
3.400000e+00	3.500000e+00	3.790953e-03	1.315452e-03	1.315452e-03
3.500000e+00	3.600000e+00	2.880436e-03	1.204603e-03	1.204603e-03
3.600000e+00	3.700000e+00	4.150862e-03	5.450349e-04	5.450349e-04
3.700000e+00	3.800000e+00	3.367325e-03	9.938274e-04	9.938274e-04
3.800000e+00	3.900000e+00	1.215349e-03	8.379560e-04	8.379560e-04
3.900000e+00	4.000000e+00	1.574489e-03	8.113767e-04	8.113767e-04
4.000000e+00	4.100000e+00	7.914793e-04	6.513132e-04	6.513132e-04
4.100000e+00	4.200000e+00	6.076746e-04	5.925244e-04	5.925244e-04
4.200000e+00	4.300000e+00	1.860732e-03	3.649194e-04	3.649194e-04
4.300000e+00	4.400000e+00	1.288198e-03	3.036314e-04	3.036314e-04
4.400000e+00	4.500000e+00	8.587990e-04	2.479139e-04	2.479139e-04
4.500000e+00	4.600000e+00	9.303655e-04	2.580370e-04	2.580370e-04
4.600000e+00	4.700000e+00	6.440995e-04	2.146998e-04	2.146998e-04
4.700000e+00	4.800000e+00	8.587990e-04	2.479139e-04	2.479139e-04
4.800000e+00	4.900000e+00	6.440995e-04	2.146998e-04	2.146998e-04
4.900000e+00	5.000000e+00	3.578330e-04	1.600277e-04	1.600277e-04
5.000000e+00	5.100000e+00	2.146998e-04	1.239570e-04	1.239570e-04
5.100000e+00	5.200000e+00	7.156660e-05	7.156659e-05	7.156659e-05
5.200000e+00	5.300000e+00	1.431332e-04	1.012104e-04	1.012104e-04
5.300000e+00	5.400000e+00	7.156660e-05	7.156659e-05	7.156659e-05
5.400000e+00	5.500000e+00	7.156660e-05	7.156659e-05	7.156659e-05
5.500000e+00	5.600000e+00	0.000000e+00	0.000000e+00	0.000000e+00
5.600000e+00	5.700000e+00	0.000000e+00	0.000000e+00	0.000000e+00
5.700000e+00	5.800000e+00	0.000000e+00	0.000000e+00	0.000000e+00
5.800000e+00	5.900000e+00	0.000000e+00	0.000000e+00	0.000000e+00
5.900000e+00	6.000000e+00	0.000000e+00	0.000000e+00	0.000000e+00
6.000000e+00	6.100000e+00	0.000000e+00	0.000000e+00	0.000000e+00
6.100000e+00	6.200000e+00	0.000000e+00	0.000000e+00	0.000000e+00
6.200000e+00	6.300000e+00	0.000000e+00	0.000000e+00	0.000000e+00
6.300000e+00	6.400000e+00	0.000000e+00	0.000000e+00	0.000000e+00
6.400000e+00	6.500000e+00	0.000000e+00	0.000000e+00	0.000000e+00
6.500000e+00	6.600000e+00	0.000000e+00	0.000000e+00	0.000000e+00
6.600000e+00	6.700000e+00	0.000000e+00	0.000000e+00	0.000000e+00
6.700000e+00	6.800000e+00	0.000000e+00	0.000000e+00	0.000000e+00
6.800000e+00	6.900000e+00	0.000000e+00	0.000000e+00	0.000000e+00
6.900000e+00	7.000000e+00	0.000000e+00	0.000000e+00	0.000000e+00
7.000000e+00	7.100000e+00	0.000000e+00	0.000000e+00	0.000000e+00
7.100000e+00	7.200000e+00	0.000000e+00	0.000000e+00	0.000000e+00
7.200000e+00	7.300000e+00	0.000000e+00	0.000000e+00	0.000000e+00
7.300000e+00	7.400000e+00	0.000000e+00	0.000000e+00	0.000000e+00
7.400000e+00	7.500000e+00	0.000000e+00	0.000000e+00	0.000000e+00
7.500000e+00	7.600000e+00	0.000000e+00	0.000000e+00	0.000000e+00
7.600000e+00	7.700000e+00	0.000000e+00	0.000000e+00	0.000000e+00
7.700000e+00	7.800000e+00	0.000000e+00	0.000000e+00	0.000000e+00
7.800000e+00	7.900000e+00	0.000000e+00	0.000000e+00	0.000000e+00
7.900000e+00	8.000000e+00	0.000000e+00	0.000000e+00	0.000000e+00
8.000000e+00	8.100000e+00	0.000000e+00	0.000000e+00	0.000000e+00
8.100000e+00	8.200000e+00	0.000000e+00	0.000000e+00	0.000000e+00
8.200000e+00	8.300000e+00	0.000000e+00	0.000000e+00	0.000000e+00
8.300000e+00	8.400000e+00	0.000000e+00	0.000000e+00	0.000000e+00
8.400000e+00	8.500000e+00	0.000000e+00	0.000000e+00	0.000000e+00
8.500000e+00	8.600000e+00	0.000000e+00	0.000000e+00	0.000000e+00
8.600000e+00	8.700000e+00	0.000000e+00	0.000000e+00	0.000000e+00
8.700000e+00	8.800000e+00	0.000000e+00	0.000000e+00	0.000000e+00
8.800000e+00	8.900000e+00	0.000000e+00	0.000000e+00	0.000000e+00
8.900000e+00	9.000000e+00	0.000000e+00	0.000000e+00	0.000000e+00
9.000000e+00	9.100000e+00	0.000000e+00	0.000000e+00	0.000000e+00
9.100000e+00	9.200000e+00	0.000000e+00	0.000000e+00	0.000000e+00
9.200000e+00	9.300000e+00	0.000000e+00	0.000000e+00	0.000000e+00
9.300000e+00	9.400000e+00	0.000000e+00	0.000000e+00	0.000000e+00
9.400000e+00	9.500000e+00	0.000000e+00	0.000000e+00	0.000000e+00
9.500000e+00	9.600000e+00	0.000000e+00	0.000000e+00	0.000000e+00
9.600000e+00	9.700000e+00	0.000000e+00	0.000000e+00	0.000000e+00
9.700000e+00	9.800000e+00	0.000000e+00	0.000000e+00	0.000000e+00
9.800000e+00	9.900000e+00	0.000000e+00	0.000000e+00	0.000000e+00
9.900000e+00	1.000000e+01	0.000000e+00	0.000000e+00	0.000000e+00
1.000000e+01	1.010000e+01	0.000000e+00	0.000000e+00	0.000000e+00
1.010000e+01	1.020000e+01	0.000000e+00	0.000000e+00	0.000000e+00
1.020000e+01	1.030000e+01	0.000000e+00	0.000000e+00	0.000000e+00
1.030000e+01	1.040000e+01	0.000000e+00	0.000000e+00	0.000000e+00
1.040000e+01	1.050000e+01	0.000000e+00	0.000000e+00	0.000000e+00
1.050000e+01	1.060000e+01	0.000000e+00	0.000000e+00	0.000000e+00
1.060000e+01	1.070000e+01	0.000000e+00	0.000000e+00	0.000000e+00
1.070000e+01	1.080000e+01	0.000000e+00	0.000000e+00	0.000000e+00
1.080000e+01	1.090000e+01	0.000000e+00	0.000000e+00	0.000000e+00
1.090000e+01	1.100000e+01	0.000000e+00	0.000000e+00	0.000000e+00
1.100000e+01	1.110000e+01	0.000000e+00	0.000000e+00	0.000000e+00
1.110000e+01	1.120000e+01	0.000000e+00	0.000000e+00	0.000000e+00
1.120000e+01	1.130000e+01	0.000000e+00	0.000000e+00	0.000000e+00
1.130000e+01	1.140000e+01	0.000000e+00	0.000000e+00	0.000000e+00
1.140000e+01	1.150000e+01	0.000000e+00	0.000000e+00	0.000000e+00
1.150000e+01	1.160000e+01	0.000000e+00	0.000000e+00	0.000000e+00
1.160000e+01	1.170000e+01	0.000000e+00	0.000000e+00	0.000000e+00
1.170000e+01	1.180000e+01	0.000000e+00	0.000000e+00	0.000000e+00
1.180000e+01	1.190000e+01	0.000000e+00	0.000000e+00	0.000000e+00
1.190000e+01	1.200000e+01	0.000000e+00	0.000000e+00	0.000000e+00
1.200000e+01	1.210000e+01	0.000000e+00	0.000000e+00	0.000000e+00
1.210000e+01	1.220000e+01	0.000000e+00	0.000000e+00	0.000000e+00
1.220000e+01	1.230000e+01	0.000000e+00	0.000000e+00	0.000000e+00
1.230000e+01	1.240000e+01	0.000000e+00	0.000000e+00	0.000000e+00
1.240000e+01	1.250000e+01	0.000000e+00	0.000000e+00	0.000000e+00
1.250000e+01	1.260000e+01	0.000000e+00	0.000000e+00	0.000000e+00
1.260000e+01	1.270000e+01	0.000000e+00	0.000000e+00	0.000000e+00
1.270000e+01	1.280000e+01	0.000000e+00	0.000000e+00	0.000000e+00
1.280000e+01	1.290000e+01	0.000000e+00	0.000000e+00	0.000000e+00
1.290000e+01	1.300000e+01	0.000000e+00	0.000000e+00	0.000000e+00
1.300000e+01	1.310000e+01	0.000000e+00	0.000000e+00	0.000000e+00
1.310000e+01	1.320000e+01	0.000000e+00	0.000000e+00	0.000000e+00
1.320000e+01	1.330000e+01	0.000000e+00	0.000000e+00	0.000000e+00
1.330000e+01	1.340000e+01	0.000000e+00	0.000000e+00	0.000000e+00
1.340000e+01	1.350000e+01	0.000000e+00	0.000000e+00	0.000000e+00
1.350000e+01	1.360000e+01	0.000000e+00	0.000000e+00	0.000000e+00
1.360000e+01	1.370000e+01	0.000000e+00	0.000000e+00	0.000000e+00
1.370000e+01	1.380000e+01	0.000000e+00	0.000000e+00	0.000000e+00
1.380000e+01	1.390000e+01	0.000000e+00	0.000000e+00	0.000000e+00
1.390000e+01	1.400000e+01	0.000000e+00	0.000000e+00	0.000000e+00
1.400000e+01	1.410000e+01	0.000000e+00	0.000000e+00	0.000000e+00
1.410000e+01	1.420000e+01	0.000000e+00	0.000000e+00	0.000000e+00
1.420000e+01	1.430000e+01	0.000000e+00	0.000000e+00	0.000000e+00
1.430000e+01	1.440000e+01	0.000000e+00	0.000000e+00	0.000000e+00
1.440000e+01	1.450000e+01	0.000000e+00	0.000000e+00	0.000000e+00
1.450000e+01	1.460000e+01	0.000000e+00	0.000000e+00	0.000000e+00
1.460000e+01	1.470000e+01	0.000000e+00	0.000000e+00	0.000000e+00
1.470000e+01	1.480000e+01	0.000000e+00	0.000000e+00	0.000000e+00
1.480000e+01	1.490000e+01	0.000000e+00	0.000000e+00	0.000000e+00
1.490000e+01	1.500000e+01	0.000000e+00	0.000000e+00	0.000000e+00
# END HISTO1D

