# BEGIN PLOT
RatioPlotYLabel=Ratio
LegendOnly=//home/frederic/Work/Software/LesHouches2017/lh2017-alphas/pythia-alphas/robustness/gluon-as013650-as012285-truth.yoda/MC_LHJSS_Zjet/Angularity_zcut_0.1_beta_2_alpha_2 //home/frederic/Work/Software/LesHouches2017/lh2017-alphas/pythia-alphas/robustness/gluon-as013650-as015015-truth.yoda/MC_LHJSS_Zjet/Angularity_zcut_0.1_beta_2_alpha_2 //home/frederic/Work/Software/LesHouches2017/lh2017-alphas/pythia-alphas/robustness/as013650-gluon-robustness.yoda/MC_LHJSS_Zjet/Angularity_zcut_0.1_beta_2_alpha_2
XLabel=$e_\alpha$
RatioPlotReference=//home/frederic/Work/Software/LesHouches2017/lh2017-alphas/pythia-alphas/robustness/gluon-as013650-as012285-truth.yoda/MC_LHJSS_Zjet/Angularity_zcut_0.1_beta_2_alpha_2
YLabel=$1/\sigma \text{d}\sigma/\text{d}e_{\alpha}$
DrawOnly=//home/frederic/Work/Software/LesHouches2017/lh2017-alphas/pythia-alphas/robustness/gluon-as013650-as012285-truth.yoda/MC_LHJSS_Zjet/Angularity_zcut_0.1_beta_2_alpha_2 //home/frederic/Work/Software/LesHouches2017/lh2017-alphas/pythia-alphas/robustness/gluon-as013650-as015015-truth.yoda/MC_LHJSS_Zjet/Angularity_zcut_0.1_beta_2_alpha_2 //home/frederic/Work/Software/LesHouches2017/lh2017-alphas/pythia-alphas/robustness/as013650-gluon-robustness.yoda/MC_LHJSS_Zjet/Angularity_zcut_0.1_beta_2_alpha_2
RatioPlot=1
Title=Angularity, $\alpha$ = 2 $z_{cut}$ = 0.1 $\beta$ = 2
Legend=1
LogY=0
# END PLOT

# BEGIN HISTO1D //home/frederic/Work/Software/LesHouches2017/lh2017-alphas/pythia-alphas/robustness/gluon-as013650-as012285-truth.yoda/MC_LHJSS_Zjet/Angularity_zcut_0.1_beta_2_alpha_2
LineColor=red
LineStyle=solid
NormalizeToSum=1
Path=//home/frederic/Work/Software/LesHouches2017/lh2017-alphas/pythia-alphas/robustness/gluon-as013650-as012285-truth.yoda/MC_LHJSS_Zjet/Angularity_zcut_0.1_beta_2_alpha_2
ScaledBy=1.0
Title=gluon-as013650-as012285-truth
XLabel=
YLabel=
# xlow	 xhigh	 val	 errminus	 errplus
0.000000e+00	1.000000e-02	2.355023e-01	5.738210e-02	5.738210e-02
1.000000e-02	2.000000e-02	3.696251e-03	7.205994e-03	7.205994e-03
2.000000e-02	3.000000e-02	1.447518e-04	1.426146e-03	1.426146e-03
3.000000e-02	4.000000e-02	1.147256e-02	1.268764e-02	1.268764e-02
4.000000e-02	5.000000e-02	1.353686e-02	1.377658e-02	1.377658e-02
5.000000e-02	6.000000e-02	1.396228e-02	1.398670e-02	1.398670e-02
6.000000e-02	7.000000e-02	1.576655e-02	1.485557e-02	1.485557e-02
7.000000e-02	8.000000e-02	3.633914e-02	2.247082e-02	2.247082e-02
8.000000e-02	9.000000e-02	3.861021e-02	2.313330e-02	2.313330e-02
9.000000e-02	1.000000e-01	3.284689e-03	6.789131e-03	6.789131e-03
1.000000e-01	1.100000e-01	1.130063e-02	1.257105e-02	1.257105e-02
1.100000e-01	1.200000e-01	1.916490e-03	5.186738e-03	5.186738e-03
1.200000e-01	1.300000e-01	4.041564e-03	7.527499e-03	7.527499e-03
1.300000e-01	1.400000e-01	1.186262e-03	4.081133e-03	4.081133e-03
1.400000e-01	1.500000e-01	7.516611e-03	1.024858e-02	1.024858e-02
1.500000e-01	1.600000e-01	1.489129e-02	1.438081e-02	1.438081e-02
1.600000e-01	1.700000e-01	5.921295e-03	9.096128e-03	9.096128e-03
1.700000e-01	1.800000e-01	4.761800e-04	2.586113e-03	2.586113e-03
1.800000e-01	1.900000e-01	2.895607e-06	2.017083e-04	2.017083e-04
1.900000e-01	2.000000e-01	2.779597e-03	6.238892e-03	6.238892e-03
2.000000e-01	2.100000e-01	1.673526e-02	1.516526e-02	1.516526e-02
2.100000e-01	2.200000e-01	3.035369e-02	2.017401e-02	2.017401e-02
2.200000e-01	2.300000e-01	1.264411e-03	4.210765e-03	4.210765e-03
2.300000e-01	2.400000e-01	5.605580e-03	8.832294e-03	8.832294e-03
2.400000e-01	2.500000e-01	3.714864e-03	7.200462e-03	7.200462e-03
2.500000e-01	2.600000e-01	3.107830e-03	6.585771e-03	6.585771e-03
2.600000e-01	2.700000e-01	3.601780e-03	7.087359e-03	7.087359e-03
2.700000e-01	2.800000e-01	1.260768e-05	4.208856e-04	4.208856e-04
2.800000e-01	2.900000e-01	1.295526e-03	4.259616e-03	4.259616e-03
2.900000e-01	3.000000e-01	5.045707e-03	8.369463e-03	8.369463e-03
3.000000e-01	3.100000e-01	1.588607e-02	1.456210e-02	1.456210e-02
3.100000e-01	3.200000e-01	8.054707e-06	3.364120e-04	3.364120e-04
3.200000e-01	3.300000e-01	1.553920e-03	4.656851e-03	4.656851e-03
3.300000e-01	3.400000e-01	2.395063e-03	5.764890e-03	5.764890e-03
3.400000e-01	3.500000e-01	1.015575e-05	3.777484e-04	3.777484e-04
3.500000e-01	3.600000e-01	1.843845e-04	1.608423e-03	1.608423e-03
3.600000e-01	3.700000e-01	8.923102e-03	1.095714e-02	1.095714e-02
3.700000e-01	3.800000e-01	1.564959e-03	4.664706e-03	4.664706e-03
3.800000e-01	3.900000e-01	1.173266e-03	4.043829e-03	4.043829e-03
3.900000e-01	4.000000e-01	2.753467e-03	6.136537e-03	6.136537e-03
4.000000e-01	4.100000e-01	3.852338e-06	2.326531e-04	2.326531e-04
4.100000e-01	4.200000e-01	5.436816e-04	2.756623e-03	2.756623e-03
4.200000e-01	4.300000e-01	4.385525e-03	7.653566e-03	7.653566e-03
4.300000e-01	4.400000e-01	1.361716e-03	4.343768e-03	4.343768e-03
4.400000e-01	4.500000e-01	1.050593e-06	1.214965e-04	1.214965e-04
4.500000e-01	4.600000e-01	6.850998e-04	3.089997e-03	3.089997e-03
4.600000e-01	4.700000e-01	2.718408e-04	1.949226e-03	1.949226e-03
4.700000e-01	4.800000e-01	4.872734e-03	7.908851e-03	7.908851e-03
4.800000e-01	4.900000e-01	3.654551e-03	6.849265e-03	6.849265e-03
4.900000e-01	5.000000e-01	1.236115e-02	1.038078e-02	1.038078e-02
5.000000e-01	5.100000e-01	6.852716e-03	8.865390e-03	8.865390e-03
5.100000e-01	5.200000e-01	4.411402e-04	2.476629e-03	2.476629e-03
5.200000e-01	5.300000e-01	3.487966e-03	3.487966e-03	3.487966e-03
5.300000e-01	5.400000e-01	1.124493e-03	3.812071e-03	3.812071e-03
5.400000e-01	5.500000e-01	6.975935e-03	4.932729e-03	4.932729e-03
5.500000e-01	5.600000e-01	3.537569e-03	3.537569e-03	3.537569e-03
5.600000e-01	5.700000e-01	2.248982e-03	5.391079e-03	5.391079e-03
5.700000e-01	5.800000e-01	3.487966e-03	3.487966e-03	3.487966e-03
5.800000e-01	5.900000e-01	3.487966e-03	3.487966e-03	3.487966e-03
5.900000e-01	6.000000e-01	1.124493e-03	3.812071e-03	3.812071e-03
6.000000e-01	6.100000e-01	3.502093e-07	7.014722e-05	7.014722e-05
6.100000e-01	6.200000e-01	3.537569e-03	3.537569e-03	3.537569e-03
6.200000e-01	6.300000e-01	3.487966e-03	3.487966e-03	3.487966e-03
6.300000e-01	6.400000e-01	3.487966e-03	3.487966e-03	3.487966e-03
6.400000e-01	6.500000e-01	3.537569e-03	3.537569e-03	3.537569e-03
6.500000e-01	6.600000e-01	6.975935e-03	4.932729e-03	4.932729e-03
6.600000e-01	6.700000e-01	3.487966e-03	3.487966e-03	3.487966e-03
6.700000e-01	6.800000e-01	3.487966e-03	3.487966e-03	3.487966e-03
6.800000e-01	6.900000e-01	3.502093e-07	7.014722e-05	7.014722e-05
6.900000e-01	7.000000e-01	0.000000e+00	0.000000e+00	0.000000e+00
7.000000e-01	7.100000e-01	0.000000e+00	0.000000e+00	0.000000e+00
7.100000e-01	7.200000e-01	0.000000e+00	0.000000e+00	0.000000e+00
7.200000e-01	7.300000e-01	0.000000e+00	0.000000e+00	0.000000e+00
7.300000e-01	7.400000e-01	0.000000e+00	0.000000e+00	0.000000e+00
7.400000e-01	7.500000e-01	3.502093e-07	7.014722e-05	7.014722e-05
7.500000e-01	7.600000e-01	6.975935e-03	4.932729e-03	4.932729e-03
7.600000e-01	7.700000e-01	3.502093e-07	7.014722e-05	7.014722e-05
7.700000e-01	7.800000e-01	0.000000e+00	0.000000e+00	0.000000e+00
7.800000e-01	7.900000e-01	0.000000e+00	0.000000e+00	0.000000e+00
7.900000e-01	8.000000e-01	0.000000e+00	0.000000e+00	0.000000e+00
8.000000e-01	8.100000e-01	0.000000e+00	0.000000e+00	0.000000e+00
8.100000e-01	8.200000e-01	0.000000e+00	0.000000e+00	0.000000e+00
8.200000e-01	8.300000e-01	0.000000e+00	0.000000e+00	0.000000e+00
8.300000e-01	8.400000e-01	0.000000e+00	0.000000e+00	0.000000e+00
8.400000e-01	8.500000e-01	0.000000e+00	0.000000e+00	0.000000e+00
8.500000e-01	8.600000e-01	0.000000e+00	0.000000e+00	0.000000e+00
8.600000e-01	8.700000e-01	3.537569e-03	3.537569e-03	3.537569e-03
8.700000e-01	8.800000e-01	0.000000e+00	0.000000e+00	0.000000e+00
8.800000e-01	8.900000e-01	0.000000e+00	0.000000e+00	0.000000e+00
8.900000e-01	9.000000e-01	0.000000e+00	0.000000e+00	0.000000e+00
9.000000e-01	9.100000e-01	0.000000e+00	0.000000e+00	0.000000e+00
9.100000e-01	9.200000e-01	0.000000e+00	0.000000e+00	0.000000e+00
9.200000e-01	9.300000e-01	0.000000e+00	0.000000e+00	0.000000e+00
9.300000e-01	9.400000e-01	0.000000e+00	0.000000e+00	0.000000e+00
9.400000e-01	9.500000e-01	0.000000e+00	0.000000e+00	0.000000e+00
9.500000e-01	9.600000e-01	0.000000e+00	0.000000e+00	0.000000e+00
9.600000e-01	9.700000e-01	0.000000e+00	0.000000e+00	0.000000e+00
9.700000e-01	9.800000e-01	0.000000e+00	0.000000e+00	0.000000e+00
9.800000e-01	9.900000e-01	0.000000e+00	0.000000e+00	0.000000e+00
9.900000e-01	1.000000e+00	0.000000e+00	0.000000e+00	0.000000e+00
# END HISTO1D

# BEGIN HISTO1D //home/frederic/Work/Software/LesHouches2017/lh2017-alphas/pythia-alphas/robustness/gluon-as013650-as015015-truth.yoda/MC_LHJSS_Zjet/Angularity_zcut_0.1_beta_2_alpha_2
LineColor=blue
LineStyle=solid
NormalizeToSum=1
Path=//home/frederic/Work/Software/LesHouches2017/lh2017-alphas/pythia-alphas/robustness/gluon-as013650-as015015-truth.yoda/MC_LHJSS_Zjet/Angularity_zcut_0.1_beta_2_alpha_2
ScaledBy=1.0
Title=gluon-as013650-as015015-truth
XLabel=
YLabel=
# xlow	 xhigh	 val	 errminus	 errplus
0.000000e+00	1.000000e-02	3.937463e-01	7.341996e-02	7.341996e-02
1.000000e-02	2.000000e-02	2.145050e-03	5.446165e-03	5.446165e-03
2.000000e-02	3.000000e-02	1.225142e-02	1.300985e-02	1.300985e-02
3.000000e-02	4.000000e-02	2.617966e-02	1.899998e-02	1.899998e-02
4.000000e-02	5.000000e-02	4.454184e-02	2.474205e-02	2.474205e-02
5.000000e-02	6.000000e-02	1.622389e-02	1.495681e-02	1.495681e-02
6.000000e-02	7.000000e-02	7.953397e-03	1.047848e-02	1.047848e-02
7.000000e-02	8.000000e-02	2.534928e-02	1.866433e-02	1.866433e-02
8.000000e-02	9.000000e-02	9.032762e-04	3.533833e-03	3.533833e-03
9.000000e-02	1.000000e-01	1.612578e-02	1.489072e-02	1.489072e-02
1.000000e-01	1.100000e-01	1.456975e-02	1.415756e-02	1.415756e-02
1.100000e-01	1.200000e-01	2.023105e-02	1.665161e-02	1.665161e-02
1.200000e-01	1.300000e-01	1.184127e-03	4.045436e-03	4.045436e-03
1.300000e-01	1.400000e-01	5.167903e-03	8.441157e-03	8.441157e-03
1.400000e-01	1.500000e-01	1.663930e-02	1.509349e-02	1.509349e-02
1.500000e-01	1.600000e-01	1.848066e-03	5.052006e-03	5.052006e-03
1.600000e-01	1.700000e-01	7.106135e-03	9.880414e-03	9.880414e-03
1.700000e-01	1.800000e-01	1.635045e-03	4.751690e-03	4.751690e-03
1.800000e-01	1.900000e-01	2.366188e-03	5.713447e-03	5.713447e-03
1.900000e-01	2.000000e-01	2.164329e-03	5.464480e-03	5.464480e-03
2.000000e-01	2.100000e-01	3.141199e-04	2.083859e-03	2.083859e-03
2.100000e-01	2.200000e-01	9.961020e-04	3.709336e-03	3.709336e-03
2.200000e-01	2.300000e-01	5.207758e-03	8.452950e-03	8.452950e-03
2.300000e-01	2.400000e-01	1.044467e-03	3.797606e-03	3.797606e-03
2.400000e-01	2.500000e-01	4.486925e-03	7.850648e-03	7.850648e-03
2.500000e-01	2.600000e-01	6.966330e-03	9.736909e-03	9.736909e-03
2.600000e-01	2.700000e-01	2.041262e-03	5.302065e-03	5.302065e-03
2.700000e-01	2.800000e-01	9.113280e-03	1.109911e-02	1.109911e-02
2.800000e-01	2.900000e-01	1.542013e-03	4.608952e-03	4.608952e-03
2.900000e-01	3.000000e-01	9.871266e-03	1.153935e-02	1.153935e-02
3.000000e-01	3.100000e-01	1.187462e-02	1.258059e-02	1.258059e-02
3.100000e-01	3.200000e-01	1.333968e-02	1.326039e-02	1.326039e-02
3.200000e-01	3.300000e-01	2.366175e-03	5.696149e-03	5.696149e-03
3.300000e-01	3.400000e-01	3.526478e-03	6.920866e-03	6.920866e-03
3.400000e-01	3.500000e-01	1.376185e-04	1.379177e-03	1.379177e-03
3.500000e-01	3.600000e-01	8.973821e-04	3.510911e-03	3.510911e-03
3.600000e-01	3.700000e-01	1.435955e-02	1.357366e-02	1.357366e-02
3.700000e-01	3.800000e-01	3.526478e-03	6.920866e-03	6.920866e-03
3.800000e-01	3.900000e-01	3.306492e-03	6.690204e-03	6.690204e-03
3.900000e-01	4.000000e-01	1.177801e-02	1.216357e-02	1.216357e-02
4.000000e-01	4.100000e-01	1.395834e-02	1.325771e-02	1.325771e-02
4.100000e-01	4.200000e-01	9.764589e-04	3.660242e-03	3.660242e-03
4.200000e-01	4.300000e-01	2.179393e-04	1.734270e-03	1.734270e-03
4.300000e-01	4.400000e-01	1.739692e-03	4.871693e-03	4.871693e-03
4.400000e-01	4.500000e-01	1.005109e-02	1.065789e-02	1.065789e-02
4.500000e-01	4.600000e-01	2.484608e-04	1.851006e-03	1.851006e-03
4.600000e-01	4.700000e-01	1.505817e-03	4.488355e-03	4.488355e-03
4.700000e-01	4.800000e-01	3.254850e-04	2.113238e-03	2.113238e-03
4.800000e-01	4.900000e-01	3.285141e-03	6.466736e-03	6.466736e-03
4.900000e-01	5.000000e-01	1.505817e-03	4.488355e-03	4.488355e-03
5.000000e-01	5.100000e-01	2.082006e-04	1.693870e-03	1.693870e-03
5.100000e-01	5.200000e-01	2.183121e-06	1.737487e-04	1.737487e-04
5.200000e-01	5.300000e-01	3.350362e-03	6.153337e-03	6.153337e-03
5.300000e-01	5.400000e-01	6.975935e-03	4.932729e-03	4.932729e-03
5.400000e-01	5.500000e-01	6.325062e-04	2.916561e-03	2.916561e-03
5.500000e-01	5.600000e-01	1.713267e-02	7.661966e-03	7.661966e-03
5.600000e-01	5.700000e-01	2.422160e-03	5.529399e-03	5.529399e-03
5.700000e-01	5.800000e-01	3.487966e-03	3.487966e-03	3.487966e-03
5.800000e-01	5.900000e-01	1.095047e-03	3.733572e-03	3.733572e-03
5.900000e-01	6.000000e-01	6.975935e-03	4.932729e-03	4.932729e-03
6.000000e-01	6.100000e-01	1.095047e-03	3.733572e-03	3.733572e-03
6.100000e-01	6.200000e-01	0.000000e+00	0.000000e+00	0.000000e+00
6.200000e-01	6.300000e-01	5.457847e-07	8.687469e-05	8.687469e-05
6.300000e-01	6.400000e-01	1.095047e-03	3.733572e-03	3.733572e-03
6.400000e-01	6.500000e-01	0.000000e+00	0.000000e+00	0.000000e+00
6.500000e-01	6.600000e-01	6.975935e-03	4.932729e-03	4.932729e-03
6.600000e-01	6.700000e-01	3.487966e-03	3.487966e-03	3.487966e-03
6.700000e-01	6.800000e-01	3.350362e-03	6.153337e-03	6.153337e-03
6.800000e-01	6.900000e-01	3.487967e-03	3.487966e-03	3.487966e-03
6.900000e-01	7.000000e-01	0.000000e+00	0.000000e+00	0.000000e+00
7.000000e-01	7.100000e-01	0.000000e+00	0.000000e+00	0.000000e+00
7.100000e-01	7.200000e-01	3.426535e-03	3.426535e-03	3.426535e-03
7.200000e-01	7.300000e-01	0.000000e+00	0.000000e+00	0.000000e+00
7.300000e-01	7.400000e-01	0.000000e+00	0.000000e+00	0.000000e+00
7.400000e-01	7.500000e-01	3.487966e-03	3.487966e-03	3.487966e-03
7.500000e-01	7.600000e-01	6.975935e-03	4.932729e-03	4.932729e-03
7.600000e-01	7.700000e-01	3.487966e-03	3.487966e-03	3.487966e-03
7.700000e-01	7.800000e-01	0.000000e+00	0.000000e+00	0.000000e+00
7.800000e-01	7.900000e-01	0.000000e+00	0.000000e+00	0.000000e+00
7.900000e-01	8.000000e-01	0.000000e+00	0.000000e+00	0.000000e+00
8.000000e-01	8.100000e-01	0.000000e+00	0.000000e+00	0.000000e+00
8.100000e-01	8.200000e-01	0.000000e+00	0.000000e+00	0.000000e+00
8.200000e-01	8.300000e-01	0.000000e+00	0.000000e+00	0.000000e+00
8.300000e-01	8.400000e-01	0.000000e+00	0.000000e+00	0.000000e+00
8.400000e-01	8.500000e-01	0.000000e+00	0.000000e+00	0.000000e+00
8.500000e-01	8.600000e-01	0.000000e+00	0.000000e+00	0.000000e+00
8.600000e-01	8.700000e-01	0.000000e+00	0.000000e+00	0.000000e+00
8.700000e-01	8.800000e-01	0.000000e+00	0.000000e+00	0.000000e+00
8.800000e-01	8.900000e-01	0.000000e+00	0.000000e+00	0.000000e+00
8.900000e-01	9.000000e-01	0.000000e+00	0.000000e+00	0.000000e+00
9.000000e-01	9.100000e-01	0.000000e+00	0.000000e+00	0.000000e+00
9.100000e-01	9.200000e-01	0.000000e+00	0.000000e+00	0.000000e+00
9.200000e-01	9.300000e-01	0.000000e+00	0.000000e+00	0.000000e+00
9.300000e-01	9.400000e-01	0.000000e+00	0.000000e+00	0.000000e+00
9.400000e-01	9.500000e-01	0.000000e+00	0.000000e+00	0.000000e+00
9.500000e-01	9.600000e-01	0.000000e+00	0.000000e+00	0.000000e+00
9.600000e-01	9.700000e-01	0.000000e+00	0.000000e+00	0.000000e+00
9.700000e-01	9.800000e-01	0.000000e+00	0.000000e+00	0.000000e+00
9.800000e-01	9.900000e-01	0.000000e+00	0.000000e+00	0.000000e+00
9.900000e-01	1.000000e+00	0.000000e+00	0.000000e+00	0.000000e+00
# END HISTO1D

# BEGIN HISTO1D //home/frederic/Work/Software/LesHouches2017/lh2017-alphas/pythia-alphas/robustness/as013650-gluon-robustness.yoda/MC_LHJSS_Zjet/Angularity_zcut_0.1_beta_2_alpha_2
LineColor=green
LineStyle=solid
NormalizeToSum=1
Path=//home/frederic/Work/Software/LesHouches2017/lh2017-alphas/pythia-alphas/robustness/as013650-gluon-robustness.yoda/MC_LHJSS_Zjet/Angularity_zcut_0.1_beta_2_alpha_2
ScaledBy=1.0
Title=as013650-gluon-robustness
XLabel=
YLabel=
# xlow	 xhigh	 val	 errminus	 errplus
0.000000e+00	1.000000e-02	2.616182e-02	1.481958e-02	1.481958e-02
1.000000e-02	2.000000e-02	2.058109e-03	4.157574e-03	4.157574e-03
2.000000e-02	3.000000e-02	9.511192e-04	2.826368e-03	2.826368e-03
3.000000e-02	4.000000e-02	7.396082e-08	2.492469e-05	2.492469e-05
4.000000e-02	5.000000e-02	2.531323e-04	1.458123e-03	1.458123e-03
5.000000e-02	6.000000e-02	3.944509e-04	1.820157e-03	1.820157e-03
6.000000e-02	7.000000e-02	1.851116e-03	3.942329e-03	3.942329e-03
7.000000e-02	8.000000e-02	2.210190e-04	1.362481e-03	1.362481e-03
8.000000e-02	9.000000e-02	4.748156e-03	6.310452e-03	6.310452e-03
9.000000e-02	1.000000e-01	7.787125e-05	8.087436e-04	8.087436e-04
1.000000e-01	1.100000e-01	1.263574e-03	3.257017e-03	3.257017e-03
1.100000e-01	1.200000e-01	4.243072e-04	1.887656e-03	1.887656e-03
1.200000e-01	1.300000e-01	1.015087e-03	2.919203e-03	2.919203e-03
1.300000e-01	1.400000e-01	8.018410e-04	2.594583e-03	2.594583e-03
1.400000e-01	1.500000e-01	3.809755e-05	5.656813e-04	5.656813e-04
1.500000e-01	1.600000e-01	3.630475e-03	5.514904e-03	5.514904e-03
1.600000e-01	1.700000e-01	4.668597e-03	6.248061e-03	6.248061e-03
1.700000e-01	1.800000e-01	1.448950e-03	3.486234e-03	3.486234e-03
1.800000e-01	1.900000e-01	1.804145e-05	3.892784e-04	3.892784e-04
1.900000e-01	2.000000e-01	2.814360e-07	4.862040e-05	4.862040e-05
2.000000e-01	2.100000e-01	4.174355e-03	5.906663e-03	5.906663e-03
2.100000e-01	2.200000e-01	2.745372e-03	4.793692e-03	4.793692e-03
2.200000e-01	2.300000e-01	6.500187e-06	2.336627e-04	2.336627e-04
2.300000e-01	2.400000e-01	8.482780e-04	2.667507e-03	2.667507e-03
2.400000e-01	2.500000e-01	1.957578e-03	4.048066e-03	4.048066e-03
2.500000e-01	2.600000e-01	1.248497e-03	3.234131e-03	3.234131e-03
2.600000e-01	2.700000e-01	5.013590e-03	6.455865e-03	6.455865e-03
2.700000e-01	2.800000e-01	1.738309e-03	3.811836e-03	3.811836e-03
2.800000e-01	2.900000e-01	8.462390e-04	2.662928e-03	2.662928e-03
2.900000e-01	3.000000e-01	9.954202e-03	9.034415e-03	9.034415e-03
3.000000e-01	3.100000e-01	6.762738e-03	7.465122e-03	7.465122e-03
3.100000e-01	3.200000e-01	3.959500e-03	5.719716e-03	5.719716e-03
3.200000e-01	3.300000e-01	1.386717e-03	3.404077e-03	3.404077e-03
3.300000e-01	3.400000e-01	7.126578e-04	2.441724e-03	2.441724e-03
3.400000e-01	3.500000e-01	5.484662e-03	6.708813e-03	6.708813e-03
3.500000e-01	3.600000e-01	6.893498e-03	7.433837e-03	7.433837e-03
3.600000e-01	3.700000e-01	4.397849e-03	6.020071e-03	6.020071e-03
3.700000e-01	3.800000e-01	9.048554e-05	8.715724e-04	8.715724e-04
3.800000e-01	3.900000e-01	1.344668e-05	3.360577e-04	3.360577e-04
3.900000e-01	4.000000e-01	5.706474e-03	6.736018e-03	6.736018e-03
4.000000e-01	4.100000e-01	5.398194e-06	2.129323e-04	2.129323e-04
4.100000e-01	4.200000e-01	1.030709e-04	9.300400e-04	9.300400e-04
4.200000e-01	4.300000e-01	2.874709e-05	4.913271e-04	4.913271e-04
4.300000e-01	4.400000e-01	4.298704e-03	5.870376e-03	5.870376e-03
4.400000e-01	4.500000e-01	8.329568e-03	7.589168e-03	7.589168e-03
4.500000e-01	4.600000e-01	1.929727e-03	3.978398e-03	3.978398e-03
4.600000e-01	4.700000e-01	1.360503e-03	3.344626e-03	3.344626e-03
4.700000e-01	4.800000e-01	1.055138e-03	2.940693e-03	2.940693e-03
4.800000e-01	4.900000e-01	1.033567e-03	2.900455e-03	2.900455e-03
4.900000e-01	5.000000e-01	5.564535e-04	2.150137e-03	2.150137e-03
5.000000e-01	5.100000e-01	5.965336e-03	6.564551e-03	6.564551e-03
5.100000e-01	5.200000e-01	6.643990e-04	2.338520e-03	2.338520e-03
5.200000e-01	5.300000e-01	3.118819e-03	4.599873e-03	4.599873e-03
5.300000e-01	5.400000e-01	7.760957e-04	2.508786e-03	2.508786e-03
5.400000e-01	5.500000e-01	1.437015e-06	1.098608e-04	1.098608e-04
5.500000e-01	5.600000e-01	7.118250e-03	2.250988e-03	2.250988e-03
5.600000e-01	5.700000e-01	7.340328e-03	6.662837e-03	6.662837e-03
5.700000e-01	5.800000e-01	5.302691e-04	2.061775e-03	2.061775e-03
5.800000e-01	5.900000e-01	7.185078e-07	7.768335e-05	7.768335e-05
5.900000e-01	6.000000e-01	5.104097e-03	5.035576e-03	5.035576e-03
6.000000e-01	6.100000e-01	3.252874e-04	1.618649e-03	1.618649e-03
6.100000e-01	6.200000e-01	3.559124e-03	1.591689e-03	1.591689e-03
6.200000e-01	6.300000e-01	7.185078e-07	7.768335e-05	7.768335e-05
6.300000e-01	6.400000e-01	3.252874e-04	1.618649e-03	1.618649e-03
6.400000e-01	6.500000e-01	2.847299e-03	1.423650e-03	1.423650e-03
6.500000e-01	6.600000e-01	5.104097e-03	5.035576e-03	5.035576e-03
6.600000e-01	6.700000e-01	3.487966e-03	3.487966e-03	3.487966e-03
6.700000e-01	6.800000e-01	3.487966e-03	3.487966e-03	3.487966e-03
6.800000e-01	6.900000e-01	8.676176e-04	2.532102e-03	2.532102e-03
6.900000e-01	7.000000e-01	7.118250e-04	7.118248e-04	7.118248e-04
7.000000e-01	7.100000e-01	1.423649e-03	1.006672e-03	1.006672e-03
7.100000e-01	7.200000e-01	7.118250e-04	7.118248e-04	7.118248e-04
7.200000e-01	7.300000e-01	0.000000e+00	0.000000e+00	0.000000e+00
7.300000e-01	7.400000e-01	0.000000e+00	0.000000e+00	0.000000e+00
7.400000e-01	7.500000e-01	1.835082e-03	3.331418e-03	3.331418e-03
7.500000e-01	7.600000e-01	5.104097e-03	5.035576e-03	5.035576e-03
7.600000e-01	7.700000e-01	3.487966e-03	3.487966e-03	3.487966e-03
7.700000e-01	7.800000e-01	0.000000e+00	0.000000e+00	0.000000e+00
7.800000e-01	7.900000e-01	0.000000e+00	0.000000e+00	0.000000e+00
7.900000e-01	8.000000e-01	7.118250e-04	7.118248e-04	7.118248e-04
8.000000e-01	8.100000e-01	7.118250e-04	7.118248e-04	7.118248e-04
8.100000e-01	8.200000e-01	0.000000e+00	0.000000e+00	0.000000e+00
8.200000e-01	8.300000e-01	1.423649e-03	1.006672e-03	1.006672e-03
8.300000e-01	8.400000e-01	0.000000e+00	0.000000e+00	0.000000e+00
8.400000e-01	8.500000e-01	0.000000e+00	0.000000e+00	0.000000e+00
8.500000e-01	8.600000e-01	0.000000e+00	0.000000e+00	0.000000e+00
8.600000e-01	8.700000e-01	0.000000e+00	0.000000e+00	0.000000e+00
8.700000e-01	8.800000e-01	0.000000e+00	0.000000e+00	0.000000e+00
8.800000e-01	8.900000e-01	0.000000e+00	0.000000e+00	0.000000e+00
8.900000e-01	9.000000e-01	0.000000e+00	0.000000e+00	0.000000e+00
9.000000e-01	9.100000e-01	0.000000e+00	0.000000e+00	0.000000e+00
9.100000e-01	9.200000e-01	0.000000e+00	0.000000e+00	0.000000e+00
9.200000e-01	9.300000e-01	0.000000e+00	0.000000e+00	0.000000e+00
9.300000e-01	9.400000e-01	0.000000e+00	0.000000e+00	0.000000e+00
9.400000e-01	9.500000e-01	0.000000e+00	0.000000e+00	0.000000e+00
9.500000e-01	9.600000e-01	0.000000e+00	0.000000e+00	0.000000e+00
9.600000e-01	9.700000e-01	0.000000e+00	0.000000e+00	0.000000e+00
9.700000e-01	9.800000e-01	0.000000e+00	0.000000e+00	0.000000e+00
9.800000e-01	9.900000e-01	0.000000e+00	0.000000e+00	0.000000e+00
9.900000e-01	1.000000e+00	0.000000e+00	0.000000e+00	0.000000e+00
# END HISTO1D

