# BEGIN PLOT
LegendOnly=//home/frederic/Work/Software/LesHouches2017/lh2017-alphas/pythia-alphas/robustness/gluon-as013650-as012285-truth.yoda/MC_LHJSS_Zjet/log_Angularity_zcut_0.1_beta_1_alpha_1 //home/frederic/Work/Software/LesHouches2017/lh2017-alphas/pythia-alphas/robustness/gluon-as013650-as015015-truth.yoda/MC_LHJSS_Zjet/log_Angularity_zcut_0.1_beta_1_alpha_1 //home/frederic/Work/Software/LesHouches2017/lh2017-alphas/pythia-alphas/robustness/as013650-gluon-robustness.yoda/MC_LHJSS_Zjet/log_Angularity_zcut_0.1_beta_1_alpha_1
DrawOnly=//home/frederic/Work/Software/LesHouches2017/lh2017-alphas/pythia-alphas/robustness/gluon-as013650-as012285-truth.yoda/MC_LHJSS_Zjet/log_Angularity_zcut_0.1_beta_1_alpha_1 //home/frederic/Work/Software/LesHouches2017/lh2017-alphas/pythia-alphas/robustness/gluon-as013650-as015015-truth.yoda/MC_LHJSS_Zjet/log_Angularity_zcut_0.1_beta_1_alpha_1 //home/frederic/Work/Software/LesHouches2017/lh2017-alphas/pythia-alphas/robustness/as013650-gluon-robustness.yoda/MC_LHJSS_Zjet/log_Angularity_zcut_0.1_beta_1_alpha_1
Title=Angularity, $\alpha$ = 1 $z_{cut}$ = 0.1 $\beta$ = 1
RatioPlot=1
LogX=0
LogY=0
RatioPlotYLabel=Ratio
RatioPlotReference=//home/frederic/Work/Software/LesHouches2017/lh2017-alphas/pythia-alphas/robustness/gluon-as013650-as012285-truth.yoda/MC_LHJSS_Zjet/log_Angularity_zcut_0.1_beta_1_alpha_1
XLabel=$e_\alpha$
YLabel=$1/\sigma \text{d}\sigma/\text{d}e_\alpha$
Legend=1
# END PLOT

# BEGIN HISTO1D //home/frederic/Work/Software/LesHouches2017/lh2017-alphas/pythia-alphas/robustness/gluon-as013650-as012285-truth.yoda/MC_LHJSS_Zjet/log_Angularity_zcut_0.1_beta_1_alpha_1
LineColor=red
LineStyle=solid
NormalizeToSum=1
Path=//home/frederic/Work/Software/LesHouches2017/lh2017-alphas/pythia-alphas/robustness/gluon-as013650-as012285-truth.yoda/MC_LHJSS_Zjet/log_Angularity_zcut_0.1_beta_1_alpha_1
ScaledBy=1.0
Title=gluon-as013650-as012285-truth
XLabel=
YLabel=
# xlow	 xhigh	 val	 errminus	 errplus
0.000000e+00	1.000000e-01	0.000000e+00	0.000000e+00	0.000000e+00
1.000000e-01	2.000000e-01	0.000000e+00	0.000000e+00	0.000000e+00
2.000000e-01	3.000000e-01	3.502093e-08	7.014722e-06	7.014722e-06
3.000000e-01	4.000000e-01	2.732463e-04	6.029308e-04	6.029308e-04
4.000000e-01	5.000000e-01	3.373478e-04	6.602700e-04	6.602700e-04
5.000000e-01	6.000000e-01	8.307549e-04	1.056133e-03	1.056133e-03
6.000000e-01	7.000000e-01	5.626264e-04	8.834825e-04	8.834825e-04
7.000000e-01	8.000000e-01	8.006342e-06	1.060591e-04	1.060591e-04
8.000000e-01	9.000000e-01	1.533161e-03	1.458200e-03	1.458200e-03
9.000000e-01	1.000000e+00	5.414167e-04	8.706928e-04	8.706928e-04
1.000000e+00	1.100000e+00	2.827237e-03	1.978702e-03	1.978702e-03
1.100000e+00	1.200000e+00	7.352131e-05	3.213624e-04	3.213624e-04
1.200000e+00	1.300000e+00	4.354575e-03	2.454947e-03	2.454947e-03
1.300000e+00	1.400000e+00	7.126648e-04	9.995177e-04	9.995177e-04
1.400000e+00	1.500000e+00	1.187925e-03	1.289649e-03	1.289649e-03
1.500000e+00	1.600000e+00	5.149074e-04	8.500060e-04	8.500060e-04
1.600000e+00	1.700000e+00	1.665722e-04	4.836873e-04	4.836873e-04
1.700000e+00	1.800000e+00	2.705014e-03	1.943357e-03	1.943357e-03
1.800000e+00	1.900000e+00	2.150906e-03	1.734257e-03	1.734257e-03
1.900000e+00	2.000000e+00	2.188729e-03	1.749299e-03	1.749299e-03
2.000000e+00	2.100000e+00	5.671304e-03	2.805478e-03	2.805478e-03
2.100000e+00	2.200000e+00	2.158240e-04	5.505608e-04	5.505608e-04
2.200000e+00	2.300000e+00	3.508810e-04	7.019079e-04	7.019079e-04
2.300000e+00	2.400000e+00	3.125478e-04	6.624633e-04	6.624633e-04
2.400000e+00	2.500000e+00	1.672758e-03	1.530422e-03	1.530422e-03
2.500000e+00	2.600000e+00	4.550639e-07	2.528661e-05	2.528661e-05
2.600000e+00	2.700000e+00	3.872987e-06	7.376936e-05	7.376936e-05
2.700000e+00	2.800000e+00	6.959928e-05	3.126997e-04	3.126997e-04
2.800000e+00	2.900000e+00	1.794230e-03	1.584635e-03	1.584635e-03
2.900000e+00	3.000000e+00	7.992046e-05	3.350773e-04	3.350773e-04
3.000000e+00	3.100000e+00	1.143920e-04	4.008627e-04	4.008627e-04
3.100000e+00	3.200000e+00	2.327165e-04	5.716721e-04	5.716721e-04
3.200000e+00	3.300000e+00	1.286133e-04	4.250436e-04	4.250436e-04
3.300000e+00	3.400000e+00	9.875987e-09	3.725160e-06	3.725160e-06
3.400000e+00	3.500000e+00	1.055648e-03	1.216245e-03	1.216245e-03
3.500000e+00	3.600000e+00	2.215986e-03	1.759273e-03	1.759273e-03
3.600000e+00	3.700000e+00	1.114149e-03	1.249162e-03	1.249162e-03
3.700000e+00	3.800000e+00	4.970417e-04	8.350356e-04	8.350356e-04
3.800000e+00	3.900000e+00	1.789517e-03	1.581235e-03	1.581235e-03
3.900000e+00	4.000000e+00	7.999030e-03	3.304804e-03	3.304804e-03
4.000000e+00	4.100000e+00	5.296007e-03	2.698185e-03	2.698185e-03
4.100000e+00	4.200000e+00	8.473680e-03	3.379040e-03	3.379040e-03
4.200000e+00	4.300000e+00	4.800977e-03	2.558138e-03	2.558138e-03
4.300000e+00	4.400000e+00	1.462144e-02	4.232667e-03	4.232667e-03
4.400000e+00	4.500000e+00	1.595818e-03	1.481623e-03	1.481623e-03
4.500000e+00	4.600000e+00	3.622803e-03	2.189271e-03	2.189271e-03
4.600000e+00	4.700000e+00	3.627455e-03	2.165924e-03	2.165924e-03
4.700000e+00	4.800000e+00	1.087329e-04	3.901634e-04	3.901634e-04
4.800000e+00	4.900000e+00	7.250611e-04	9.942404e-04	9.942404e-04
4.900000e+00	5.000000e+00	5.209144e-03	2.331650e-03	2.331650e-03
5.000000e+00	5.100000e+00	3.759854e-04	7.151001e-04	7.151001e-04
5.100000e+00	5.200000e+00	3.323024e-04	6.679576e-04	6.679576e-04
5.200000e+00	5.300000e+00	6.986640e-04	9.324486e-04	9.324486e-04
5.300000e+00	5.400000e+00	2.289114e-04	5.563511e-04	5.563511e-04
5.400000e+00	5.500000e+00	5.520949e-05	2.761715e-04	2.761715e-04
5.500000e+00	5.600000e+00	2.436365e-04	5.592399e-04	5.592399e-04
5.600000e+00	5.700000e+00	2.248982e-04	5.391079e-04	5.391079e-04
5.700000e+00	5.800000e+00	1.061271e-03	6.127249e-04	6.127249e-04
5.800000e+00	5.900000e+00	3.537569e-04	3.537569e-04	3.537569e-04
5.900000e+00	6.000000e+00	0.000000e+00	0.000000e+00	0.000000e+00
6.000000e+00	6.100000e+00	3.537569e-04	3.537569e-04	3.537569e-04
6.100000e+00	6.200000e+00	3.537569e-04	3.537569e-04	3.537569e-04
6.200000e+00	6.300000e+00	0.000000e+00	0.000000e+00	0.000000e+00
6.300000e+00	6.400000e+00	0.000000e+00	0.000000e+00	0.000000e+00
6.400000e+00	6.500000e+00	0.000000e+00	0.000000e+00	0.000000e+00
6.500000e+00	6.600000e+00	0.000000e+00	0.000000e+00	0.000000e+00
6.600000e+00	6.700000e+00	0.000000e+00	0.000000e+00	0.000000e+00
6.700000e+00	6.800000e+00	0.000000e+00	0.000000e+00	0.000000e+00
6.800000e+00	6.900000e+00	0.000000e+00	0.000000e+00	0.000000e+00
6.900000e+00	7.000000e+00	0.000000e+00	0.000000e+00	0.000000e+00
7.000000e+00	7.100000e+00	0.000000e+00	0.000000e+00	0.000000e+00
7.100000e+00	7.200000e+00	0.000000e+00	0.000000e+00	0.000000e+00
7.200000e+00	7.300000e+00	0.000000e+00	0.000000e+00	0.000000e+00
7.300000e+00	7.400000e+00	0.000000e+00	0.000000e+00	0.000000e+00
7.400000e+00	7.500000e+00	0.000000e+00	0.000000e+00	0.000000e+00
7.500000e+00	7.600000e+00	0.000000e+00	0.000000e+00	0.000000e+00
7.600000e+00	7.700000e+00	0.000000e+00	0.000000e+00	0.000000e+00
7.700000e+00	7.800000e+00	0.000000e+00	0.000000e+00	0.000000e+00
7.800000e+00	7.900000e+00	0.000000e+00	0.000000e+00	0.000000e+00
7.900000e+00	8.000000e+00	0.000000e+00	0.000000e+00	0.000000e+00
8.000000e+00	8.100000e+00	0.000000e+00	0.000000e+00	0.000000e+00
8.100000e+00	8.200000e+00	0.000000e+00	0.000000e+00	0.000000e+00
8.200000e+00	8.300000e+00	0.000000e+00	0.000000e+00	0.000000e+00
8.300000e+00	8.400000e+00	0.000000e+00	0.000000e+00	0.000000e+00
8.400000e+00	8.500000e+00	0.000000e+00	0.000000e+00	0.000000e+00
8.500000e+00	8.600000e+00	0.000000e+00	0.000000e+00	0.000000e+00
8.600000e+00	8.700000e+00	0.000000e+00	0.000000e+00	0.000000e+00
8.700000e+00	8.800000e+00	0.000000e+00	0.000000e+00	0.000000e+00
8.800000e+00	8.900000e+00	0.000000e+00	0.000000e+00	0.000000e+00
8.900000e+00	9.000000e+00	0.000000e+00	0.000000e+00	0.000000e+00
9.000000e+00	9.100000e+00	0.000000e+00	0.000000e+00	0.000000e+00
9.100000e+00	9.200000e+00	0.000000e+00	0.000000e+00	0.000000e+00
9.200000e+00	9.300000e+00	0.000000e+00	0.000000e+00	0.000000e+00
9.300000e+00	9.400000e+00	0.000000e+00	0.000000e+00	0.000000e+00
9.400000e+00	9.500000e+00	0.000000e+00	0.000000e+00	0.000000e+00
9.500000e+00	9.600000e+00	0.000000e+00	0.000000e+00	0.000000e+00
9.600000e+00	9.700000e+00	0.000000e+00	0.000000e+00	0.000000e+00
9.700000e+00	9.800000e+00	0.000000e+00	0.000000e+00	0.000000e+00
9.800000e+00	9.900000e+00	0.000000e+00	0.000000e+00	0.000000e+00
9.900000e+00	1.000000e+01	0.000000e+00	0.000000e+00	0.000000e+00
1.000000e+01	1.010000e+01	0.000000e+00	0.000000e+00	0.000000e+00
1.010000e+01	1.020000e+01	0.000000e+00	0.000000e+00	0.000000e+00
1.020000e+01	1.030000e+01	0.000000e+00	0.000000e+00	0.000000e+00
1.030000e+01	1.040000e+01	0.000000e+00	0.000000e+00	0.000000e+00
1.040000e+01	1.050000e+01	0.000000e+00	0.000000e+00	0.000000e+00
1.050000e+01	1.060000e+01	0.000000e+00	0.000000e+00	0.000000e+00
1.060000e+01	1.070000e+01	0.000000e+00	0.000000e+00	0.000000e+00
1.070000e+01	1.080000e+01	0.000000e+00	0.000000e+00	0.000000e+00
1.080000e+01	1.090000e+01	0.000000e+00	0.000000e+00	0.000000e+00
1.090000e+01	1.100000e+01	0.000000e+00	0.000000e+00	0.000000e+00
1.100000e+01	1.110000e+01	0.000000e+00	0.000000e+00	0.000000e+00
1.110000e+01	1.120000e+01	0.000000e+00	0.000000e+00	0.000000e+00
1.120000e+01	1.130000e+01	0.000000e+00	0.000000e+00	0.000000e+00
1.130000e+01	1.140000e+01	0.000000e+00	0.000000e+00	0.000000e+00
1.140000e+01	1.150000e+01	0.000000e+00	0.000000e+00	0.000000e+00
1.150000e+01	1.160000e+01	0.000000e+00	0.000000e+00	0.000000e+00
1.160000e+01	1.170000e+01	0.000000e+00	0.000000e+00	0.000000e+00
1.170000e+01	1.180000e+01	0.000000e+00	0.000000e+00	0.000000e+00
1.180000e+01	1.190000e+01	0.000000e+00	0.000000e+00	0.000000e+00
1.190000e+01	1.200000e+01	0.000000e+00	0.000000e+00	0.000000e+00
1.200000e+01	1.210000e+01	0.000000e+00	0.000000e+00	0.000000e+00
1.210000e+01	1.220000e+01	0.000000e+00	0.000000e+00	0.000000e+00
1.220000e+01	1.230000e+01	0.000000e+00	0.000000e+00	0.000000e+00
1.230000e+01	1.240000e+01	0.000000e+00	0.000000e+00	0.000000e+00
1.240000e+01	1.250000e+01	0.000000e+00	0.000000e+00	0.000000e+00
1.250000e+01	1.260000e+01	0.000000e+00	0.000000e+00	0.000000e+00
1.260000e+01	1.270000e+01	0.000000e+00	0.000000e+00	0.000000e+00
1.270000e+01	1.280000e+01	0.000000e+00	0.000000e+00	0.000000e+00
1.280000e+01	1.290000e+01	0.000000e+00	0.000000e+00	0.000000e+00
1.290000e+01	1.300000e+01	0.000000e+00	0.000000e+00	0.000000e+00
1.300000e+01	1.310000e+01	0.000000e+00	0.000000e+00	0.000000e+00
1.310000e+01	1.320000e+01	0.000000e+00	0.000000e+00	0.000000e+00
1.320000e+01	1.330000e+01	0.000000e+00	0.000000e+00	0.000000e+00
1.330000e+01	1.340000e+01	0.000000e+00	0.000000e+00	0.000000e+00
1.340000e+01	1.350000e+01	0.000000e+00	0.000000e+00	0.000000e+00
1.350000e+01	1.360000e+01	0.000000e+00	0.000000e+00	0.000000e+00
1.360000e+01	1.370000e+01	0.000000e+00	0.000000e+00	0.000000e+00
1.370000e+01	1.380000e+01	0.000000e+00	0.000000e+00	0.000000e+00
1.380000e+01	1.390000e+01	0.000000e+00	0.000000e+00	0.000000e+00
1.390000e+01	1.400000e+01	0.000000e+00	0.000000e+00	0.000000e+00
1.400000e+01	1.410000e+01	0.000000e+00	0.000000e+00	0.000000e+00
1.410000e+01	1.420000e+01	0.000000e+00	0.000000e+00	0.000000e+00
1.420000e+01	1.430000e+01	0.000000e+00	0.000000e+00	0.000000e+00
1.430000e+01	1.440000e+01	0.000000e+00	0.000000e+00	0.000000e+00
1.440000e+01	1.450000e+01	0.000000e+00	0.000000e+00	0.000000e+00
1.450000e+01	1.460000e+01	0.000000e+00	0.000000e+00	0.000000e+00
1.460000e+01	1.470000e+01	0.000000e+00	0.000000e+00	0.000000e+00
1.470000e+01	1.480000e+01	0.000000e+00	0.000000e+00	0.000000e+00
1.480000e+01	1.490000e+01	0.000000e+00	0.000000e+00	0.000000e+00
1.490000e+01	1.500000e+01	0.000000e+00	0.000000e+00	0.000000e+00
# END HISTO1D

# BEGIN HISTO1D //home/frederic/Work/Software/LesHouches2017/lh2017-alphas/pythia-alphas/robustness/gluon-as013650-as015015-truth.yoda/MC_LHJSS_Zjet/log_Angularity_zcut_0.1_beta_1_alpha_1
LineColor=blue
LineStyle=solid
NormalizeToSum=1
Path=//home/frederic/Work/Software/LesHouches2017/lh2017-alphas/pythia-alphas/robustness/gluon-as013650-as015015-truth.yoda/MC_LHJSS_Zjet/log_Angularity_zcut_0.1_beta_1_alpha_1
ScaledBy=1.0
Title=gluon-as013650-as015015-truth
XLabel=
YLabel=
# xlow	 xhigh	 val	 errminus	 errplus
0.000000e+00	1.000000e-01	0.000000e+00	0.000000e+00	0.000000e+00
1.000000e-01	2.000000e-01	3.426535e-04	3.426535e-04	3.426535e-04
2.000000e-01	3.000000e-01	3.487967e-04	3.487966e-04	3.487966e-04
3.000000e-01	4.000000e-01	9.864399e-04	1.020747e-03	1.020747e-03
4.000000e-01	5.000000e-01	1.897521e-04	5.051634e-04	5.051634e-04
5.000000e-01	6.000000e-01	3.343372e-04	6.756952e-04	6.756952e-04
6.000000e-01	7.000000e-01	2.349529e-04	5.687808e-04	5.687808e-04
7.000000e-01	8.000000e-01	1.859417e-03	1.586762e-03	1.586762e-03
8.000000e-01	9.000000e-01	1.517889e-05	1.448740e-04	1.448740e-04
9.000000e-01	1.000000e+00	1.976810e-04	5.225525e-04	5.225525e-04
1.000000e+00	1.100000e+00	5.091235e-04	8.381807e-04	8.381807e-04
1.100000e+00	1.200000e+00	2.057421e-04	5.331888e-04	5.331888e-04
1.200000e+00	1.300000e+00	6.156707e-06	9.227109e-05	9.227109e-05
1.300000e+00	1.400000e+00	2.579017e-03	1.881704e-03	1.881704e-03
1.400000e+00	1.500000e+00	1.165103e-03	1.267389e-03	1.267389e-03
1.500000e+00	1.600000e+00	3.602004e-03	2.222672e-03	2.222672e-03
1.600000e+00	1.700000e+00	4.313116e-03	2.430694e-03	2.430694e-03
1.700000e+00	1.800000e+00	1.752853e-04	4.922526e-04	4.922526e-04
1.800000e+00	1.900000e+00	5.093123e-03	2.641404e-03	2.641404e-03
1.900000e+00	2.000000e+00	9.100249e-04	1.120794e-03	1.120794e-03
2.000000e+00	2.100000e+00	1.986598e-04	5.240459e-04	5.240459e-04
2.100000e+00	2.200000e+00	1.557460e-03	1.465372e-03	1.465372e-03
2.200000e+00	2.300000e+00	1.709204e-03	1.534852e-03	1.534852e-03
2.300000e+00	2.400000e+00	2.106007e-03	1.702981e-03	1.702981e-03
2.400000e+00	2.500000e+00	1.398081e-06	4.397047e-05	4.397047e-05
2.500000e+00	2.600000e+00	1.549520e-04	4.628331e-04	4.628331e-04
2.600000e+00	2.700000e+00	2.870833e-05	1.992446e-04	1.992446e-04
2.700000e+00	2.800000e+00	4.094040e-04	7.521235e-04	7.521235e-04
2.800000e+00	2.900000e+00	5.116186e-05	2.659781e-04	2.659781e-04
2.900000e+00	3.000000e+00	9.833215e-05	3.687177e-04	3.687177e-04
3.000000e+00	3.100000e+00	5.371975e-05	2.725439e-04	2.725439e-04
3.100000e+00	3.200000e+00	1.975946e-05	1.652999e-04	1.652999e-04
3.200000e+00	3.300000e+00	5.175805e-04	8.455140e-04	8.455140e-04
3.300000e+00	3.400000e+00	1.372877e-03	1.375401e-03	1.375401e-03
3.400000e+00	3.500000e+00	1.562419e-03	1.466512e-03	1.466512e-03
3.500000e+00	3.600000e+00	2.119118e-03	1.705967e-03	1.705967e-03
3.600000e+00	3.700000e+00	1.326391e-03	1.351324e-03	1.351324e-03
3.700000e+00	3.800000e+00	3.224751e-03	2.098820e-03	2.098820e-03
3.800000e+00	3.900000e+00	7.988980e-03	3.268016e-03	3.268016e-03
3.900000e+00	4.000000e+00	3.723971e-03	2.247753e-03	2.247753e-03
4.000000e+00	4.100000e+00	1.040793e-02	3.665377e-03	3.665377e-03
4.100000e+00	4.200000e+00	5.896586e-03	2.788331e-03	2.788331e-03
4.200000e+00	4.300000e+00	7.820666e-03	3.152874e-03	3.152874e-03
4.300000e+00	4.400000e+00	1.653279e-03	1.489532e-03	1.489532e-03
4.400000e+00	4.500000e+00	4.117672e-03	2.279829e-03	2.279829e-03
4.500000e+00	4.600000e+00	1.940006e-03	1.592086e-03	1.592086e-03
4.600000e+00	4.700000e+00	1.864466e-03	1.539672e-03	1.539672e-03
4.700000e+00	4.800000e+00	2.768205e-03	1.812064e-03	1.812064e-03
4.800000e+00	4.900000e+00	1.710181e-04	4.839368e-04	4.839368e-04
4.900000e+00	5.000000e+00	4.190055e-04	7.361723e-04	7.361723e-04
5.000000e+00	5.100000e+00	1.882192e-03	1.313083e-03	1.313083e-03
5.100000e+00	5.200000e+00	8.951693e-05	3.499418e-04	3.499418e-04
5.200000e+00	5.300000e+00	2.422160e-04	5.529399e-04	5.529399e-04
5.300000e+00	5.400000e+00	1.274946e-03	1.130899e-03	1.130899e-03
5.400000e+00	5.500000e+00	3.565368e-04	6.310943e-04	6.310943e-04
5.500000e+00	5.600000e+00	6.975935e-04	4.932729e-04	4.932729e-04
5.600000e+00	5.700000e+00	6.374728e-04	7.996664e-04	7.996664e-04
5.700000e+00	5.800000e+00	3.426535e-04	3.426535e-04	3.426535e-04
5.800000e+00	5.900000e+00	3.426535e-04	3.426535e-04	3.426535e-04
5.900000e+00	6.000000e+00	0.000000e+00	0.000000e+00	0.000000e+00
6.000000e+00	6.100000e+00	0.000000e+00	0.000000e+00	0.000000e+00
6.100000e+00	6.200000e+00	0.000000e+00	0.000000e+00	0.000000e+00
6.200000e+00	6.300000e+00	0.000000e+00	0.000000e+00	0.000000e+00
6.300000e+00	6.400000e+00	0.000000e+00	0.000000e+00	0.000000e+00
6.400000e+00	6.500000e+00	0.000000e+00	0.000000e+00	0.000000e+00
6.500000e+00	6.600000e+00	0.000000e+00	0.000000e+00	0.000000e+00
6.600000e+00	6.700000e+00	0.000000e+00	0.000000e+00	0.000000e+00
6.700000e+00	6.800000e+00	0.000000e+00	0.000000e+00	0.000000e+00
6.800000e+00	6.900000e+00	0.000000e+00	0.000000e+00	0.000000e+00
6.900000e+00	7.000000e+00	0.000000e+00	0.000000e+00	0.000000e+00
7.000000e+00	7.100000e+00	0.000000e+00	0.000000e+00	0.000000e+00
7.100000e+00	7.200000e+00	0.000000e+00	0.000000e+00	0.000000e+00
7.200000e+00	7.300000e+00	0.000000e+00	0.000000e+00	0.000000e+00
7.300000e+00	7.400000e+00	0.000000e+00	0.000000e+00	0.000000e+00
7.400000e+00	7.500000e+00	0.000000e+00	0.000000e+00	0.000000e+00
7.500000e+00	7.600000e+00	0.000000e+00	0.000000e+00	0.000000e+00
7.600000e+00	7.700000e+00	0.000000e+00	0.000000e+00	0.000000e+00
7.700000e+00	7.800000e+00	0.000000e+00	0.000000e+00	0.000000e+00
7.800000e+00	7.900000e+00	0.000000e+00	0.000000e+00	0.000000e+00
7.900000e+00	8.000000e+00	0.000000e+00	0.000000e+00	0.000000e+00
8.000000e+00	8.100000e+00	0.000000e+00	0.000000e+00	0.000000e+00
8.100000e+00	8.200000e+00	0.000000e+00	0.000000e+00	0.000000e+00
8.200000e+00	8.300000e+00	0.000000e+00	0.000000e+00	0.000000e+00
8.300000e+00	8.400000e+00	0.000000e+00	0.000000e+00	0.000000e+00
8.400000e+00	8.500000e+00	0.000000e+00	0.000000e+00	0.000000e+00
8.500000e+00	8.600000e+00	0.000000e+00	0.000000e+00	0.000000e+00
8.600000e+00	8.700000e+00	0.000000e+00	0.000000e+00	0.000000e+00
8.700000e+00	8.800000e+00	0.000000e+00	0.000000e+00	0.000000e+00
8.800000e+00	8.900000e+00	0.000000e+00	0.000000e+00	0.000000e+00
8.900000e+00	9.000000e+00	0.000000e+00	0.000000e+00	0.000000e+00
9.000000e+00	9.100000e+00	0.000000e+00	0.000000e+00	0.000000e+00
9.100000e+00	9.200000e+00	0.000000e+00	0.000000e+00	0.000000e+00
9.200000e+00	9.300000e+00	0.000000e+00	0.000000e+00	0.000000e+00
9.300000e+00	9.400000e+00	0.000000e+00	0.000000e+00	0.000000e+00
9.400000e+00	9.500000e+00	0.000000e+00	0.000000e+00	0.000000e+00
9.500000e+00	9.600000e+00	0.000000e+00	0.000000e+00	0.000000e+00
9.600000e+00	9.700000e+00	0.000000e+00	0.000000e+00	0.000000e+00
9.700000e+00	9.800000e+00	0.000000e+00	0.000000e+00	0.000000e+00
9.800000e+00	9.900000e+00	0.000000e+00	0.000000e+00	0.000000e+00
9.900000e+00	1.000000e+01	0.000000e+00	0.000000e+00	0.000000e+00
1.000000e+01	1.010000e+01	0.000000e+00	0.000000e+00	0.000000e+00
1.010000e+01	1.020000e+01	0.000000e+00	0.000000e+00	0.000000e+00
1.020000e+01	1.030000e+01	0.000000e+00	0.000000e+00	0.000000e+00
1.030000e+01	1.040000e+01	0.000000e+00	0.000000e+00	0.000000e+00
1.040000e+01	1.050000e+01	0.000000e+00	0.000000e+00	0.000000e+00
1.050000e+01	1.060000e+01	0.000000e+00	0.000000e+00	0.000000e+00
1.060000e+01	1.070000e+01	0.000000e+00	0.000000e+00	0.000000e+00
1.070000e+01	1.080000e+01	0.000000e+00	0.000000e+00	0.000000e+00
1.080000e+01	1.090000e+01	0.000000e+00	0.000000e+00	0.000000e+00
1.090000e+01	1.100000e+01	0.000000e+00	0.000000e+00	0.000000e+00
1.100000e+01	1.110000e+01	0.000000e+00	0.000000e+00	0.000000e+00
1.110000e+01	1.120000e+01	0.000000e+00	0.000000e+00	0.000000e+00
1.120000e+01	1.130000e+01	0.000000e+00	0.000000e+00	0.000000e+00
1.130000e+01	1.140000e+01	0.000000e+00	0.000000e+00	0.000000e+00
1.140000e+01	1.150000e+01	0.000000e+00	0.000000e+00	0.000000e+00
1.150000e+01	1.160000e+01	0.000000e+00	0.000000e+00	0.000000e+00
1.160000e+01	1.170000e+01	0.000000e+00	0.000000e+00	0.000000e+00
1.170000e+01	1.180000e+01	0.000000e+00	0.000000e+00	0.000000e+00
1.180000e+01	1.190000e+01	0.000000e+00	0.000000e+00	0.000000e+00
1.190000e+01	1.200000e+01	0.000000e+00	0.000000e+00	0.000000e+00
1.200000e+01	1.210000e+01	0.000000e+00	0.000000e+00	0.000000e+00
1.210000e+01	1.220000e+01	0.000000e+00	0.000000e+00	0.000000e+00
1.220000e+01	1.230000e+01	0.000000e+00	0.000000e+00	0.000000e+00
1.230000e+01	1.240000e+01	0.000000e+00	0.000000e+00	0.000000e+00
1.240000e+01	1.250000e+01	0.000000e+00	0.000000e+00	0.000000e+00
1.250000e+01	1.260000e+01	0.000000e+00	0.000000e+00	0.000000e+00
1.260000e+01	1.270000e+01	0.000000e+00	0.000000e+00	0.000000e+00
1.270000e+01	1.280000e+01	0.000000e+00	0.000000e+00	0.000000e+00
1.280000e+01	1.290000e+01	0.000000e+00	0.000000e+00	0.000000e+00
1.290000e+01	1.300000e+01	0.000000e+00	0.000000e+00	0.000000e+00
1.300000e+01	1.310000e+01	0.000000e+00	0.000000e+00	0.000000e+00
1.310000e+01	1.320000e+01	0.000000e+00	0.000000e+00	0.000000e+00
1.320000e+01	1.330000e+01	0.000000e+00	0.000000e+00	0.000000e+00
1.330000e+01	1.340000e+01	0.000000e+00	0.000000e+00	0.000000e+00
1.340000e+01	1.350000e+01	0.000000e+00	0.000000e+00	0.000000e+00
1.350000e+01	1.360000e+01	0.000000e+00	0.000000e+00	0.000000e+00
1.360000e+01	1.370000e+01	0.000000e+00	0.000000e+00	0.000000e+00
1.370000e+01	1.380000e+01	0.000000e+00	0.000000e+00	0.000000e+00
1.380000e+01	1.390000e+01	0.000000e+00	0.000000e+00	0.000000e+00
1.390000e+01	1.400000e+01	0.000000e+00	0.000000e+00	0.000000e+00
1.400000e+01	1.410000e+01	0.000000e+00	0.000000e+00	0.000000e+00
1.410000e+01	1.420000e+01	0.000000e+00	0.000000e+00	0.000000e+00
1.420000e+01	1.430000e+01	0.000000e+00	0.000000e+00	0.000000e+00
1.430000e+01	1.440000e+01	0.000000e+00	0.000000e+00	0.000000e+00
1.440000e+01	1.450000e+01	0.000000e+00	0.000000e+00	0.000000e+00
1.450000e+01	1.460000e+01	0.000000e+00	0.000000e+00	0.000000e+00
1.460000e+01	1.470000e+01	0.000000e+00	0.000000e+00	0.000000e+00
1.470000e+01	1.480000e+01	0.000000e+00	0.000000e+00	0.000000e+00
1.480000e+01	1.490000e+01	0.000000e+00	0.000000e+00	0.000000e+00
1.490000e+01	1.500000e+01	0.000000e+00	0.000000e+00	0.000000e+00
# END HISTO1D

# BEGIN HISTO1D //home/frederic/Work/Software/LesHouches2017/lh2017-alphas/pythia-alphas/robustness/as013650-gluon-robustness.yoda/MC_LHJSS_Zjet/log_Angularity_zcut_0.1_beta_1_alpha_1
LineColor=green
LineStyle=solid
NormalizeToSum=1
Path=//home/frederic/Work/Software/LesHouches2017/lh2017-alphas/pythia-alphas/robustness/as013650-gluon-robustness.yoda/MC_LHJSS_Zjet/log_Angularity_zcut_0.1_beta_1_alpha_1
ScaledBy=1.0
Title=as013650-gluon-robustness
XLabel=
YLabel=
# xlow	 xhigh	 val	 errminus	 errplus
0.000000e+00	1.000000e-01	0.000000e+00	0.000000e+00	0.000000e+00
1.000000e-01	2.000000e-01	0.000000e+00	0.000000e+00	0.000000e+00
2.000000e-01	3.000000e-01	8.676176e-05	2.532102e-04	2.532102e-04
3.000000e-01	4.000000e-01	6.827768e-04	7.035154e-04	7.035154e-04
4.000000e-01	5.000000e-01	4.311047e-07	1.902846e-05	1.902846e-05
5.000000e-01	6.000000e-01	2.874708e-04	4.880288e-04	4.880288e-04
6.000000e-01	7.000000e-01	5.578814e-04	6.803577e-04	6.803577e-04
7.000000e-01	8.000000e-01	1.814503e-04	3.899427e-04	3.899427e-04
8.000000e-01	9.000000e-01	6.322521e-04	7.269120e-04	7.269120e-04
9.000000e-01	1.000000e+00	1.006686e-04	2.906977e-04	2.906977e-04
1.000000e+00	1.100000e+00	1.037515e-03	9.312175e-04	9.312175e-04
1.100000e+00	1.200000e+00	3.948958e-05	1.821104e-04	1.821104e-04
1.200000e+00	1.300000e+00	1.890559e-03	1.256303e-03	1.256303e-03
1.300000e+00	1.400000e+00	6.305985e-06	7.277815e-05	7.277815e-05
1.400000e+00	1.500000e+00	6.231886e-05	2.287705e-04	2.287705e-04
1.500000e+00	1.600000e+00	2.132270e-04	4.230868e-04	4.230868e-04
1.600000e+00	1.700000e+00	2.138642e-07	1.340287e-05	1.340287e-05
1.700000e+00	1.800000e+00	4.902932e-04	6.413875e-04	6.413875e-04
1.800000e+00	1.900000e+00	4.018142e-04	5.807045e-04	5.807045e-04
1.900000e+00	2.000000e+00	7.286652e-05	2.473769e-04	2.473769e-04
2.000000e+00	2.100000e+00	6.258784e-04	7.246096e-04	7.246096e-04
2.100000e+00	2.200000e+00	1.454227e-04	3.494448e-04	3.494448e-04
2.200000e+00	2.300000e+00	1.911826e-06	4.007303e-05	4.007303e-05
2.300000e+00	2.400000e+00	4.497152e-04	6.143170e-04	6.143170e-04
2.400000e+00	2.500000e+00	4.229784e-04	5.958043e-04	5.958043e-04
2.500000e+00	2.600000e+00	1.388231e-07	1.079841e-05	1.079841e-05
2.600000e+00	2.700000e+00	4.287136e-05	1.897550e-04	1.897550e-04
2.700000e+00	2.800000e+00	8.993820e-04	8.683569e-04	8.683569e-04
2.800000e+00	2.900000e+00	5.449508e-04	6.761698e-04	6.761698e-04
2.900000e+00	3.000000e+00	1.001074e-05	9.169742e-05	9.169742e-05
3.000000e+00	3.100000e+00	8.096860e-04	8.239028e-04	8.239028e-04
3.100000e+00	3.200000e+00	9.184142e-06	8.783007e-05	8.783007e-05
3.200000e+00	3.300000e+00	1.498146e-03	1.119779e-03	1.119779e-03
3.300000e+00	3.400000e+00	8.527713e-04	8.454195e-04	8.454195e-04
3.400000e+00	3.500000e+00	1.607950e-04	3.674238e-04	3.674238e-04
3.500000e+00	3.600000e+00	7.549762e-05	2.517944e-04	2.517944e-04
3.600000e+00	3.700000e+00	7.130075e-05	2.446960e-04	2.446960e-04
3.700000e+00	3.800000e+00	4.589735e-04	6.204055e-04	6.204055e-04
3.800000e+00	3.900000e+00	9.237188e-04	8.793683e-04	8.793683e-04
3.900000e+00	4.000000e+00	1.128394e-04	3.077895e-04	3.077895e-04
4.000000e+00	4.100000e+00	1.115058e-06	3.060387e-05	3.060387e-05
4.100000e+00	4.200000e+00	6.598496e-04	7.430110e-04	7.430110e-04
4.200000e+00	4.300000e+00	2.205807e-03	1.350766e-03	1.350766e-03
4.300000e+00	4.400000e+00	1.120720e-02	2.888916e-03	2.888916e-03
4.400000e+00	4.500000e+00	5.817885e-03	2.132829e-03	2.132829e-03
4.500000e+00	4.600000e+00	1.071476e-02	2.765446e-03	2.765446e-03
4.600000e+00	4.700000e+00	1.171873e-02	2.787196e-03	2.787196e-03
4.700000e+00	4.800000e+00	7.186089e-03	2.253774e-03	2.253774e-03
4.800000e+00	4.900000e+00	7.878968e-03	2.273510e-03	2.273510e-03
4.900000e+00	5.000000e+00	1.163033e-02	2.316702e-03	2.316702e-03
5.000000e+00	5.100000e+00	8.296047e-03	2.112995e-03	2.112995e-03
5.100000e+00	5.200000e+00	3.865911e-03	1.587888e-03	1.587888e-03
5.200000e+00	5.300000e+00	6.331682e-03	1.641468e-03	1.641468e-03
5.300000e+00	5.400000e+00	2.443137e-03	1.289725e-03	1.289725e-03
5.400000e+00	5.500000e+00	4.118021e-03	1.362479e-03	1.362479e-03
5.500000e+00	5.600000e+00	4.587651e-03	1.287092e-03	1.287092e-03
5.600000e+00	5.700000e+00	1.513684e-03	9.956785e-04	9.956785e-04
5.700000e+00	5.800000e+00	3.487942e-03	4.982774e-04	4.982774e-04
5.800000e+00	5.900000e+00	2.562569e-03	4.270949e-04	4.270949e-04
5.900000e+00	6.000000e+00	2.847300e-03	4.501976e-04	4.501976e-04
6.000000e+00	6.100000e+00	1.138920e-03	2.847299e-04	2.847299e-04
6.100000e+00	6.200000e+00	1.352467e-03	3.102773e-04	3.102773e-04
6.200000e+00	6.300000e+00	1.566015e-03	3.338754e-04	3.338754e-04
6.300000e+00	6.400000e+00	9.965550e-04	2.663405e-04	2.663405e-04
6.400000e+00	6.500000e+00	1.210102e-03	2.934929e-04	2.934929e-04
6.500000e+00	6.600000e+00	7.830075e-04	2.360856e-04	2.360856e-04
6.600000e+00	6.700000e+00	4.982774e-04	1.883312e-04	1.883312e-04
6.700000e+00	6.800000e+00	8.541900e-04	2.465834e-04	2.465834e-04
6.800000e+00	6.900000e+00	6.406425e-04	2.135475e-04	2.135475e-04
6.900000e+00	7.000000e+00	7.118250e-04	2.250988e-04	2.250988e-04
7.000000e+00	7.100000e+00	3.559124e-04	1.591689e-04	1.591689e-04
7.100000e+00	7.200000e+00	2.135474e-04	1.232917e-04	1.232917e-04
7.200000e+00	7.300000e+00	2.135475e-04	1.232917e-04	1.232917e-04
7.300000e+00	7.400000e+00	2.135474e-04	1.232917e-04	1.232917e-04
7.400000e+00	7.500000e+00	0.000000e+00	0.000000e+00	0.000000e+00
7.500000e+00	7.600000e+00	7.118250e-05	7.118248e-05	7.118248e-05
7.600000e+00	7.700000e+00	2.135474e-04	1.232917e-04	1.232917e-04
7.700000e+00	7.800000e+00	7.118250e-05	7.118248e-05	7.118248e-05
7.800000e+00	7.900000e+00	7.118250e-05	7.118248e-05	7.118248e-05
7.900000e+00	8.000000e+00	0.000000e+00	0.000000e+00	0.000000e+00
8.000000e+00	8.100000e+00	0.000000e+00	0.000000e+00	0.000000e+00
8.100000e+00	8.200000e+00	0.000000e+00	0.000000e+00	0.000000e+00
8.200000e+00	8.300000e+00	0.000000e+00	0.000000e+00	0.000000e+00
8.300000e+00	8.400000e+00	0.000000e+00	0.000000e+00	0.000000e+00
8.400000e+00	8.500000e+00	0.000000e+00	0.000000e+00	0.000000e+00
8.500000e+00	8.600000e+00	7.118250e-05	7.118248e-05	7.118248e-05
8.600000e+00	8.700000e+00	7.118250e-05	7.118248e-05	7.118248e-05
8.700000e+00	8.800000e+00	0.000000e+00	0.000000e+00	0.000000e+00
8.800000e+00	8.900000e+00	0.000000e+00	0.000000e+00	0.000000e+00
8.900000e+00	9.000000e+00	0.000000e+00	0.000000e+00	0.000000e+00
9.000000e+00	9.100000e+00	0.000000e+00	0.000000e+00	0.000000e+00
9.100000e+00	9.200000e+00	0.000000e+00	0.000000e+00	0.000000e+00
9.200000e+00	9.300000e+00	0.000000e+00	0.000000e+00	0.000000e+00
9.300000e+00	9.400000e+00	0.000000e+00	0.000000e+00	0.000000e+00
9.400000e+00	9.500000e+00	0.000000e+00	0.000000e+00	0.000000e+00
9.500000e+00	9.600000e+00	0.000000e+00	0.000000e+00	0.000000e+00
9.600000e+00	9.700000e+00	0.000000e+00	0.000000e+00	0.000000e+00
9.700000e+00	9.800000e+00	0.000000e+00	0.000000e+00	0.000000e+00
9.800000e+00	9.900000e+00	0.000000e+00	0.000000e+00	0.000000e+00
9.900000e+00	1.000000e+01	0.000000e+00	0.000000e+00	0.000000e+00
1.000000e+01	1.010000e+01	0.000000e+00	0.000000e+00	0.000000e+00
1.010000e+01	1.020000e+01	0.000000e+00	0.000000e+00	0.000000e+00
1.020000e+01	1.030000e+01	0.000000e+00	0.000000e+00	0.000000e+00
1.030000e+01	1.040000e+01	0.000000e+00	0.000000e+00	0.000000e+00
1.040000e+01	1.050000e+01	0.000000e+00	0.000000e+00	0.000000e+00
1.050000e+01	1.060000e+01	0.000000e+00	0.000000e+00	0.000000e+00
1.060000e+01	1.070000e+01	0.000000e+00	0.000000e+00	0.000000e+00
1.070000e+01	1.080000e+01	0.000000e+00	0.000000e+00	0.000000e+00
1.080000e+01	1.090000e+01	0.000000e+00	0.000000e+00	0.000000e+00
1.090000e+01	1.100000e+01	0.000000e+00	0.000000e+00	0.000000e+00
1.100000e+01	1.110000e+01	0.000000e+00	0.000000e+00	0.000000e+00
1.110000e+01	1.120000e+01	0.000000e+00	0.000000e+00	0.000000e+00
1.120000e+01	1.130000e+01	0.000000e+00	0.000000e+00	0.000000e+00
1.130000e+01	1.140000e+01	0.000000e+00	0.000000e+00	0.000000e+00
1.140000e+01	1.150000e+01	0.000000e+00	0.000000e+00	0.000000e+00
1.150000e+01	1.160000e+01	0.000000e+00	0.000000e+00	0.000000e+00
1.160000e+01	1.170000e+01	0.000000e+00	0.000000e+00	0.000000e+00
1.170000e+01	1.180000e+01	0.000000e+00	0.000000e+00	0.000000e+00
1.180000e+01	1.190000e+01	0.000000e+00	0.000000e+00	0.000000e+00
1.190000e+01	1.200000e+01	0.000000e+00	0.000000e+00	0.000000e+00
1.200000e+01	1.210000e+01	0.000000e+00	0.000000e+00	0.000000e+00
1.210000e+01	1.220000e+01	0.000000e+00	0.000000e+00	0.000000e+00
1.220000e+01	1.230000e+01	0.000000e+00	0.000000e+00	0.000000e+00
1.230000e+01	1.240000e+01	0.000000e+00	0.000000e+00	0.000000e+00
1.240000e+01	1.250000e+01	0.000000e+00	0.000000e+00	0.000000e+00
1.250000e+01	1.260000e+01	0.000000e+00	0.000000e+00	0.000000e+00
1.260000e+01	1.270000e+01	0.000000e+00	0.000000e+00	0.000000e+00
1.270000e+01	1.280000e+01	0.000000e+00	0.000000e+00	0.000000e+00
1.280000e+01	1.290000e+01	0.000000e+00	0.000000e+00	0.000000e+00
1.290000e+01	1.300000e+01	0.000000e+00	0.000000e+00	0.000000e+00
1.300000e+01	1.310000e+01	0.000000e+00	0.000000e+00	0.000000e+00
1.310000e+01	1.320000e+01	0.000000e+00	0.000000e+00	0.000000e+00
1.320000e+01	1.330000e+01	0.000000e+00	0.000000e+00	0.000000e+00
1.330000e+01	1.340000e+01	0.000000e+00	0.000000e+00	0.000000e+00
1.340000e+01	1.350000e+01	0.000000e+00	0.000000e+00	0.000000e+00
1.350000e+01	1.360000e+01	0.000000e+00	0.000000e+00	0.000000e+00
1.360000e+01	1.370000e+01	0.000000e+00	0.000000e+00	0.000000e+00
1.370000e+01	1.380000e+01	0.000000e+00	0.000000e+00	0.000000e+00
1.380000e+01	1.390000e+01	0.000000e+00	0.000000e+00	0.000000e+00
1.390000e+01	1.400000e+01	0.000000e+00	0.000000e+00	0.000000e+00
1.400000e+01	1.410000e+01	0.000000e+00	0.000000e+00	0.000000e+00
1.410000e+01	1.420000e+01	0.000000e+00	0.000000e+00	0.000000e+00
1.420000e+01	1.430000e+01	0.000000e+00	0.000000e+00	0.000000e+00
1.430000e+01	1.440000e+01	0.000000e+00	0.000000e+00	0.000000e+00
1.440000e+01	1.450000e+01	0.000000e+00	0.000000e+00	0.000000e+00
1.450000e+01	1.460000e+01	0.000000e+00	0.000000e+00	0.000000e+00
1.460000e+01	1.470000e+01	0.000000e+00	0.000000e+00	0.000000e+00
1.470000e+01	1.480000e+01	0.000000e+00	0.000000e+00	0.000000e+00
1.480000e+01	1.490000e+01	0.000000e+00	0.000000e+00	0.000000e+00
1.490000e+01	1.500000e+01	0.000000e+00	0.000000e+00	0.000000e+00
# END HISTO1D

