# BEGIN PLOT
LegendOnly=//home/frederic/Work/Software/LesHouches2017/lh2017-alphas/pythia-alphas/robustness/gluon-as013650-as012285-truth.yoda/MC_LHJSS_Zjet/log_theta_g_zcut_0.05_beta_0_alpha_1 //home/frederic/Work/Software/LesHouches2017/lh2017-alphas/pythia-alphas/robustness/gluon-as013650-as015015-truth.yoda/MC_LHJSS_Zjet/log_theta_g_zcut_0.05_beta_0_alpha_1 //home/frederic/Work/Software/LesHouches2017/lh2017-alphas/pythia-alphas/robustness/as013650-gluon-robustness.yoda/MC_LHJSS_Zjet/log_theta_g_zcut_0.05_beta_0_alpha_1
DrawOnly=//home/frederic/Work/Software/LesHouches2017/lh2017-alphas/pythia-alphas/robustness/gluon-as013650-as012285-truth.yoda/MC_LHJSS_Zjet/log_theta_g_zcut_0.05_beta_0_alpha_1 //home/frederic/Work/Software/LesHouches2017/lh2017-alphas/pythia-alphas/robustness/gluon-as013650-as015015-truth.yoda/MC_LHJSS_Zjet/log_theta_g_zcut_0.05_beta_0_alpha_1 //home/frederic/Work/Software/LesHouches2017/lh2017-alphas/pythia-alphas/robustness/as013650-gluon-robustness.yoda/MC_LHJSS_Zjet/log_theta_g_zcut_0.05_beta_0_alpha_1
Title=$\theta_g$, $\alpha$ = 1 $z_{cut}$ = 0.05 $\beta$ = 0
RatioPlot=1
LogX=0
LogY=0
RatioPlotYLabel=Ratio
RatioPlotReference=//home/frederic/Work/Software/LesHouches2017/lh2017-alphas/pythia-alphas/robustness/gluon-as013650-as012285-truth.yoda/MC_LHJSS_Zjet/log_theta_g_zcut_0.05_beta_0_alpha_1
XLabel=$\theta_g$
YLabel=$1/\sigma \text{d}\sigma/\text{d}\theta_g$
Legend=1
# END PLOT

# BEGIN HISTO1D //home/frederic/Work/Software/LesHouches2017/lh2017-alphas/pythia-alphas/robustness/gluon-as013650-as012285-truth.yoda/MC_LHJSS_Zjet/log_theta_g_zcut_0.05_beta_0_alpha_1
LineColor=red
LineStyle=solid
NormalizeToSum=1
Path=//home/frederic/Work/Software/LesHouches2017/lh2017-alphas/pythia-alphas/robustness/gluon-as013650-as012285-truth.yoda/MC_LHJSS_Zjet/log_theta_g_zcut_0.05_beta_0_alpha_1
ScaledBy=1.0
Title=gluon-as013650-as012285-truth
XLabel=
YLabel=
# xlow	 xhigh	 val	 errminus	 errplus
0.000000e+00	1.000000e-01	1.419184e-04	4.452747e-04	4.452747e-04
1.000000e-01	2.000000e-01	1.000364e-03	1.181519e-03	1.181519e-03
2.000000e-01	3.000000e-01	4.930159e-04	8.318628e-04	8.318628e-04
3.000000e-01	4.000000e-01	4.461801e-03	2.493907e-03	2.493907e-03
4.000000e-01	5.000000e-01	1.008345e-04	3.763764e-04	3.763764e-04
5.000000e-01	6.000000e-01	1.305740e-03	1.353036e-03	1.353036e-03
6.000000e-01	7.000000e-01	1.348023e-03	1.374680e-03	1.374680e-03
7.000000e-01	8.000000e-01	2.096973e-03	1.713116e-03	1.713116e-03
8.000000e-01	9.000000e-01	2.421298e-04	5.831496e-04	5.831496e-04
9.000000e-01	1.000000e+00	8.702681e-04	1.104850e-03	1.104850e-03
1.000000e+00	1.100000e+00	1.654271e-04	4.820436e-04	4.820436e-04
1.100000e+00	1.200000e+00	1.732689e-03	1.557344e-03	1.557344e-03
1.200000e+00	1.300000e+00	4.661218e-04	8.088796e-04	8.088796e-04
1.300000e+00	1.400000e+00	2.112657e-05	1.722893e-04	1.722893e-04
1.400000e+00	1.500000e+00	6.996773e-05	3.135196e-04	3.135196e-04
1.500000e+00	1.600000e+00	1.975746e-04	5.267526e-04	5.267526e-04
1.600000e+00	1.700000e+00	3.421996e-04	6.931072e-04	6.931072e-04
1.700000e+00	1.800000e+00	4.078713e-05	2.393825e-04	2.393825e-04
1.800000e+00	1.900000e+00	2.057724e-04	5.375501e-04	5.375501e-04
1.900000e+00	2.000000e+00	1.887879e-04	5.148891e-04	5.148891e-04
2.000000e+00	2.100000e+00	1.622627e-04	4.773704e-04	4.773704e-04
2.100000e+00	2.200000e+00	1.008826e-04	3.764336e-04	3.764336e-04
2.200000e+00	2.300000e+00	6.612137e-06	9.638752e-05	9.638752e-05
2.300000e+00	2.400000e+00	1.152239e-04	4.022859e-04	4.022859e-04
2.400000e+00	2.500000e+00	2.632643e-04	6.078736e-04	6.078736e-04
2.500000e+00	2.600000e+00	1.961415e-06	5.249740e-05	5.249740e-05
2.600000e+00	2.700000e+00	3.968251e-05	2.361143e-04	2.361143e-04
2.700000e+00	2.800000e+00	8.895267e-06	1.117959e-04	1.117959e-04
2.800000e+00	2.900000e+00	2.661455e-05	1.933708e-04	1.933708e-04
2.900000e+00	3.000000e+00	1.783917e-03	1.576935e-03	1.576935e-03
3.000000e+00	3.100000e+00	9.886736e-05	3.726284e-04	3.726284e-04
3.100000e+00	3.200000e+00	7.303204e-04	1.011331e-03	1.011331e-03
3.200000e+00	3.300000e+00	3.283873e-04	6.787235e-04	6.787235e-04
3.300000e+00	3.400000e+00	6.700532e-05	3.067864e-04	3.067864e-04
3.400000e+00	3.500000e+00	2.532824e-03	1.872645e-03	1.872645e-03
3.500000e+00	3.600000e+00	5.574741e-03	2.752073e-03	2.752073e-03
3.600000e+00	3.700000e+00	3.778062e-03	2.277450e-03	2.277450e-03
3.700000e+00	3.800000e+00	1.592165e-03	1.486809e-03	1.486809e-03
3.800000e+00	3.900000e+00	6.737565e-03	2.996089e-03	2.996089e-03
3.900000e+00	4.000000e+00	2.621879e-03	1.896121e-03	1.896121e-03
4.000000e+00	4.100000e+00	3.325906e-03	2.120857e-03	2.120857e-03
4.100000e+00	4.200000e+00	2.529037e-03	1.855321e-03	1.855321e-03
4.200000e+00	4.300000e+00	6.748031e-04	9.675750e-04	9.675750e-04
4.300000e+00	4.400000e+00	3.363615e-03	2.098544e-03	2.098544e-03
4.400000e+00	4.500000e+00	1.211965e-05	1.304672e-04	1.304672e-04
4.500000e+00	4.600000e+00	2.345450e-03	1.748461e-03	1.748461e-03
4.600000e+00	4.700000e+00	3.337191e-06	6.847188e-05	6.847188e-05
4.700000e+00	4.800000e+00	5.182131e-05	2.694024e-04	2.694024e-04
4.800000e+00	4.900000e+00	2.357209e-03	1.661002e-03	1.661002e-03
4.900000e+00	5.000000e+00	1.639151e-03	1.315495e-03	1.315495e-03
5.000000e+00	5.100000e+00	2.377235e-05	1.825199e-04	1.825199e-04
5.100000e+00	5.200000e+00	1.289072e-03	1.146988e-03	1.146988e-03
5.200000e+00	5.300000e+00	2.248982e-04	5.391079e-04	5.391079e-04
5.300000e+00	5.400000e+00	1.273064e-03	1.048266e-03	1.048266e-03
5.400000e+00	5.500000e+00	3.502093e-08	7.014722e-06	7.014722e-06
5.500000e+00	5.600000e+00	1.050593e-07	1.214965e-05	1.214965e-05
5.600000e+00	5.700000e+00	2.122541e-03	8.665239e-04	8.665239e-04
5.700000e+00	5.800000e+00	3.537569e-04	3.537569e-04	3.537569e-04
5.800000e+00	5.900000e+00	3.502093e-08	7.014722e-06	7.014722e-06
5.900000e+00	6.000000e+00	0.000000e+00	0.000000e+00	0.000000e+00
6.000000e+00	6.100000e+00	0.000000e+00	0.000000e+00	0.000000e+00
6.100000e+00	6.200000e+00	3.537569e-04	3.537569e-04	3.537569e-04
6.200000e+00	6.300000e+00	3.537569e-04	3.537569e-04	3.537569e-04
6.300000e+00	6.400000e+00	0.000000e+00	0.000000e+00	0.000000e+00
6.400000e+00	6.500000e+00	0.000000e+00	0.000000e+00	0.000000e+00
6.500000e+00	6.600000e+00	0.000000e+00	0.000000e+00	0.000000e+00
6.600000e+00	6.700000e+00	0.000000e+00	0.000000e+00	0.000000e+00
6.700000e+00	6.800000e+00	0.000000e+00	0.000000e+00	0.000000e+00
6.800000e+00	6.900000e+00	0.000000e+00	0.000000e+00	0.000000e+00
6.900000e+00	7.000000e+00	0.000000e+00	0.000000e+00	0.000000e+00
7.000000e+00	7.100000e+00	0.000000e+00	0.000000e+00	0.000000e+00
7.100000e+00	7.200000e+00	0.000000e+00	0.000000e+00	0.000000e+00
7.200000e+00	7.300000e+00	0.000000e+00	0.000000e+00	0.000000e+00
7.300000e+00	7.400000e+00	0.000000e+00	0.000000e+00	0.000000e+00
7.400000e+00	7.500000e+00	0.000000e+00	0.000000e+00	0.000000e+00
7.500000e+00	7.600000e+00	0.000000e+00	0.000000e+00	0.000000e+00
7.600000e+00	7.700000e+00	3.537569e-04	3.537569e-04	3.537569e-04
7.700000e+00	7.800000e+00	0.000000e+00	0.000000e+00	0.000000e+00
7.800000e+00	7.900000e+00	0.000000e+00	0.000000e+00	0.000000e+00
7.900000e+00	8.000000e+00	0.000000e+00	0.000000e+00	0.000000e+00
8.000000e+00	8.100000e+00	0.000000e+00	0.000000e+00	0.000000e+00
8.100000e+00	8.200000e+00	0.000000e+00	0.000000e+00	0.000000e+00
8.200000e+00	8.300000e+00	0.000000e+00	0.000000e+00	0.000000e+00
8.300000e+00	8.400000e+00	0.000000e+00	0.000000e+00	0.000000e+00
8.400000e+00	8.500000e+00	0.000000e+00	0.000000e+00	0.000000e+00
8.500000e+00	8.600000e+00	0.000000e+00	0.000000e+00	0.000000e+00
8.600000e+00	8.700000e+00	0.000000e+00	0.000000e+00	0.000000e+00
8.700000e+00	8.800000e+00	0.000000e+00	0.000000e+00	0.000000e+00
8.800000e+00	8.900000e+00	0.000000e+00	0.000000e+00	0.000000e+00
8.900000e+00	9.000000e+00	0.000000e+00	0.000000e+00	0.000000e+00
9.000000e+00	9.100000e+00	0.000000e+00	0.000000e+00	0.000000e+00
9.100000e+00	9.200000e+00	0.000000e+00	0.000000e+00	0.000000e+00
9.200000e+00	9.300000e+00	0.000000e+00	0.000000e+00	0.000000e+00
9.300000e+00	9.400000e+00	0.000000e+00	0.000000e+00	0.000000e+00
9.400000e+00	9.500000e+00	0.000000e+00	0.000000e+00	0.000000e+00
9.500000e+00	9.600000e+00	0.000000e+00	0.000000e+00	0.000000e+00
9.600000e+00	9.700000e+00	0.000000e+00	0.000000e+00	0.000000e+00
9.700000e+00	9.800000e+00	0.000000e+00	0.000000e+00	0.000000e+00
9.800000e+00	9.900000e+00	0.000000e+00	0.000000e+00	0.000000e+00
9.900000e+00	1.000000e+01	0.000000e+00	0.000000e+00	0.000000e+00
1.000000e+01	1.010000e+01	0.000000e+00	0.000000e+00	0.000000e+00
1.010000e+01	1.020000e+01	0.000000e+00	0.000000e+00	0.000000e+00
1.020000e+01	1.030000e+01	0.000000e+00	0.000000e+00	0.000000e+00
1.030000e+01	1.040000e+01	0.000000e+00	0.000000e+00	0.000000e+00
1.040000e+01	1.050000e+01	0.000000e+00	0.000000e+00	0.000000e+00
1.050000e+01	1.060000e+01	0.000000e+00	0.000000e+00	0.000000e+00
1.060000e+01	1.070000e+01	0.000000e+00	0.000000e+00	0.000000e+00
1.070000e+01	1.080000e+01	0.000000e+00	0.000000e+00	0.000000e+00
1.080000e+01	1.090000e+01	0.000000e+00	0.000000e+00	0.000000e+00
1.090000e+01	1.100000e+01	0.000000e+00	0.000000e+00	0.000000e+00
1.100000e+01	1.110000e+01	0.000000e+00	0.000000e+00	0.000000e+00
1.110000e+01	1.120000e+01	0.000000e+00	0.000000e+00	0.000000e+00
1.120000e+01	1.130000e+01	0.000000e+00	0.000000e+00	0.000000e+00
1.130000e+01	1.140000e+01	0.000000e+00	0.000000e+00	0.000000e+00
1.140000e+01	1.150000e+01	0.000000e+00	0.000000e+00	0.000000e+00
1.150000e+01	1.160000e+01	0.000000e+00	0.000000e+00	0.000000e+00
1.160000e+01	1.170000e+01	0.000000e+00	0.000000e+00	0.000000e+00
1.170000e+01	1.180000e+01	0.000000e+00	0.000000e+00	0.000000e+00
1.180000e+01	1.190000e+01	0.000000e+00	0.000000e+00	0.000000e+00
1.190000e+01	1.200000e+01	0.000000e+00	0.000000e+00	0.000000e+00
1.200000e+01	1.210000e+01	0.000000e+00	0.000000e+00	0.000000e+00
1.210000e+01	1.220000e+01	0.000000e+00	0.000000e+00	0.000000e+00
1.220000e+01	1.230000e+01	0.000000e+00	0.000000e+00	0.000000e+00
1.230000e+01	1.240000e+01	0.000000e+00	0.000000e+00	0.000000e+00
1.240000e+01	1.250000e+01	0.000000e+00	0.000000e+00	0.000000e+00
1.250000e+01	1.260000e+01	0.000000e+00	0.000000e+00	0.000000e+00
1.260000e+01	1.270000e+01	0.000000e+00	0.000000e+00	0.000000e+00
1.270000e+01	1.280000e+01	0.000000e+00	0.000000e+00	0.000000e+00
1.280000e+01	1.290000e+01	0.000000e+00	0.000000e+00	0.000000e+00
1.290000e+01	1.300000e+01	0.000000e+00	0.000000e+00	0.000000e+00
1.300000e+01	1.310000e+01	0.000000e+00	0.000000e+00	0.000000e+00
1.310000e+01	1.320000e+01	0.000000e+00	0.000000e+00	0.000000e+00
1.320000e+01	1.330000e+01	0.000000e+00	0.000000e+00	0.000000e+00
1.330000e+01	1.340000e+01	0.000000e+00	0.000000e+00	0.000000e+00
1.340000e+01	1.350000e+01	0.000000e+00	0.000000e+00	0.000000e+00
1.350000e+01	1.360000e+01	0.000000e+00	0.000000e+00	0.000000e+00
1.360000e+01	1.370000e+01	0.000000e+00	0.000000e+00	0.000000e+00
1.370000e+01	1.380000e+01	0.000000e+00	0.000000e+00	0.000000e+00
1.380000e+01	1.390000e+01	0.000000e+00	0.000000e+00	0.000000e+00
1.390000e+01	1.400000e+01	0.000000e+00	0.000000e+00	0.000000e+00
1.400000e+01	1.410000e+01	0.000000e+00	0.000000e+00	0.000000e+00
1.410000e+01	1.420000e+01	0.000000e+00	0.000000e+00	0.000000e+00
1.420000e+01	1.430000e+01	0.000000e+00	0.000000e+00	0.000000e+00
1.430000e+01	1.440000e+01	0.000000e+00	0.000000e+00	0.000000e+00
1.440000e+01	1.450000e+01	0.000000e+00	0.000000e+00	0.000000e+00
1.450000e+01	1.460000e+01	0.000000e+00	0.000000e+00	0.000000e+00
1.460000e+01	1.470000e+01	0.000000e+00	0.000000e+00	0.000000e+00
1.470000e+01	1.480000e+01	0.000000e+00	0.000000e+00	0.000000e+00
1.480000e+01	1.490000e+01	0.000000e+00	0.000000e+00	0.000000e+00
1.490000e+01	1.500000e+01	0.000000e+00	0.000000e+00	0.000000e+00
# END HISTO1D

# BEGIN HISTO1D //home/frederic/Work/Software/LesHouches2017/lh2017-alphas/pythia-alphas/robustness/gluon-as013650-as015015-truth.yoda/MC_LHJSS_Zjet/log_theta_g_zcut_0.05_beta_0_alpha_1
LineColor=blue
LineStyle=solid
NormalizeToSum=1
Path=//home/frederic/Work/Software/LesHouches2017/lh2017-alphas/pythia-alphas/robustness/gluon-as013650-as015015-truth.yoda/MC_LHJSS_Zjet/log_theta_g_zcut_0.05_beta_0_alpha_1
ScaledBy=1.0
Title=gluon-as013650-as015015-truth
XLabel=
YLabel=
# xlow	 xhigh	 val	 errminus	 errplus
0.000000e+00	1.000000e-01	1.326827e-06	4.283433e-05	4.283433e-05
1.000000e-01	2.000000e-01	8.594326e-04	1.087493e-03	1.087493e-03
2.000000e-01	3.000000e-01	5.020808e-04	8.328400e-04	8.328400e-04
3.000000e-01	4.000000e-01	6.581969e-04	9.535673e-04	9.535673e-04
4.000000e-01	5.000000e-01	1.701680e-03	1.531990e-03	1.531990e-03
5.000000e-01	6.000000e-01	2.501870e-06	5.882026e-05	5.882026e-05
6.000000e-01	7.000000e-01	1.321832e-03	1.350647e-03	1.350647e-03
7.000000e-01	8.000000e-01	2.512397e-03	1.860140e-03	1.860140e-03
8.000000e-01	9.000000e-01	2.604233e-04	5.999764e-04	5.999764e-04
9.000000e-01	1.000000e+00	2.431757e-03	1.829881e-03	1.829881e-03
1.000000e+00	1.100000e+00	9.908819e-05	3.701391e-04	3.701391e-04
1.100000e+00	1.200000e+00	1.546836e-03	1.460392e-03	1.460392e-03
1.200000e+00	1.300000e+00	1.706080e-05	1.535986e-04	1.535986e-04
1.300000e+00	1.400000e+00	2.635479e-04	6.035209e-04	6.035209e-04
1.400000e+00	1.500000e+00	9.098134e-04	1.120430e-03	1.120430e-03
1.500000e+00	1.600000e+00	9.149833e-08	1.124869e-05	1.124869e-05
1.600000e+00	1.700000e+00	8.610287e-05	3.450296e-04	3.450296e-04
1.700000e+00	1.800000e+00	2.800506e-05	1.967872e-04	1.967872e-04
1.800000e+00	1.900000e+00	3.175762e-07	2.095652e-05	2.095652e-05
1.900000e+00	2.000000e+00	2.626497e-06	6.026737e-05	6.026737e-05
2.000000e+00	2.100000e+00	1.483393e-04	4.528131e-04	4.528131e-04
2.100000e+00	2.200000e+00	1.263777e-04	4.179630e-04	4.179630e-04
2.200000e+00	2.300000e+00	4.050056e-05	2.366440e-04	2.366440e-04
2.300000e+00	2.400000e+00	1.117500e-06	3.931138e-05	3.931138e-05
2.400000e+00	2.500000e+00	1.789890e-04	4.973316e-04	4.973316e-04
2.500000e+00	2.600000e+00	5.890056e-04	9.014928e-04	9.014928e-04
2.600000e+00	2.700000e+00	5.633037e-04	8.816198e-04	8.816198e-04
2.700000e+00	2.800000e+00	8.426350e-06	1.079462e-04	1.079462e-04
2.800000e+00	2.900000e+00	2.715133e-03	1.925736e-03	1.925736e-03
2.900000e+00	3.000000e+00	9.431227e-05	3.610568e-04	3.610568e-04
3.000000e+00	3.100000e+00	7.516324e-04	1.017458e-03	1.017458e-03
3.100000e+00	3.200000e+00	7.298377e-04	1.002733e-03	1.002733e-03
3.200000e+00	3.300000e+00	1.421850e-03	1.396483e-03	1.396483e-03
3.300000e+00	3.400000e+00	4.539439e-03	2.470395e-03	2.470395e-03
3.400000e+00	3.500000e+00	1.346663e-03	1.357755e-03	1.357755e-03
3.500000e+00	3.600000e+00	2.626746e-03	1.883669e-03	1.883669e-03
3.600000e+00	3.700000e+00	2.321754e-03	1.773965e-03	1.773965e-03
3.700000e+00	3.800000e+00	4.196325e-03	2.354754e-03	2.354754e-03
3.800000e+00	3.900000e+00	2.532708e-03	1.841430e-03	1.841430e-03
3.900000e+00	4.000000e+00	2.409307e-03	1.795342e-03	1.795342e-03
4.000000e+00	4.100000e+00	1.205073e-03	1.277702e-03	1.277702e-03
4.100000e+00	4.200000e+00	3.780697e-03	2.195783e-03	2.195783e-03
4.200000e+00	4.300000e+00	1.849565e-03	1.558801e-03	1.558801e-03
4.300000e+00	4.400000e+00	3.713853e-03	2.080598e-03	2.080598e-03
4.400000e+00	4.500000e+00	2.303834e-03	1.670266e-03	1.670266e-03
4.500000e+00	4.600000e+00	9.700036e-04	1.125775e-03	1.125775e-03
4.600000e+00	4.700000e+00	1.744418e-03	1.467201e-03	1.467201e-03
4.700000e+00	4.800000e+00	9.688636e-04	1.105880e-03	1.105880e-03
4.800000e+00	4.900000e+00	2.576041e-04	5.839257e-04	5.839257e-04
4.900000e+00	5.000000e+00	4.349236e-05	2.435848e-04	2.435848e-04
5.000000e+00	5.100000e+00	4.190055e-04	7.361723e-04	7.361723e-04
5.100000e+00	5.200000e+00	6.325062e-05	2.916561e-04	2.916561e-04
5.200000e+00	5.300000e+00	6.374728e-04	7.996664e-04	7.996664e-04
5.300000e+00	5.400000e+00	3.350362e-04	6.153337e-04	6.153337e-04
5.400000e+00	5.500000e+00	5.457847e-08	8.687469e-06	8.687469e-06
5.500000e+00	5.600000e+00	1.046390e-03	6.041335e-04	6.041335e-04
5.600000e+00	5.700000e+00	0.000000e+00	0.000000e+00	0.000000e+00
5.700000e+00	5.800000e+00	0.000000e+00	0.000000e+00	0.000000e+00
5.800000e+00	5.900000e+00	3.487966e-04	3.487966e-04	3.487966e-04
5.900000e+00	6.000000e+00	0.000000e+00	0.000000e+00	0.000000e+00
6.000000e+00	6.100000e+00	0.000000e+00	0.000000e+00	0.000000e+00
6.100000e+00	6.200000e+00	0.000000e+00	0.000000e+00	0.000000e+00
6.200000e+00	6.300000e+00	0.000000e+00	0.000000e+00	0.000000e+00
6.300000e+00	6.400000e+00	0.000000e+00	0.000000e+00	0.000000e+00
6.400000e+00	6.500000e+00	0.000000e+00	0.000000e+00	0.000000e+00
6.500000e+00	6.600000e+00	0.000000e+00	0.000000e+00	0.000000e+00
6.600000e+00	6.700000e+00	0.000000e+00	0.000000e+00	0.000000e+00
6.700000e+00	6.800000e+00	0.000000e+00	0.000000e+00	0.000000e+00
6.800000e+00	6.900000e+00	0.000000e+00	0.000000e+00	0.000000e+00
6.900000e+00	7.000000e+00	0.000000e+00	0.000000e+00	0.000000e+00
7.000000e+00	7.100000e+00	0.000000e+00	0.000000e+00	0.000000e+00
7.100000e+00	7.200000e+00	0.000000e+00	0.000000e+00	0.000000e+00
7.200000e+00	7.300000e+00	0.000000e+00	0.000000e+00	0.000000e+00
7.300000e+00	7.400000e+00	0.000000e+00	0.000000e+00	0.000000e+00
7.400000e+00	7.500000e+00	0.000000e+00	0.000000e+00	0.000000e+00
7.500000e+00	7.600000e+00	0.000000e+00	0.000000e+00	0.000000e+00
7.600000e+00	7.700000e+00	0.000000e+00	0.000000e+00	0.000000e+00
7.700000e+00	7.800000e+00	0.000000e+00	0.000000e+00	0.000000e+00
7.800000e+00	7.900000e+00	0.000000e+00	0.000000e+00	0.000000e+00
7.900000e+00	8.000000e+00	0.000000e+00	0.000000e+00	0.000000e+00
8.000000e+00	8.100000e+00	0.000000e+00	0.000000e+00	0.000000e+00
8.100000e+00	8.200000e+00	0.000000e+00	0.000000e+00	0.000000e+00
8.200000e+00	8.300000e+00	0.000000e+00	0.000000e+00	0.000000e+00
8.300000e+00	8.400000e+00	0.000000e+00	0.000000e+00	0.000000e+00
8.400000e+00	8.500000e+00	0.000000e+00	0.000000e+00	0.000000e+00
8.500000e+00	8.600000e+00	0.000000e+00	0.000000e+00	0.000000e+00
8.600000e+00	8.700000e+00	0.000000e+00	0.000000e+00	0.000000e+00
8.700000e+00	8.800000e+00	0.000000e+00	0.000000e+00	0.000000e+00
8.800000e+00	8.900000e+00	0.000000e+00	0.000000e+00	0.000000e+00
8.900000e+00	9.000000e+00	0.000000e+00	0.000000e+00	0.000000e+00
9.000000e+00	9.100000e+00	0.000000e+00	0.000000e+00	0.000000e+00
9.100000e+00	9.200000e+00	0.000000e+00	0.000000e+00	0.000000e+00
9.200000e+00	9.300000e+00	0.000000e+00	0.000000e+00	0.000000e+00
9.300000e+00	9.400000e+00	0.000000e+00	0.000000e+00	0.000000e+00
9.400000e+00	9.500000e+00	0.000000e+00	0.000000e+00	0.000000e+00
9.500000e+00	9.600000e+00	0.000000e+00	0.000000e+00	0.000000e+00
9.600000e+00	9.700000e+00	0.000000e+00	0.000000e+00	0.000000e+00
9.700000e+00	9.800000e+00	0.000000e+00	0.000000e+00	0.000000e+00
9.800000e+00	9.900000e+00	0.000000e+00	0.000000e+00	0.000000e+00
9.900000e+00	1.000000e+01	0.000000e+00	0.000000e+00	0.000000e+00
1.000000e+01	1.010000e+01	0.000000e+00	0.000000e+00	0.000000e+00
1.010000e+01	1.020000e+01	0.000000e+00	0.000000e+00	0.000000e+00
1.020000e+01	1.030000e+01	0.000000e+00	0.000000e+00	0.000000e+00
1.030000e+01	1.040000e+01	0.000000e+00	0.000000e+00	0.000000e+00
1.040000e+01	1.050000e+01	0.000000e+00	0.000000e+00	0.000000e+00
1.050000e+01	1.060000e+01	0.000000e+00	0.000000e+00	0.000000e+00
1.060000e+01	1.070000e+01	0.000000e+00	0.000000e+00	0.000000e+00
1.070000e+01	1.080000e+01	0.000000e+00	0.000000e+00	0.000000e+00
1.080000e+01	1.090000e+01	0.000000e+00	0.000000e+00	0.000000e+00
1.090000e+01	1.100000e+01	0.000000e+00	0.000000e+00	0.000000e+00
1.100000e+01	1.110000e+01	0.000000e+00	0.000000e+00	0.000000e+00
1.110000e+01	1.120000e+01	0.000000e+00	0.000000e+00	0.000000e+00
1.120000e+01	1.130000e+01	0.000000e+00	0.000000e+00	0.000000e+00
1.130000e+01	1.140000e+01	0.000000e+00	0.000000e+00	0.000000e+00
1.140000e+01	1.150000e+01	0.000000e+00	0.000000e+00	0.000000e+00
1.150000e+01	1.160000e+01	0.000000e+00	0.000000e+00	0.000000e+00
1.160000e+01	1.170000e+01	0.000000e+00	0.000000e+00	0.000000e+00
1.170000e+01	1.180000e+01	0.000000e+00	0.000000e+00	0.000000e+00
1.180000e+01	1.190000e+01	0.000000e+00	0.000000e+00	0.000000e+00
1.190000e+01	1.200000e+01	0.000000e+00	0.000000e+00	0.000000e+00
1.200000e+01	1.210000e+01	0.000000e+00	0.000000e+00	0.000000e+00
1.210000e+01	1.220000e+01	0.000000e+00	0.000000e+00	0.000000e+00
1.220000e+01	1.230000e+01	0.000000e+00	0.000000e+00	0.000000e+00
1.230000e+01	1.240000e+01	0.000000e+00	0.000000e+00	0.000000e+00
1.240000e+01	1.250000e+01	0.000000e+00	0.000000e+00	0.000000e+00
1.250000e+01	1.260000e+01	0.000000e+00	0.000000e+00	0.000000e+00
1.260000e+01	1.270000e+01	0.000000e+00	0.000000e+00	0.000000e+00
1.270000e+01	1.280000e+01	0.000000e+00	0.000000e+00	0.000000e+00
1.280000e+01	1.290000e+01	0.000000e+00	0.000000e+00	0.000000e+00
1.290000e+01	1.300000e+01	0.000000e+00	0.000000e+00	0.000000e+00
1.300000e+01	1.310000e+01	0.000000e+00	0.000000e+00	0.000000e+00
1.310000e+01	1.320000e+01	0.000000e+00	0.000000e+00	0.000000e+00
1.320000e+01	1.330000e+01	0.000000e+00	0.000000e+00	0.000000e+00
1.330000e+01	1.340000e+01	0.000000e+00	0.000000e+00	0.000000e+00
1.340000e+01	1.350000e+01	0.000000e+00	0.000000e+00	0.000000e+00
1.350000e+01	1.360000e+01	0.000000e+00	0.000000e+00	0.000000e+00
1.360000e+01	1.370000e+01	0.000000e+00	0.000000e+00	0.000000e+00
1.370000e+01	1.380000e+01	0.000000e+00	0.000000e+00	0.000000e+00
1.380000e+01	1.390000e+01	0.000000e+00	0.000000e+00	0.000000e+00
1.390000e+01	1.400000e+01	0.000000e+00	0.000000e+00	0.000000e+00
1.400000e+01	1.410000e+01	0.000000e+00	0.000000e+00	0.000000e+00
1.410000e+01	1.420000e+01	0.000000e+00	0.000000e+00	0.000000e+00
1.420000e+01	1.430000e+01	0.000000e+00	0.000000e+00	0.000000e+00
1.430000e+01	1.440000e+01	0.000000e+00	0.000000e+00	0.000000e+00
1.440000e+01	1.450000e+01	0.000000e+00	0.000000e+00	0.000000e+00
1.450000e+01	1.460000e+01	0.000000e+00	0.000000e+00	0.000000e+00
1.460000e+01	1.470000e+01	0.000000e+00	0.000000e+00	0.000000e+00
1.470000e+01	1.480000e+01	0.000000e+00	0.000000e+00	0.000000e+00
1.480000e+01	1.490000e+01	0.000000e+00	0.000000e+00	0.000000e+00
1.490000e+01	1.500000e+01	0.000000e+00	0.000000e+00	0.000000e+00
# END HISTO1D

# BEGIN HISTO1D //home/frederic/Work/Software/LesHouches2017/lh2017-alphas/pythia-alphas/robustness/as013650-gluon-robustness.yoda/MC_LHJSS_Zjet/log_theta_g_zcut_0.05_beta_0_alpha_1
LineColor=green
LineStyle=solid
NormalizeToSum=1
Path=//home/frederic/Work/Software/LesHouches2017/lh2017-alphas/pythia-alphas/robustness/as013650-gluon-robustness.yoda/MC_LHJSS_Zjet/log_theta_g_zcut_0.05_beta_0_alpha_1
ScaledBy=1.0
Title=as013650-gluon-robustness
XLabel=
YLabel=
# xlow	 xhigh	 val	 errminus	 errplus
0.000000e+00	1.000000e-01	1.589650e-04	3.642550e-04	3.642550e-04
1.000000e-01	2.000000e-01	4.946145e-04	6.435108e-04	6.435108e-04
2.000000e-01	3.000000e-01	2.161037e-05	1.347256e-04	1.347256e-04
3.000000e-01	4.000000e-01	1.068842e-04	2.996042e-04	2.996042e-04
4.000000e-01	5.000000e-01	8.130905e-05	2.613180e-04	2.613180e-04
5.000000e-01	6.000000e-01	9.613122e-05	2.841369e-04	2.841369e-04
6.000000e-01	7.000000e-01	2.715130e-06	4.775547e-05	4.775547e-05
7.000000e-01	8.000000e-01	2.410875e-04	4.499099e-04	4.499099e-04
8.000000e-01	9.000000e-01	5.750187e-06	6.949723e-05	6.949723e-05
9.000000e-01	1.000000e+00	6.843801e-05	2.397450e-04	2.397450e-04
1.000000e+00	1.100000e+00	5.179808e-08	6.596076e-06	6.596076e-06
1.100000e+00	1.200000e+00	4.199025e-05	1.877952e-04	1.877952e-04
1.200000e+00	1.300000e+00	7.216628e-05	2.461856e-04	2.461856e-04
1.300000e+00	1.400000e+00	4.134852e-04	5.890474e-04	5.890474e-04
1.400000e+00	1.500000e+00	1.401291e-03	1.083034e-03	1.083034e-03
1.500000e+00	1.600000e+00	3.058914e-04	5.066937e-04	5.066937e-04
1.600000e+00	1.700000e+00	1.068473e-04	2.995376e-04	2.995376e-04
1.700000e+00	1.800000e+00	1.166997e-04	3.130369e-04	3.130369e-04
1.800000e+00	1.900000e+00	9.194533e-05	2.778679e-04	2.778679e-04
1.900000e+00	2.000000e+00	2.009619e-04	4.107297e-04	4.107297e-04
2.000000e+00	2.100000e+00	1.539844e-04	3.595536e-04	3.595536e-04
2.100000e+00	2.200000e+00	8.041225e-04	8.207521e-04	8.207521e-04
2.200000e+00	2.300000e+00	6.319950e-06	7.285863e-05	7.285863e-05
2.300000e+00	2.400000e+00	9.737385e-06	9.043624e-05	9.043624e-05
2.400000e+00	2.500000e+00	3.019931e-04	5.033305e-04	5.033305e-04
2.500000e+00	2.600000e+00	1.177951e-05	9.946770e-05	9.946770e-05
2.600000e+00	2.700000e+00	7.292667e-04	7.815331e-04	7.815331e-04
2.700000e+00	2.800000e+00	1.187381e-04	3.157276e-04	3.157276e-04
2.800000e+00	2.900000e+00	1.868938e-03	1.247828e-03	1.247828e-03
2.900000e+00	3.000000e+00	2.723323e-04	4.779423e-04	4.779423e-04
3.000000e+00	3.100000e+00	4.548154e-04	6.173451e-04	6.173451e-04
3.100000e+00	3.200000e+00	3.241404e-03	1.635528e-03	1.635528e-03
3.200000e+00	3.300000e+00	9.855472e-04	9.073484e-04	9.073484e-04
3.300000e+00	3.400000e+00	4.078155e-03	1.828648e-03	1.828648e-03
3.400000e+00	3.500000e+00	5.259469e-04	6.634211e-04	6.634211e-04
3.500000e+00	3.600000e+00	3.246982e-04	5.215719e-04	5.215719e-04
3.600000e+00	3.700000e+00	1.422633e-03	1.086855e-03	1.086855e-03
3.700000e+00	3.800000e+00	4.967438e-04	6.444923e-04	6.444923e-04
3.800000e+00	3.900000e+00	1.547134e-05	1.139875e-04	1.139875e-04
3.900000e+00	4.000000e+00	2.655150e-04	4.715139e-04	4.715139e-04
4.000000e+00	4.100000e+00	3.596986e-05	1.737749e-04	1.737749e-04
4.100000e+00	4.200000e+00	2.294417e-04	4.381721e-04	4.381721e-04
4.200000e+00	4.300000e+00	5.581942e-05	2.164057e-04	2.164057e-04
4.300000e+00	4.400000e+00	1.925334e-04	4.010923e-04	4.010923e-04
4.400000e+00	4.500000e+00	1.638061e-03	1.143449e-03	1.143449e-03
4.500000e+00	4.600000e+00	4.215378e-04	5.900709e-04	5.900709e-04
4.600000e+00	4.700000e+00	2.632374e-04	4.677055e-04	4.677055e-04
4.700000e+00	4.800000e+00	1.035998e-03	9.071359e-04	9.071359e-04
4.800000e+00	4.900000e+00	1.746009e-03	1.118017e-03	1.118017e-03
4.900000e+00	5.000000e+00	3.334073e-03	1.275589e-03	1.275589e-03
5.000000e+00	5.100000e+00	2.374059e-04	4.411039e-04	4.411039e-04
5.100000e+00	5.200000e+00	2.244260e-03	1.044737e-03	1.044737e-03
5.200000e+00	5.300000e+00	5.798054e-04	6.594275e-04	6.594275e-04
5.300000e+00	5.400000e+00	9.618160e-04	7.025040e-04	7.025040e-04
5.400000e+00	5.500000e+00	1.817903e-03	8.539926e-04	8.539926e-04
5.500000e+00	5.600000e+00	3.791977e-05	1.771202e-04	1.771202e-04
5.600000e+00	5.700000e+00	7.830075e-04	2.360856e-04	2.360856e-04
5.700000e+00	5.800000e+00	4.270949e-04	1.743608e-04	1.743608e-04
5.800000e+00	5.900000e+00	8.676176e-05	2.532102e-04	2.532102e-04
5.900000e+00	6.000000e+00	6.406425e-04	2.135475e-04	2.135475e-04
6.000000e+00	6.100000e+00	0.000000e+00	0.000000e+00	0.000000e+00
6.100000e+00	6.200000e+00	7.118250e-05	7.118248e-05	7.118248e-05
6.200000e+00	6.300000e+00	0.000000e+00	0.000000e+00	0.000000e+00
6.300000e+00	6.400000e+00	1.423649e-04	1.006672e-04	1.006672e-04
6.400000e+00	6.500000e+00	0.000000e+00	0.000000e+00	0.000000e+00
6.500000e+00	6.600000e+00	0.000000e+00	0.000000e+00	0.000000e+00
6.600000e+00	6.700000e+00	0.000000e+00	0.000000e+00	0.000000e+00
6.700000e+00	6.800000e+00	0.000000e+00	0.000000e+00	0.000000e+00
6.800000e+00	6.900000e+00	7.118250e-05	7.118248e-05	7.118248e-05
6.900000e+00	7.000000e+00	0.000000e+00	0.000000e+00	0.000000e+00
7.000000e+00	7.100000e+00	0.000000e+00	0.000000e+00	0.000000e+00
7.100000e+00	7.200000e+00	0.000000e+00	0.000000e+00	0.000000e+00
7.200000e+00	7.300000e+00	0.000000e+00	0.000000e+00	0.000000e+00
7.300000e+00	7.400000e+00	0.000000e+00	0.000000e+00	0.000000e+00
7.400000e+00	7.500000e+00	0.000000e+00	0.000000e+00	0.000000e+00
7.500000e+00	7.600000e+00	0.000000e+00	0.000000e+00	0.000000e+00
7.600000e+00	7.700000e+00	0.000000e+00	0.000000e+00	0.000000e+00
7.700000e+00	7.800000e+00	0.000000e+00	0.000000e+00	0.000000e+00
7.800000e+00	7.900000e+00	0.000000e+00	0.000000e+00	0.000000e+00
7.900000e+00	8.000000e+00	7.118250e-05	7.118248e-05	7.118248e-05
8.000000e+00	8.100000e+00	0.000000e+00	0.000000e+00	0.000000e+00
8.100000e+00	8.200000e+00	0.000000e+00	0.000000e+00	0.000000e+00
8.200000e+00	8.300000e+00	0.000000e+00	0.000000e+00	0.000000e+00
8.300000e+00	8.400000e+00	0.000000e+00	0.000000e+00	0.000000e+00
8.400000e+00	8.500000e+00	0.000000e+00	0.000000e+00	0.000000e+00
8.500000e+00	8.600000e+00	0.000000e+00	0.000000e+00	0.000000e+00
8.600000e+00	8.700000e+00	0.000000e+00	0.000000e+00	0.000000e+00
8.700000e+00	8.800000e+00	0.000000e+00	0.000000e+00	0.000000e+00
8.800000e+00	8.900000e+00	0.000000e+00	0.000000e+00	0.000000e+00
8.900000e+00	9.000000e+00	0.000000e+00	0.000000e+00	0.000000e+00
9.000000e+00	9.100000e+00	0.000000e+00	0.000000e+00	0.000000e+00
9.100000e+00	9.200000e+00	0.000000e+00	0.000000e+00	0.000000e+00
9.200000e+00	9.300000e+00	0.000000e+00	0.000000e+00	0.000000e+00
9.300000e+00	9.400000e+00	0.000000e+00	0.000000e+00	0.000000e+00
9.400000e+00	9.500000e+00	0.000000e+00	0.000000e+00	0.000000e+00
9.500000e+00	9.600000e+00	0.000000e+00	0.000000e+00	0.000000e+00
9.600000e+00	9.700000e+00	0.000000e+00	0.000000e+00	0.000000e+00
9.700000e+00	9.800000e+00	0.000000e+00	0.000000e+00	0.000000e+00
9.800000e+00	9.900000e+00	0.000000e+00	0.000000e+00	0.000000e+00
9.900000e+00	1.000000e+01	0.000000e+00	0.000000e+00	0.000000e+00
1.000000e+01	1.010000e+01	0.000000e+00	0.000000e+00	0.000000e+00
1.010000e+01	1.020000e+01	0.000000e+00	0.000000e+00	0.000000e+00
1.020000e+01	1.030000e+01	0.000000e+00	0.000000e+00	0.000000e+00
1.030000e+01	1.040000e+01	0.000000e+00	0.000000e+00	0.000000e+00
1.040000e+01	1.050000e+01	0.000000e+00	0.000000e+00	0.000000e+00
1.050000e+01	1.060000e+01	0.000000e+00	0.000000e+00	0.000000e+00
1.060000e+01	1.070000e+01	0.000000e+00	0.000000e+00	0.000000e+00
1.070000e+01	1.080000e+01	0.000000e+00	0.000000e+00	0.000000e+00
1.080000e+01	1.090000e+01	0.000000e+00	0.000000e+00	0.000000e+00
1.090000e+01	1.100000e+01	0.000000e+00	0.000000e+00	0.000000e+00
1.100000e+01	1.110000e+01	0.000000e+00	0.000000e+00	0.000000e+00
1.110000e+01	1.120000e+01	0.000000e+00	0.000000e+00	0.000000e+00
1.120000e+01	1.130000e+01	0.000000e+00	0.000000e+00	0.000000e+00
1.130000e+01	1.140000e+01	0.000000e+00	0.000000e+00	0.000000e+00
1.140000e+01	1.150000e+01	0.000000e+00	0.000000e+00	0.000000e+00
1.150000e+01	1.160000e+01	0.000000e+00	0.000000e+00	0.000000e+00
1.160000e+01	1.170000e+01	0.000000e+00	0.000000e+00	0.000000e+00
1.170000e+01	1.180000e+01	0.000000e+00	0.000000e+00	0.000000e+00
1.180000e+01	1.190000e+01	0.000000e+00	0.000000e+00	0.000000e+00
1.190000e+01	1.200000e+01	0.000000e+00	0.000000e+00	0.000000e+00
1.200000e+01	1.210000e+01	0.000000e+00	0.000000e+00	0.000000e+00
1.210000e+01	1.220000e+01	0.000000e+00	0.000000e+00	0.000000e+00
1.220000e+01	1.230000e+01	0.000000e+00	0.000000e+00	0.000000e+00
1.230000e+01	1.240000e+01	0.000000e+00	0.000000e+00	0.000000e+00
1.240000e+01	1.250000e+01	0.000000e+00	0.000000e+00	0.000000e+00
1.250000e+01	1.260000e+01	0.000000e+00	0.000000e+00	0.000000e+00
1.260000e+01	1.270000e+01	0.000000e+00	0.000000e+00	0.000000e+00
1.270000e+01	1.280000e+01	0.000000e+00	0.000000e+00	0.000000e+00
1.280000e+01	1.290000e+01	0.000000e+00	0.000000e+00	0.000000e+00
1.290000e+01	1.300000e+01	0.000000e+00	0.000000e+00	0.000000e+00
1.300000e+01	1.310000e+01	0.000000e+00	0.000000e+00	0.000000e+00
1.310000e+01	1.320000e+01	0.000000e+00	0.000000e+00	0.000000e+00
1.320000e+01	1.330000e+01	0.000000e+00	0.000000e+00	0.000000e+00
1.330000e+01	1.340000e+01	0.000000e+00	0.000000e+00	0.000000e+00
1.340000e+01	1.350000e+01	0.000000e+00	0.000000e+00	0.000000e+00
1.350000e+01	1.360000e+01	0.000000e+00	0.000000e+00	0.000000e+00
1.360000e+01	1.370000e+01	0.000000e+00	0.000000e+00	0.000000e+00
1.370000e+01	1.380000e+01	0.000000e+00	0.000000e+00	0.000000e+00
1.380000e+01	1.390000e+01	0.000000e+00	0.000000e+00	0.000000e+00
1.390000e+01	1.400000e+01	0.000000e+00	0.000000e+00	0.000000e+00
1.400000e+01	1.410000e+01	0.000000e+00	0.000000e+00	0.000000e+00
1.410000e+01	1.420000e+01	0.000000e+00	0.000000e+00	0.000000e+00
1.420000e+01	1.430000e+01	0.000000e+00	0.000000e+00	0.000000e+00
1.430000e+01	1.440000e+01	0.000000e+00	0.000000e+00	0.000000e+00
1.440000e+01	1.450000e+01	0.000000e+00	0.000000e+00	0.000000e+00
1.450000e+01	1.460000e+01	0.000000e+00	0.000000e+00	0.000000e+00
1.460000e+01	1.470000e+01	0.000000e+00	0.000000e+00	0.000000e+00
1.470000e+01	1.480000e+01	0.000000e+00	0.000000e+00	0.000000e+00
1.480000e+01	1.490000e+01	0.000000e+00	0.000000e+00	0.000000e+00
1.490000e+01	1.500000e+01	0.000000e+00	0.000000e+00	0.000000e+00
# END HISTO1D

