# BEGIN PLOT
LegendOnly=//home/frederic/Work/Software/LesHouches2017/lh2017-alphas/pythia-alphas/robustness/gluon-as013650-as012285-truth.yoda/MC_LHJSS_Zjet/log_Angularity_zcut_0.2_beta_0_alpha_1 //home/frederic/Work/Software/LesHouches2017/lh2017-alphas/pythia-alphas/robustness/gluon-as013650-as015015-truth.yoda/MC_LHJSS_Zjet/log_Angularity_zcut_0.2_beta_0_alpha_1 //home/frederic/Work/Software/LesHouches2017/lh2017-alphas/pythia-alphas/robustness/as013650-gluon-robustness.yoda/MC_LHJSS_Zjet/log_Angularity_zcut_0.2_beta_0_alpha_1
DrawOnly=//home/frederic/Work/Software/LesHouches2017/lh2017-alphas/pythia-alphas/robustness/gluon-as013650-as012285-truth.yoda/MC_LHJSS_Zjet/log_Angularity_zcut_0.2_beta_0_alpha_1 //home/frederic/Work/Software/LesHouches2017/lh2017-alphas/pythia-alphas/robustness/gluon-as013650-as015015-truth.yoda/MC_LHJSS_Zjet/log_Angularity_zcut_0.2_beta_0_alpha_1 //home/frederic/Work/Software/LesHouches2017/lh2017-alphas/pythia-alphas/robustness/as013650-gluon-robustness.yoda/MC_LHJSS_Zjet/log_Angularity_zcut_0.2_beta_0_alpha_1
Title=Angularity, $\alpha$ = 1 $z_{cut}$ = 0.2 $\beta$ = 0
RatioPlot=1
LogX=0
LogY=0
RatioPlotYLabel=Ratio
RatioPlotReference=//home/frederic/Work/Software/LesHouches2017/lh2017-alphas/pythia-alphas/robustness/gluon-as013650-as012285-truth.yoda/MC_LHJSS_Zjet/log_Angularity_zcut_0.2_beta_0_alpha_1
XLabel=$e_\alpha$
YLabel=$1/\sigma \text{d}\sigma/\text{d}e_\alpha$
Legend=1
# END PLOT

# BEGIN HISTO1D //home/frederic/Work/Software/LesHouches2017/lh2017-alphas/pythia-alphas/robustness/gluon-as013650-as012285-truth.yoda/MC_LHJSS_Zjet/log_Angularity_zcut_0.2_beta_0_alpha_1
LineColor=red
LineStyle=solid
NormalizeToSum=1
Path=//home/frederic/Work/Software/LesHouches2017/lh2017-alphas/pythia-alphas/robustness/gluon-as013650-as012285-truth.yoda/MC_LHJSS_Zjet/log_Angularity_zcut_0.2_beta_0_alpha_1
ScaledBy=1.0
Title=gluon-as013650-as012285-truth
XLabel=
YLabel=
# xlow	 xhigh	 val	 errminus	 errplus
0.000000e+00	1.000000e-01	0.000000e+00	0.000000e+00	0.000000e+00
1.000000e-01	2.000000e-01	0.000000e+00	0.000000e+00	0.000000e+00
2.000000e-01	3.000000e-01	3.502093e-08	7.014722e-06	7.014722e-06
3.000000e-01	4.000000e-01	2.732463e-04	6.029308e-04	6.029308e-04
4.000000e-01	5.000000e-01	3.373478e-04	6.602700e-04	6.602700e-04
5.000000e-01	6.000000e-01	6.867338e-04	9.636279e-04	9.636279e-04
6.000000e-01	7.000000e-01	2.841394e-04	6.296505e-04	6.296505e-04
7.000000e-01	8.000000e-01	5.506682e-05	2.780570e-04	2.780570e-04
8.000000e-01	9.000000e-01	1.543277e-03	1.462330e-03	1.462330e-03
9.000000e-01	1.000000e+00	1.836525e-04	5.076692e-04	5.076692e-04
1.000000e+00	1.100000e+00	2.451098e-03	1.842908e-03	1.842908e-03
1.100000e+00	1.200000e+00	3.366372e-04	6.872109e-04	6.872109e-04
1.200000e+00	1.300000e+00	2.987587e-03	2.036203e-03	2.036203e-03
1.300000e+00	1.400000e+00	4.081309e-04	7.566313e-04	7.566313e-04
1.400000e+00	1.500000e+00	1.668415e-04	4.840224e-04	4.840224e-04
1.500000e+00	1.600000e+00	9.386741e-04	1.146424e-03	1.146424e-03
1.600000e+00	1.700000e+00	7.067512e-05	3.150835e-04	3.150835e-04
1.700000e+00	1.800000e+00	1.276324e-03	1.335898e-03	1.335898e-03
1.800000e+00	1.900000e+00	8.298751e-04	1.078109e-03	1.078109e-03
1.900000e+00	2.000000e+00	3.770264e-04	7.273088e-04	7.273088e-04
2.000000e+00	2.100000e+00	3.203675e-03	2.109177e-03	2.109177e-03
2.100000e+00	2.200000e+00	3.900218e-04	7.397358e-04	7.397358e-04
2.200000e+00	2.300000e+00	6.082792e-07	2.923517e-05	2.923517e-05
2.300000e+00	2.400000e+00	8.965020e-06	1.122334e-04	1.122334e-04
2.400000e+00	2.500000e+00	4.178684e-05	2.422922e-04	2.422922e-04
2.500000e+00	2.600000e+00	3.020412e-04	6.510873e-04	6.510873e-04
2.600000e+00	2.700000e+00	2.735817e-04	6.197104e-04	6.197104e-04
2.700000e+00	2.800000e+00	2.906169e-03	2.010095e-03	2.010095e-03
2.800000e+00	2.900000e+00	1.068807e-03	1.222951e-03	1.222951e-03
2.900000e+00	3.000000e+00	1.762077e-04	4.974074e-04	4.974074e-04
3.000000e+00	3.100000e+00	5.060769e-05	2.666361e-04	2.666361e-04
3.100000e+00	3.200000e+00	6.344765e-04	9.430088e-04	9.430088e-04
3.200000e+00	3.300000e+00	2.884706e-04	6.362970e-04	6.362970e-04
3.300000e+00	3.400000e+00	1.319239e-03	1.357676e-03	1.357676e-03
3.400000e+00	3.500000e+00	1.443587e-03	1.419671e-03	1.419671e-03
3.500000e+00	3.600000e+00	1.749231e-04	4.955716e-04	4.955716e-04
3.600000e+00	3.700000e+00	8.474321e-04	1.089206e-03	1.089206e-03
3.700000e+00	3.800000e+00	5.453804e-04	8.743524e-04	8.743524e-04
3.800000e+00	3.900000e+00	1.072420e-04	3.880957e-04	3.880957e-04
3.900000e+00	4.000000e+00	1.758034e-03	1.566258e-03	1.566258e-03
4.000000e+00	4.100000e+00	2.068791e-03	1.699075e-03	1.699075e-03
4.100000e+00	4.200000e+00	1.307471e-04	4.285274e-04	4.285274e-04
4.200000e+00	4.300000e+00	1.776389e-03	1.575496e-03	1.575496e-03
4.300000e+00	4.400000e+00	3.660852e-04	7.168097e-04	7.168097e-04
4.400000e+00	4.500000e+00	3.758452e-04	7.263165e-04	7.263165e-04
4.500000e+00	4.600000e+00	5.225559e-03	2.689332e-03	2.689332e-03
4.600000e+00	4.700000e+00	7.507002e-04	1.025963e-03	1.025963e-03
4.700000e+00	4.800000e+00	2.173787e-03	1.742110e-03	1.742110e-03
4.800000e+00	4.900000e+00	2.146420e-03	1.730860e-03	1.730860e-03
4.900000e+00	5.000000e+00	7.368490e-03	3.177646e-03	3.177646e-03
5.000000e+00	5.100000e+00	1.541000e-05	1.471442e-04	1.471442e-04
5.100000e+00	5.200000e+00	1.933953e-03	1.641656e-03	1.641656e-03
5.200000e+00	5.300000e+00	2.559957e-03	1.884988e-03	1.884988e-03
5.300000e+00	5.400000e+00	3.541547e-03	2.210512e-03	2.210512e-03
5.400000e+00	5.500000e+00	1.915488e-03	1.631337e-03	1.631337e-03
5.500000e+00	5.600000e+00	1.020820e-03	1.193488e-03	1.193488e-03
5.600000e+00	5.700000e+00	1.917208e-03	1.629853e-03	1.629853e-03
5.700000e+00	5.800000e+00	1.164513e-03	1.272241e-03	1.272241e-03
5.800000e+00	5.900000e+00	8.572454e-04	1.092099e-03	1.092099e-03
5.900000e+00	6.000000e+00	3.868198e-03	2.281564e-03	2.281564e-03
6.000000e+00	6.100000e+00	1.097143e-04	3.923522e-04	3.923522e-04
6.100000e+00	6.200000e+00	1.002788e-05	1.186913e-04	1.186913e-04
6.200000e+00	6.300000e+00	1.786029e-06	5.009459e-05	5.009459e-05
6.300000e+00	6.400000e+00	2.035399e-04	5.336567e-04	5.336567e-04
6.400000e+00	6.500000e+00	1.036433e-03	1.192507e-03	1.192507e-03
6.500000e+00	6.600000e+00	1.668345e-03	1.492817e-03	1.492817e-03
6.600000e+00	6.700000e+00	1.070263e-03	1.198025e-03	1.198025e-03
6.700000e+00	6.800000e+00	1.803308e-04	5.011115e-04	5.011115e-04
6.800000e+00	6.900000e+00	2.760481e-04	6.175390e-04	6.175390e-04
6.900000e+00	7.000000e+00	3.201490e-05	2.118818e-04	2.118818e-04
7.000000e+00	7.100000e+00	1.683070e-05	1.536930e-04	1.536930e-04
7.100000e+00	7.200000e+00	1.683070e-05	1.536930e-04	1.536930e-04
7.200000e+00	7.300000e+00	2.208380e-04	5.523430e-04	5.523430e-04
7.300000e+00	7.400000e+00	2.862786e-05	2.001535e-04	2.001535e-04
7.400000e+00	7.500000e+00	1.814056e-04	4.997060e-04	4.997060e-04
7.500000e+00	7.600000e+00	1.289072e-03	1.146988e-03	1.146988e-03
7.600000e+00	7.700000e+00	6.527313e-04	9.046993e-04	9.046993e-04
7.700000e+00	7.800000e+00	6.527313e-04	9.046993e-04	9.046993e-04
7.800000e+00	7.900000e+00	4.411402e-05	2.476629e-04	2.476629e-04
7.900000e+00	8.000000e+00	3.706330e-05	2.273842e-04	2.273842e-04
8.000000e+00	8.100000e+00	6.201319e-04	7.995670e-04	7.995670e-04
8.100000e+00	8.200000e+00	7.004184e-08	9.920313e-06	9.920313e-06
8.200000e+00	8.300000e+00	1.400837e-07	1.402944e-05	1.402944e-05
8.300000e+00	8.400000e+00	0.000000e+00	0.000000e+00	0.000000e+00
8.400000e+00	8.500000e+00	3.502093e-08	7.014722e-06	7.014722e-06
8.500000e+00	8.600000e+00	3.502093e-08	7.014722e-06	7.014722e-06
8.600000e+00	8.700000e+00	0.000000e+00	0.000000e+00	0.000000e+00
8.700000e+00	8.800000e+00	6.975935e-04	4.932729e-04	4.932729e-04
8.800000e+00	8.900000e+00	0.000000e+00	0.000000e+00	0.000000e+00
8.900000e+00	9.000000e+00	0.000000e+00	0.000000e+00	0.000000e+00
9.000000e+00	9.100000e+00	0.000000e+00	0.000000e+00	0.000000e+00
9.100000e+00	9.200000e+00	0.000000e+00	0.000000e+00	0.000000e+00
9.200000e+00	9.300000e+00	3.537569e-04	3.537569e-04	3.537569e-04
9.300000e+00	9.400000e+00	0.000000e+00	0.000000e+00	0.000000e+00
9.400000e+00	9.500000e+00	3.537569e-04	3.537569e-04	3.537569e-04
9.500000e+00	9.600000e+00	0.000000e+00	0.000000e+00	0.000000e+00
9.600000e+00	9.700000e+00	0.000000e+00	0.000000e+00	0.000000e+00
9.700000e+00	9.800000e+00	0.000000e+00	0.000000e+00	0.000000e+00
9.800000e+00	9.900000e+00	0.000000e+00	0.000000e+00	0.000000e+00
9.900000e+00	1.000000e+01	0.000000e+00	0.000000e+00	0.000000e+00
1.000000e+01	1.010000e+01	3.537569e-04	3.537569e-04	3.537569e-04
1.010000e+01	1.020000e+01	0.000000e+00	0.000000e+00	0.000000e+00
1.020000e+01	1.030000e+01	0.000000e+00	0.000000e+00	0.000000e+00
1.030000e+01	1.040000e+01	0.000000e+00	0.000000e+00	0.000000e+00
1.040000e+01	1.050000e+01	0.000000e+00	0.000000e+00	0.000000e+00
1.050000e+01	1.060000e+01	3.537569e-04	3.537569e-04	3.537569e-04
1.060000e+01	1.070000e+01	3.537569e-04	3.537569e-04	3.537569e-04
1.070000e+01	1.080000e+01	0.000000e+00	0.000000e+00	0.000000e+00
1.080000e+01	1.090000e+01	0.000000e+00	0.000000e+00	0.000000e+00
1.090000e+01	1.100000e+01	0.000000e+00	0.000000e+00	0.000000e+00
1.100000e+01	1.110000e+01	0.000000e+00	0.000000e+00	0.000000e+00
1.110000e+01	1.120000e+01	0.000000e+00	0.000000e+00	0.000000e+00
1.120000e+01	1.130000e+01	0.000000e+00	0.000000e+00	0.000000e+00
1.130000e+01	1.140000e+01	0.000000e+00	0.000000e+00	0.000000e+00
1.140000e+01	1.150000e+01	0.000000e+00	0.000000e+00	0.000000e+00
1.150000e+01	1.160000e+01	0.000000e+00	0.000000e+00	0.000000e+00
1.160000e+01	1.170000e+01	0.000000e+00	0.000000e+00	0.000000e+00
1.170000e+01	1.180000e+01	0.000000e+00	0.000000e+00	0.000000e+00
1.180000e+01	1.190000e+01	0.000000e+00	0.000000e+00	0.000000e+00
1.190000e+01	1.200000e+01	0.000000e+00	0.000000e+00	0.000000e+00
1.200000e+01	1.210000e+01	0.000000e+00	0.000000e+00	0.000000e+00
1.210000e+01	1.220000e+01	0.000000e+00	0.000000e+00	0.000000e+00
1.220000e+01	1.230000e+01	0.000000e+00	0.000000e+00	0.000000e+00
1.230000e+01	1.240000e+01	0.000000e+00	0.000000e+00	0.000000e+00
1.240000e+01	1.250000e+01	0.000000e+00	0.000000e+00	0.000000e+00
1.250000e+01	1.260000e+01	0.000000e+00	0.000000e+00	0.000000e+00
1.260000e+01	1.270000e+01	0.000000e+00	0.000000e+00	0.000000e+00
1.270000e+01	1.280000e+01	0.000000e+00	0.000000e+00	0.000000e+00
1.280000e+01	1.290000e+01	0.000000e+00	0.000000e+00	0.000000e+00
1.290000e+01	1.300000e+01	0.000000e+00	0.000000e+00	0.000000e+00
1.300000e+01	1.310000e+01	0.000000e+00	0.000000e+00	0.000000e+00
1.310000e+01	1.320000e+01	0.000000e+00	0.000000e+00	0.000000e+00
1.320000e+01	1.330000e+01	0.000000e+00	0.000000e+00	0.000000e+00
1.330000e+01	1.340000e+01	0.000000e+00	0.000000e+00	0.000000e+00
1.340000e+01	1.350000e+01	0.000000e+00	0.000000e+00	0.000000e+00
1.350000e+01	1.360000e+01	0.000000e+00	0.000000e+00	0.000000e+00
1.360000e+01	1.370000e+01	0.000000e+00	0.000000e+00	0.000000e+00
1.370000e+01	1.380000e+01	0.000000e+00	0.000000e+00	0.000000e+00
1.380000e+01	1.390000e+01	0.000000e+00	0.000000e+00	0.000000e+00
1.390000e+01	1.400000e+01	0.000000e+00	0.000000e+00	0.000000e+00
1.400000e+01	1.410000e+01	0.000000e+00	0.000000e+00	0.000000e+00
1.410000e+01	1.420000e+01	0.000000e+00	0.000000e+00	0.000000e+00
1.420000e+01	1.430000e+01	0.000000e+00	0.000000e+00	0.000000e+00
1.430000e+01	1.440000e+01	0.000000e+00	0.000000e+00	0.000000e+00
1.440000e+01	1.450000e+01	0.000000e+00	0.000000e+00	0.000000e+00
1.450000e+01	1.460000e+01	0.000000e+00	0.000000e+00	0.000000e+00
1.460000e+01	1.470000e+01	0.000000e+00	0.000000e+00	0.000000e+00
1.470000e+01	1.480000e+01	0.000000e+00	0.000000e+00	0.000000e+00
1.480000e+01	1.490000e+01	0.000000e+00	0.000000e+00	0.000000e+00
1.490000e+01	1.500000e+01	0.000000e+00	0.000000e+00	0.000000e+00
# END HISTO1D

# BEGIN HISTO1D //home/frederic/Work/Software/LesHouches2017/lh2017-alphas/pythia-alphas/robustness/gluon-as013650-as015015-truth.yoda/MC_LHJSS_Zjet/log_Angularity_zcut_0.2_beta_0_alpha_1
LineColor=blue
LineStyle=solid
NormalizeToSum=1
Path=//home/frederic/Work/Software/LesHouches2017/lh2017-alphas/pythia-alphas/robustness/gluon-as013650-as015015-truth.yoda/MC_LHJSS_Zjet/log_Angularity_zcut_0.2_beta_0_alpha_1
ScaledBy=1.0
Title=gluon-as013650-as015015-truth
XLabel=
YLabel=
# xlow	 xhigh	 val	 errminus	 errplus
0.000000e+00	1.000000e-01	0.000000e+00	0.000000e+00	0.000000e+00
1.000000e-01	2.000000e-01	3.426535e-04	3.426535e-04	3.426535e-04
2.000000e-01	3.000000e-01	3.487967e-04	3.487966e-04	3.487966e-04
3.000000e-01	4.000000e-01	9.864399e-04	1.020747e-03	1.020747e-03
4.000000e-01	5.000000e-01	1.897521e-04	5.051634e-04	5.051634e-04
5.000000e-01	6.000000e-01	2.668104e-04	6.042213e-04	6.042213e-04
6.000000e-01	7.000000e-01	3.905816e-04	7.320467e-04	7.320467e-04
7.000000e-01	8.000000e-01	7.900677e-04	1.040327e-03	1.040327e-03
8.000000e-01	9.000000e-01	8.047299e-06	1.054889e-04	1.054889e-04
9.000000e-01	1.000000e+00	3.895625e-04	7.330948e-04	7.330948e-04
1.000000e+00	1.100000e+00	3.959579e-04	7.392868e-04	7.392868e-04
1.100000e+00	1.200000e+00	1.137987e-06	3.967007e-05	3.967007e-05
1.200000e+00	1.300000e+00	4.460774e-04	7.847461e-04	7.847461e-04
1.300000e+00	1.400000e+00	8.487866e-04	1.081701e-03	1.081701e-03
1.400000e+00	1.500000e+00	2.051760e-04	5.324701e-04	5.324701e-04
1.500000e+00	1.600000e+00	7.159501e-05	3.146177e-04	3.146177e-04
1.600000e+00	1.700000e+00	2.366175e-03	1.801281e-03	1.801281e-03
1.700000e+00	1.800000e+00	1.326504e-06	4.283007e-05	4.283007e-05
1.800000e+00	1.900000e+00	2.149061e-03	1.717842e-03	1.717842e-03
1.900000e+00	2.000000e+00	2.475123e-04	5.847883e-04	5.847883e-04
2.000000e+00	2.100000e+00	1.134932e-04	3.960973e-04	3.960973e-04
2.100000e+00	2.200000e+00	1.783779e-03	1.565531e-03	1.565531e-03
2.200000e+00	2.300000e+00	1.843568e-04	5.047518e-04	5.047518e-04
2.300000e+00	2.400000e+00	1.409843e-03	1.392518e-03	1.392518e-03
2.400000e+00	2.500000e+00	5.801623e-05	2.832194e-04	2.832194e-04
2.500000e+00	2.600000e+00	5.449602e-04	8.672968e-04	8.672968e-04
2.600000e+00	2.700000e+00	7.196755e-06	9.976046e-05	9.976046e-05
2.700000e+00	2.800000e+00	7.322635e-04	1.005041e-03	1.005041e-03
2.800000e+00	2.900000e+00	1.508938e-04	4.566849e-04	4.566849e-04
2.900000e+00	3.000000e+00	3.047023e-05	2.052616e-04	2.052616e-04
3.000000e+00	3.100000e+00	1.104569e-03	1.233348e-03	1.233348e-03
3.100000e+00	3.200000e+00	3.570039e-05	2.221791e-04	2.221791e-04
3.200000e+00	3.300000e+00	2.028526e-05	1.674824e-04	1.674824e-04
3.300000e+00	3.400000e+00	2.379911e-04	5.734303e-04	5.734303e-04
3.400000e+00	3.500000e+00	6.566675e-06	9.529332e-05	9.529332e-05
3.500000e+00	3.600000e+00	2.181577e-03	1.729021e-03	1.729021e-03
3.600000e+00	3.700000e+00	4.222809e-05	2.416349e-04	2.416349e-04
3.700000e+00	3.800000e+00	1.794760e-03	1.570125e-03	1.570125e-03
3.800000e+00	3.900000e+00	6.737227e-04	9.639802e-04	9.639802e-04
3.900000e+00	4.000000e+00	5.009526e-04	8.316147e-04	8.316147e-04
4.000000e+00	4.100000e+00	1.642144e-04	4.764199e-04	4.764199e-04
4.100000e+00	4.200000e+00	1.899365e-03	1.616007e-03	1.616007e-03
4.200000e+00	4.300000e+00	2.010944e-03	1.662403e-03	1.662403e-03
4.300000e+00	4.400000e+00	2.500420e-05	1.859457e-04	1.859457e-04
4.400000e+00	4.500000e+00	7.378179e-05	3.193902e-04	3.193902e-04
4.500000e+00	4.600000e+00	3.125289e-07	2.078932e-05	2.078932e-05
4.600000e+00	4.700000e+00	2.248220e-03	1.756812e-03	1.756812e-03
4.700000e+00	4.800000e+00	2.359629e-03	1.798790e-03	1.798790e-03
4.800000e+00	4.900000e+00	1.816880e-03	1.579699e-03	1.579699e-03
4.900000e+00	5.000000e+00	3.152442e-04	6.598208e-04	6.598208e-04
5.000000e+00	5.100000e+00	1.580315e-03	1.473402e-03	1.473402e-03
5.100000e+00	5.200000e+00	2.369226e-03	1.798521e-03	1.798521e-03
5.200000e+00	5.300000e+00	1.728848e-03	1.538050e-03	1.538050e-03
5.300000e+00	5.400000e+00	2.421046e-03	1.814332e-03	1.814332e-03
5.400000e+00	5.500000e+00	2.102847e-03	1.691517e-03	1.691517e-03
5.500000e+00	5.600000e+00	4.490860e-03	2.439558e-03	2.439558e-03
5.600000e+00	5.700000e+00	3.426951e-03	2.138541e-03	2.138541e-03
5.700000e+00	5.800000e+00	9.661558e-04	1.149267e-03	1.149267e-03
5.800000e+00	5.900000e+00	3.414770e-04	6.855463e-04	6.855463e-04
5.900000e+00	6.000000e+00	5.874289e-04	8.970804e-04	8.970804e-04
6.000000e+00	6.100000e+00	4.384602e-03	2.363188e-03	2.363188e-03
6.100000e+00	6.200000e+00	1.549713e-04	4.622155e-04	4.622155e-04
6.200000e+00	6.300000e+00	2.237694e-04	5.548611e-04	5.548611e-04
6.300000e+00	6.400000e+00	1.204654e-03	1.269499e-03	1.269499e-03
6.400000e+00	6.500000e+00	1.739736e-03	1.502505e-03	1.502505e-03
6.500000e+00	6.600000e+00	5.305902e-04	8.458317e-04	8.458317e-04
6.600000e+00	6.700000e+00	1.879971e-04	5.068206e-04	5.068206e-04
6.700000e+00	6.800000e+00	1.196040e-03	1.240333e-03	1.240333e-03
6.800000e+00	6.900000e+00	2.377112e-04	5.676468e-04	5.676468e-04
6.900000e+00	7.000000e+00	3.099282e-04	6.475509e-04	6.475509e-04
7.000000e+00	7.100000e+00	1.885034e-05	1.613425e-04	1.613425e-04
7.100000e+00	7.200000e+00	1.052092e-03	1.142213e-03	1.142213e-03
7.200000e+00	7.300000e+00	7.266484e-04	9.577201e-04	9.577201e-04
7.300000e+00	7.400000e+00	9.864399e-04	1.020747e-03	1.020747e-03
7.400000e+00	7.500000e+00	2.576041e-04	5.839257e-04	5.839257e-04
7.500000e+00	7.600000e+00	1.214498e-03	1.110799e-03	1.110799e-03
7.600000e+00	7.700000e+00	1.069610e-03	1.093087e-03	1.093087e-03
7.700000e+00	7.800000e+00	2.246094e-03	1.267635e-03	1.267635e-03
7.800000e+00	7.900000e+00	2.422160e-04	5.529399e-04	5.529399e-04
7.900000e+00	8.000000e+00	1.743984e-03	7.799330e-04	7.799330e-04
8.000000e+00	8.100000e+00	6.374728e-04	7.996664e-04	7.996664e-04
8.100000e+00	8.200000e+00	1.211082e-04	3.909877e-04	3.909877e-04
8.200000e+00	8.300000e+00	1.395186e-03	6.975934e-04	6.975934e-04
8.300000e+00	8.400000e+00	3.426535e-04	3.426535e-04	3.426535e-04
8.400000e+00	8.500000e+00	3.487967e-04	3.487966e-04	3.487966e-04
8.500000e+00	8.600000e+00	5.457847e-08	8.687469e-06	8.687469e-06
8.600000e+00	8.700000e+00	0.000000e+00	0.000000e+00	0.000000e+00
8.700000e+00	8.800000e+00	6.975935e-04	4.932729e-04	4.932729e-04
8.800000e+00	8.900000e+00	0.000000e+00	0.000000e+00	0.000000e+00
8.900000e+00	9.000000e+00	0.000000e+00	0.000000e+00	0.000000e+00
9.000000e+00	9.100000e+00	0.000000e+00	0.000000e+00	0.000000e+00
9.100000e+00	9.200000e+00	3.426535e-04	3.426535e-04	3.426535e-04
9.200000e+00	9.300000e+00	0.000000e+00	0.000000e+00	0.000000e+00
9.300000e+00	9.400000e+00	0.000000e+00	0.000000e+00	0.000000e+00
9.400000e+00	9.500000e+00	0.000000e+00	0.000000e+00	0.000000e+00
9.500000e+00	9.600000e+00	0.000000e+00	0.000000e+00	0.000000e+00
9.600000e+00	9.700000e+00	0.000000e+00	0.000000e+00	0.000000e+00
9.700000e+00	9.800000e+00	0.000000e+00	0.000000e+00	0.000000e+00
9.800000e+00	9.900000e+00	0.000000e+00	0.000000e+00	0.000000e+00
9.900000e+00	1.000000e+01	0.000000e+00	0.000000e+00	0.000000e+00
1.000000e+01	1.010000e+01	0.000000e+00	0.000000e+00	0.000000e+00
1.010000e+01	1.020000e+01	0.000000e+00	0.000000e+00	0.000000e+00
1.020000e+01	1.030000e+01	0.000000e+00	0.000000e+00	0.000000e+00
1.030000e+01	1.040000e+01	0.000000e+00	0.000000e+00	0.000000e+00
1.040000e+01	1.050000e+01	0.000000e+00	0.000000e+00	0.000000e+00
1.050000e+01	1.060000e+01	0.000000e+00	0.000000e+00	0.000000e+00
1.060000e+01	1.070000e+01	0.000000e+00	0.000000e+00	0.000000e+00
1.070000e+01	1.080000e+01	0.000000e+00	0.000000e+00	0.000000e+00
1.080000e+01	1.090000e+01	0.000000e+00	0.000000e+00	0.000000e+00
1.090000e+01	1.100000e+01	0.000000e+00	0.000000e+00	0.000000e+00
1.100000e+01	1.110000e+01	0.000000e+00	0.000000e+00	0.000000e+00
1.110000e+01	1.120000e+01	0.000000e+00	0.000000e+00	0.000000e+00
1.120000e+01	1.130000e+01	0.000000e+00	0.000000e+00	0.000000e+00
1.130000e+01	1.140000e+01	0.000000e+00	0.000000e+00	0.000000e+00
1.140000e+01	1.150000e+01	0.000000e+00	0.000000e+00	0.000000e+00
1.150000e+01	1.160000e+01	0.000000e+00	0.000000e+00	0.000000e+00
1.160000e+01	1.170000e+01	0.000000e+00	0.000000e+00	0.000000e+00
1.170000e+01	1.180000e+01	0.000000e+00	0.000000e+00	0.000000e+00
1.180000e+01	1.190000e+01	0.000000e+00	0.000000e+00	0.000000e+00
1.190000e+01	1.200000e+01	0.000000e+00	0.000000e+00	0.000000e+00
1.200000e+01	1.210000e+01	0.000000e+00	0.000000e+00	0.000000e+00
1.210000e+01	1.220000e+01	0.000000e+00	0.000000e+00	0.000000e+00
1.220000e+01	1.230000e+01	0.000000e+00	0.000000e+00	0.000000e+00
1.230000e+01	1.240000e+01	0.000000e+00	0.000000e+00	0.000000e+00
1.240000e+01	1.250000e+01	0.000000e+00	0.000000e+00	0.000000e+00
1.250000e+01	1.260000e+01	0.000000e+00	0.000000e+00	0.000000e+00
1.260000e+01	1.270000e+01	0.000000e+00	0.000000e+00	0.000000e+00
1.270000e+01	1.280000e+01	0.000000e+00	0.000000e+00	0.000000e+00
1.280000e+01	1.290000e+01	0.000000e+00	0.000000e+00	0.000000e+00
1.290000e+01	1.300000e+01	0.000000e+00	0.000000e+00	0.000000e+00
1.300000e+01	1.310000e+01	0.000000e+00	0.000000e+00	0.000000e+00
1.310000e+01	1.320000e+01	0.000000e+00	0.000000e+00	0.000000e+00
1.320000e+01	1.330000e+01	0.000000e+00	0.000000e+00	0.000000e+00
1.330000e+01	1.340000e+01	0.000000e+00	0.000000e+00	0.000000e+00
1.340000e+01	1.350000e+01	0.000000e+00	0.000000e+00	0.000000e+00
1.350000e+01	1.360000e+01	0.000000e+00	0.000000e+00	0.000000e+00
1.360000e+01	1.370000e+01	0.000000e+00	0.000000e+00	0.000000e+00
1.370000e+01	1.380000e+01	0.000000e+00	0.000000e+00	0.000000e+00
1.380000e+01	1.390000e+01	0.000000e+00	0.000000e+00	0.000000e+00
1.390000e+01	1.400000e+01	0.000000e+00	0.000000e+00	0.000000e+00
1.400000e+01	1.410000e+01	0.000000e+00	0.000000e+00	0.000000e+00
1.410000e+01	1.420000e+01	0.000000e+00	0.000000e+00	0.000000e+00
1.420000e+01	1.430000e+01	0.000000e+00	0.000000e+00	0.000000e+00
1.430000e+01	1.440000e+01	0.000000e+00	0.000000e+00	0.000000e+00
1.440000e+01	1.450000e+01	0.000000e+00	0.000000e+00	0.000000e+00
1.450000e+01	1.460000e+01	0.000000e+00	0.000000e+00	0.000000e+00
1.460000e+01	1.470000e+01	0.000000e+00	0.000000e+00	0.000000e+00
1.470000e+01	1.480000e+01	0.000000e+00	0.000000e+00	0.000000e+00
1.480000e+01	1.490000e+01	0.000000e+00	0.000000e+00	0.000000e+00
1.490000e+01	1.500000e+01	0.000000e+00	0.000000e+00	0.000000e+00
# END HISTO1D

# BEGIN HISTO1D //home/frederic/Work/Software/LesHouches2017/lh2017-alphas/pythia-alphas/robustness/as013650-gluon-robustness.yoda/MC_LHJSS_Zjet/log_Angularity_zcut_0.2_beta_0_alpha_1
LineColor=green
LineStyle=solid
NormalizeToSum=1
Path=//home/frederic/Work/Software/LesHouches2017/lh2017-alphas/pythia-alphas/robustness/as013650-gluon-robustness.yoda/MC_LHJSS_Zjet/log_Angularity_zcut_0.2_beta_0_alpha_1
ScaledBy=1.0
Title=as013650-gluon-robustness
XLabel=
YLabel=
# xlow	 xhigh	 val	 errminus	 errplus
0.000000e+00	1.000000e-01	0.000000e+00	0.000000e+00	0.000000e+00
1.000000e-01	2.000000e-01	0.000000e+00	0.000000e+00	0.000000e+00
2.000000e-01	3.000000e-01	8.676176e-05	2.532102e-04	2.532102e-04
3.000000e-01	4.000000e-01	7.645553e-04	7.364235e-04	7.364235e-04
4.000000e-01	5.000000e-01	1.952254e-07	1.280529e-05	1.280529e-05
5.000000e-01	6.000000e-01	2.225809e-04	4.300268e-04	4.300268e-04
6.000000e-01	7.000000e-01	2.815414e-04	4.846474e-04	4.846474e-04
7.000000e-01	8.000000e-01	7.868839e-05	2.569574e-04	2.569574e-04
8.000000e-01	9.000000e-01	6.831952e-04	7.553460e-04	7.553460e-04
9.000000e-01	1.000000e+00	1.124546e-04	3.072227e-04	3.072227e-04
1.000000e+00	1.100000e+00	1.141605e-03	9.762561e-04	9.762561e-04
1.100000e+00	1.200000e+00	1.135618e-04	3.087673e-04	3.087673e-04
1.200000e+00	1.300000e+00	1.205743e-03	1.004011e-03	1.004011e-03
1.300000e+00	1.400000e+00	3.236204e-06	5.213675e-05	5.213675e-05
1.400000e+00	1.500000e+00	4.085236e-06	5.857793e-05	5.857793e-05
1.500000e+00	1.600000e+00	5.500431e-04	6.790320e-04	6.790320e-04
1.600000e+00	1.700000e+00	1.670780e-04	3.744961e-04	3.744961e-04
1.700000e+00	1.800000e+00	5.980131e-05	2.240978e-04	2.240978e-04
1.800000e+00	1.900000e+00	3.207330e-06	5.190368e-05	5.190368e-05
1.900000e+00	2.000000e+00	2.506155e-05	1.450817e-04	1.450817e-04
2.000000e+00	2.100000e+00	1.299350e-03	1.042355e-03	1.042355e-03
2.100000e+00	2.200000e+00	3.827004e-04	5.665505e-04	5.665505e-04
2.200000e+00	2.300000e+00	5.647674e-05	2.177799e-04	2.177799e-04
2.300000e+00	2.400000e+00	6.069972e-04	7.131696e-04	7.131696e-04
2.400000e+00	2.500000e+00	4.459842e-06	6.120473e-05	6.120473e-05
2.500000e+00	2.600000e+00	1.464305e-05	1.109004e-04	1.109004e-04
2.600000e+00	2.700000e+00	9.073509e-04	8.715875e-04	8.715875e-04
2.700000e+00	2.800000e+00	1.709896e-03	1.194883e-03	1.194883e-03
2.800000e+00	2.900000e+00	2.356310e-04	4.446893e-04	4.446893e-04
2.900000e+00	3.000000e+00	2.512470e-05	1.452639e-04	1.452639e-04
3.000000e+00	3.100000e+00	2.045874e-06	4.145400e-05	4.145400e-05
3.100000e+00	3.200000e+00	3.385776e-04	5.329341e-04	5.329341e-04
3.200000e+00	3.300000e+00	4.035472e-05	1.840953e-04	1.840953e-04
3.300000e+00	3.400000e+00	1.676883e-04	3.751755e-04	3.751755e-04
3.400000e+00	3.500000e+00	2.388625e-05	1.416386e-04	1.416386e-04
3.500000e+00	3.600000e+00	6.834646e-04	7.565313e-04	7.565313e-04
3.600000e+00	3.700000e+00	1.937282e-06	4.033886e-05	4.033886e-05
3.700000e+00	3.800000e+00	1.107746e-05	9.645816e-05	9.645816e-05
3.800000e+00	3.900000e+00	2.773989e-04	4.824200e-04	4.824200e-04
3.900000e+00	4.000000e+00	2.259187e-03	1.371491e-03	1.371491e-03
4.000000e+00	4.100000e+00	1.036331e-02	2.895758e-03	2.895758e-03
4.100000e+00	4.200000e+00	5.586108e-03	2.143322e-03	2.143322e-03
4.200000e+00	4.300000e+00	3.894245e-03	1.795243e-03	1.795243e-03
4.300000e+00	4.400000e+00	1.129682e-02	3.020180e-03	3.020180e-03
4.400000e+00	4.500000e+00	1.150878e-02	3.046211e-03	3.046211e-03
4.500000e+00	4.600000e+00	6.377690e-03	2.286364e-03	2.286364e-03
4.600000e+00	4.700000e+00	1.462921e-02	3.413728e-03	3.413728e-03
4.700000e+00	4.800000e+00	9.826455e-03	2.819294e-03	2.819294e-03
4.800000e+00	4.900000e+00	6.802729e-03	2.358396e-03	2.358396e-03
4.900000e+00	5.000000e+00	2.861631e-03	1.540326e-03	1.540326e-03
5.000000e+00	5.100000e+00	4.780364e-03	1.983015e-03	1.983015e-03
5.100000e+00	5.200000e+00	5.625460e-04	6.864335e-04	6.864335e-04
5.200000e+00	5.300000e+00	1.946636e-04	4.041416e-04	4.041416e-04
5.300000e+00	5.400000e+00	8.303213e-06	8.351048e-05	8.351048e-05
5.400000e+00	5.500000e+00	4.333124e-04	6.024629e-04	6.024629e-04
5.500000e+00	5.600000e+00	1.199030e-03	9.994059e-04	9.994059e-04
5.600000e+00	5.700000e+00	1.011378e-03	9.180863e-04	9.180863e-04
5.700000e+00	5.800000e+00	3.043037e-03	1.576893e-03	1.576893e-03
5.800000e+00	5.900000e+00	4.074813e-03	1.810222e-03	1.810222e-03
5.900000e+00	6.000000e+00	2.950547e-03	1.546538e-03	1.546538e-03
6.000000e+00	6.100000e+00	1.709607e-03	1.186163e-03	1.186163e-03
6.100000e+00	6.200000e+00	2.640834e-03	1.458929e-03	1.458929e-03
6.200000e+00	6.300000e+00	1.368286e-03	1.058763e-03	1.058763e-03
6.300000e+00	6.400000e+00	9.627176e-08	8.992447e-06	8.992447e-06
6.400000e+00	6.500000e+00	1.778796e-05	1.222046e-04	1.222046e-04
6.500000e+00	6.600000e+00	1.386717e-04	3.404077e-04	3.404077e-04
6.600000e+00	6.700000e+00	2.416980e-04	4.477976e-04	4.477976e-04
6.700000e+00	6.800000e+00	8.973920e-05	2.739646e-04	2.739646e-04
6.800000e+00	6.900000e+00	1.204023e-07	1.005644e-05	1.005644e-05
6.900000e+00	7.000000e+00	3.253306e-04	5.169792e-04	5.169792e-04
7.000000e+00	7.100000e+00	3.183168e-04	5.103100e-04	5.103100e-04
7.100000e+00	7.200000e+00	4.148521e-04	5.800268e-04	5.800268e-04
7.200000e+00	7.300000e+00	8.389759e-04	7.987683e-04	7.987683e-04
7.300000e+00	7.400000e+00	4.152965e-04	5.668235e-04	5.668235e-04
7.400000e+00	7.500000e+00	3.441048e-04	5.224665e-04	5.224665e-04
7.500000e+00	7.600000e+00	1.376870e-04	3.301825e-04	3.301825e-04
7.600000e+00	7.700000e+00	1.415413e-03	9.537823e-04	9.537823e-04
7.700000e+00	7.800000e+00	1.307454e-03	9.287279e-04	9.287279e-04
7.800000e+00	7.900000e+00	2.796584e-04	4.611689e-04	4.611689e-04
7.900000e+00	8.000000e+00	3.047266e-04	4.849140e-04	4.849140e-04
8.000000e+00	8.100000e+00	2.216328e-04	4.153617e-04	4.153617e-04
8.100000e+00	8.200000e+00	1.108166e-04	2.937053e-04	2.937053e-04
8.200000e+00	8.300000e+00	6.168073e-04	6.317606e-04	6.317606e-04
8.300000e+00	8.400000e+00	3.559124e-04	1.591689e-04	1.591689e-04
8.400000e+00	8.500000e+00	1.835082e-04	3.331418e-04	3.331418e-04
8.500000e+00	8.600000e+00	8.676176e-05	2.532102e-04	2.532102e-04
8.600000e+00	8.700000e+00	7.118250e-05	7.118248e-05	7.118248e-05
8.700000e+00	8.800000e+00	6.975935e-04	4.932729e-04	4.932729e-04
8.800000e+00	8.900000e+00	0.000000e+00	0.000000e+00	0.000000e+00
8.900000e+00	9.000000e+00	7.118250e-05	7.118248e-05	7.118248e-05
9.000000e+00	9.100000e+00	0.000000e+00	0.000000e+00	0.000000e+00
9.100000e+00	9.200000e+00	0.000000e+00	0.000000e+00	0.000000e+00
9.200000e+00	9.300000e+00	7.118250e-05	7.118248e-05	7.118248e-05
9.300000e+00	9.400000e+00	2.135475e-04	1.232917e-04	1.232917e-04
9.400000e+00	9.500000e+00	0.000000e+00	0.000000e+00	0.000000e+00
9.500000e+00	9.600000e+00	0.000000e+00	0.000000e+00	0.000000e+00
9.600000e+00	9.700000e+00	0.000000e+00	0.000000e+00	0.000000e+00
9.700000e+00	9.800000e+00	0.000000e+00	0.000000e+00	0.000000e+00
9.800000e+00	9.900000e+00	0.000000e+00	0.000000e+00	0.000000e+00
9.900000e+00	1.000000e+01	0.000000e+00	0.000000e+00	0.000000e+00
1.000000e+01	1.010000e+01	0.000000e+00	0.000000e+00	0.000000e+00
1.010000e+01	1.020000e+01	7.118250e-05	7.118248e-05	7.118248e-05
1.020000e+01	1.030000e+01	0.000000e+00	0.000000e+00	0.000000e+00
1.030000e+01	1.040000e+01	7.118250e-05	7.118248e-05	7.118248e-05
1.040000e+01	1.050000e+01	0.000000e+00	0.000000e+00	0.000000e+00
1.050000e+01	1.060000e+01	7.118250e-05	7.118248e-05	7.118248e-05
1.060000e+01	1.070000e+01	0.000000e+00	0.000000e+00	0.000000e+00
1.070000e+01	1.080000e+01	0.000000e+00	0.000000e+00	0.000000e+00
1.080000e+01	1.090000e+01	0.000000e+00	0.000000e+00	0.000000e+00
1.090000e+01	1.100000e+01	0.000000e+00	0.000000e+00	0.000000e+00
1.100000e+01	1.110000e+01	0.000000e+00	0.000000e+00	0.000000e+00
1.110000e+01	1.120000e+01	0.000000e+00	0.000000e+00	0.000000e+00
1.120000e+01	1.130000e+01	7.118250e-05	7.118248e-05	7.118248e-05
1.130000e+01	1.140000e+01	0.000000e+00	0.000000e+00	0.000000e+00
1.140000e+01	1.150000e+01	0.000000e+00	0.000000e+00	0.000000e+00
1.150000e+01	1.160000e+01	0.000000e+00	0.000000e+00	0.000000e+00
1.160000e+01	1.170000e+01	0.000000e+00	0.000000e+00	0.000000e+00
1.170000e+01	1.180000e+01	0.000000e+00	0.000000e+00	0.000000e+00
1.180000e+01	1.190000e+01	0.000000e+00	0.000000e+00	0.000000e+00
1.190000e+01	1.200000e+01	0.000000e+00	0.000000e+00	0.000000e+00
1.200000e+01	1.210000e+01	0.000000e+00	0.000000e+00	0.000000e+00
1.210000e+01	1.220000e+01	0.000000e+00	0.000000e+00	0.000000e+00
1.220000e+01	1.230000e+01	0.000000e+00	0.000000e+00	0.000000e+00
1.230000e+01	1.240000e+01	0.000000e+00	0.000000e+00	0.000000e+00
1.240000e+01	1.250000e+01	0.000000e+00	0.000000e+00	0.000000e+00
1.250000e+01	1.260000e+01	0.000000e+00	0.000000e+00	0.000000e+00
1.260000e+01	1.270000e+01	0.000000e+00	0.000000e+00	0.000000e+00
1.270000e+01	1.280000e+01	0.000000e+00	0.000000e+00	0.000000e+00
1.280000e+01	1.290000e+01	0.000000e+00	0.000000e+00	0.000000e+00
1.290000e+01	1.300000e+01	0.000000e+00	0.000000e+00	0.000000e+00
1.300000e+01	1.310000e+01	0.000000e+00	0.000000e+00	0.000000e+00
1.310000e+01	1.320000e+01	0.000000e+00	0.000000e+00	0.000000e+00
1.320000e+01	1.330000e+01	0.000000e+00	0.000000e+00	0.000000e+00
1.330000e+01	1.340000e+01	0.000000e+00	0.000000e+00	0.000000e+00
1.340000e+01	1.350000e+01	0.000000e+00	0.000000e+00	0.000000e+00
1.350000e+01	1.360000e+01	0.000000e+00	0.000000e+00	0.000000e+00
1.360000e+01	1.370000e+01	0.000000e+00	0.000000e+00	0.000000e+00
1.370000e+01	1.380000e+01	0.000000e+00	0.000000e+00	0.000000e+00
1.380000e+01	1.390000e+01	0.000000e+00	0.000000e+00	0.000000e+00
1.390000e+01	1.400000e+01	0.000000e+00	0.000000e+00	0.000000e+00
1.400000e+01	1.410000e+01	0.000000e+00	0.000000e+00	0.000000e+00
1.410000e+01	1.420000e+01	0.000000e+00	0.000000e+00	0.000000e+00
1.420000e+01	1.430000e+01	0.000000e+00	0.000000e+00	0.000000e+00
1.430000e+01	1.440000e+01	0.000000e+00	0.000000e+00	0.000000e+00
1.440000e+01	1.450000e+01	0.000000e+00	0.000000e+00	0.000000e+00
1.450000e+01	1.460000e+01	0.000000e+00	0.000000e+00	0.000000e+00
1.460000e+01	1.470000e+01	0.000000e+00	0.000000e+00	0.000000e+00
1.470000e+01	1.480000e+01	0.000000e+00	0.000000e+00	0.000000e+00
1.480000e+01	1.490000e+01	0.000000e+00	0.000000e+00	0.000000e+00
1.490000e+01	1.500000e+01	0.000000e+00	0.000000e+00	0.000000e+00
# END HISTO1D

