# BEGIN PLOT
LegendOnly=//home/frederic/Work/Software/LesHouches2017/lh2017-alphas/pythia-alphas/robustness/gluon-as013650-as012285-truth.yoda/MC_LHJSS_Zjet/log_Angularity_zcut_0.2_beta_0_alpha_2 //home/frederic/Work/Software/LesHouches2017/lh2017-alphas/pythia-alphas/robustness/gluon-as013650-as015015-truth.yoda/MC_LHJSS_Zjet/log_Angularity_zcut_0.2_beta_0_alpha_2 //home/frederic/Work/Software/LesHouches2017/lh2017-alphas/pythia-alphas/robustness/as013650-gluon-robustness.yoda/MC_LHJSS_Zjet/log_Angularity_zcut_0.2_beta_0_alpha_2
DrawOnly=//home/frederic/Work/Software/LesHouches2017/lh2017-alphas/pythia-alphas/robustness/gluon-as013650-as012285-truth.yoda/MC_LHJSS_Zjet/log_Angularity_zcut_0.2_beta_0_alpha_2 //home/frederic/Work/Software/LesHouches2017/lh2017-alphas/pythia-alphas/robustness/gluon-as013650-as015015-truth.yoda/MC_LHJSS_Zjet/log_Angularity_zcut_0.2_beta_0_alpha_2 //home/frederic/Work/Software/LesHouches2017/lh2017-alphas/pythia-alphas/robustness/as013650-gluon-robustness.yoda/MC_LHJSS_Zjet/log_Angularity_zcut_0.2_beta_0_alpha_2
Title=Angularity, $\alpha$ = 2 $z_{cut}$ = 0.2 $\beta$ = 0
RatioPlot=1
LogX=0
LogY=0
RatioPlotYLabel=Ratio
RatioPlotReference=//home/frederic/Work/Software/LesHouches2017/lh2017-alphas/pythia-alphas/robustness/gluon-as013650-as012285-truth.yoda/MC_LHJSS_Zjet/log_Angularity_zcut_0.2_beta_0_alpha_2
XLabel=$e_\alpha$
YLabel=$1/\sigma \text{d}\sigma/\text{d}e_\alpha$
Legend=1
# END PLOT

# BEGIN HISTO1D //home/frederic/Work/Software/LesHouches2017/lh2017-alphas/pythia-alphas/robustness/gluon-as013650-as012285-truth.yoda/MC_LHJSS_Zjet/log_Angularity_zcut_0.2_beta_0_alpha_2
LineColor=red
LineStyle=solid
NormalizeToSum=1
Path=//home/frederic/Work/Software/LesHouches2017/lh2017-alphas/pythia-alphas/robustness/gluon-as013650-as012285-truth.yoda/MC_LHJSS_Zjet/log_Angularity_zcut_0.2_beta_0_alpha_2
ScaledBy=1.0
Title=gluon-as013650-as012285-truth
XLabel=
YLabel=
# xlow	 xhigh	 val	 errminus	 errplus
0.000000e+00	1.000000e-01	0.000000e+00	0.000000e+00	0.000000e+00
1.000000e-01	2.000000e-01	3.537569e-04	3.537569e-04	3.537569e-04
2.000000e-01	3.000000e-01	2.248982e-04	5.391079e-04	5.391079e-04
3.000000e-01	4.000000e-01	1.124493e-04	3.812071e-04	3.812071e-04
4.000000e-01	5.000000e-01	4.382093e-04	7.301381e-04	7.301381e-04
5.000000e-01	6.000000e-01	5.622459e-04	8.524047e-04	8.524047e-04
6.000000e-01	7.000000e-01	1.096721e-03	1.181603e-03	1.181603e-03
7.000000e-01	8.000000e-01	9.455405e-07	3.644909e-05	3.644909e-05
8.000000e-01	9.000000e-01	4.686585e-04	8.054888e-04	8.054888e-04
9.000000e-01	1.000000e+00	4.736844e-05	2.578612e-04	2.578612e-04
1.000000e+00	1.100000e+00	3.428340e-09	2.194808e-06	2.194808e-06
1.100000e+00	1.200000e+00	8.616398e-04	1.094004e-03	1.094004e-03
1.200000e+00	1.300000e+00	9.559940e-06	1.158943e-04	1.158943e-04
1.300000e+00	1.400000e+00	5.160551e-04	8.494918e-04	8.494918e-04
1.400000e+00	1.500000e+00	4.543985e-04	7.975319e-04	7.975319e-04
1.500000e+00	1.600000e+00	3.348391e-03	2.141542e-03	2.141542e-03
1.600000e+00	1.700000e+00	9.969555e-06	1.183524e-04	1.183524e-04
1.700000e+00	1.800000e+00	4.335234e-08	7.804785e-06	7.804785e-06
1.800000e+00	1.900000e+00	9.623254e-04	1.158640e-03	1.158640e-03
1.900000e+00	2.000000e+00	1.205358e-04	4.113279e-04	4.113279e-04
2.000000e+00	2.100000e+00	1.488559e-04	4.570834e-04	4.570834e-04
2.100000e+00	2.200000e+00	8.676401e-04	1.100150e-03	1.100150e-03
2.200000e+00	2.300000e+00	8.432818e-05	3.441100e-04	3.441100e-04
2.300000e+00	2.400000e+00	1.016944e-04	3.778617e-04	3.778617e-04
2.400000e+00	2.500000e+00	1.366041e-03	1.377354e-03	1.377354e-03
2.500000e+00	2.600000e+00	8.995595e-04	1.119919e-03	1.119919e-03
2.600000e+00	2.700000e+00	5.650301e-04	8.889061e-04	8.889061e-04
2.700000e+00	2.800000e+00	5.255994e-04	8.575848e-04	8.575848e-04
2.800000e+00	2.900000e+00	4.077281e-04	7.557243e-04	7.557243e-04
2.900000e+00	3.000000e+00	8.906299e-04	1.114114e-03	1.114114e-03
3.000000e+00	3.100000e+00	1.276680e-05	1.339287e-04	1.339287e-04
3.100000e+00	3.200000e+00	1.131297e-03	1.254629e-03	1.254629e-03
3.200000e+00	3.300000e+00	4.606477e-05	2.543679e-04	2.543679e-04
3.300000e+00	3.400000e+00	7.251663e-04	1.006611e-03	1.006611e-03
3.400000e+00	3.500000e+00	9.056681e-04	1.124214e-03	1.124214e-03
3.500000e+00	3.600000e+00	4.683154e-04	8.097046e-04	8.097046e-04
3.600000e+00	3.700000e+00	2.309692e-05	1.801320e-04	1.801320e-04
3.700000e+00	3.800000e+00	6.495092e-07	3.020968e-05	3.020968e-05
3.800000e+00	3.900000e+00	1.097613e-05	1.241825e-04	1.241825e-04
3.900000e+00	4.000000e+00	4.520395e-06	7.969585e-05	7.969585e-05
4.000000e+00	4.100000e+00	1.922947e-04	5.193824e-04	5.193824e-04
4.100000e+00	4.200000e+00	1.746575e-04	4.950258e-04	4.950258e-04
4.200000e+00	4.300000e+00	6.235952e-05	2.959360e-04	2.959360e-04
4.300000e+00	4.400000e+00	1.070737e-03	1.221797e-03	1.221797e-03
4.400000e+00	4.500000e+00	7.557677e-04	1.027415e-03	1.027415e-03
4.500000e+00	4.600000e+00	2.924474e-04	6.402965e-04	6.402965e-04
4.600000e+00	4.700000e+00	1.121116e-03	1.249075e-03	1.249075e-03
4.700000e+00	4.800000e+00	1.120959e-05	1.254965e-04	1.254965e-04
4.800000e+00	4.900000e+00	5.937830e-04	9.113876e-04	9.113876e-04
4.900000e+00	5.000000e+00	2.277355e-03	1.771326e-03	1.771326e-03
5.000000e+00	5.100000e+00	1.885137e-04	5.142857e-04	5.142857e-04
5.100000e+00	5.200000e+00	4.202512e-06	7.684242e-05	7.684242e-05
5.200000e+00	5.300000e+00	5.522697e-04	8.788124e-04	8.788124e-04
5.300000e+00	5.400000e+00	1.218837e-04	4.136172e-04	4.136172e-04
5.400000e+00	5.500000e+00	6.195012e-04	9.305626e-04	9.305626e-04
5.500000e+00	5.600000e+00	2.000552e-05	1.676449e-04	1.676449e-04
5.600000e+00	5.700000e+00	1.009005e-03	1.184977e-03	1.184977e-03
5.700000e+00	5.800000e+00	2.308165e-04	5.689586e-04	5.689586e-04
5.800000e+00	5.900000e+00	4.627319e-05	2.549386e-04	2.549386e-04
5.900000e+00	6.000000e+00	1.383336e-04	4.405885e-04	4.405885e-04
6.000000e+00	6.100000e+00	2.881459e-05	2.011886e-04	2.011886e-04
6.100000e+00	6.200000e+00	2.338343e-03	1.793958e-03	1.793958e-03
6.200000e+00	6.300000e+00	7.149662e-04	9.991563e-04	9.991563e-04
6.300000e+00	6.400000e+00	8.470195e-05	3.448485e-04	3.448485e-04
6.400000e+00	6.500000e+00	6.337977e-03	2.897535e-03	2.897535e-03
6.500000e+00	6.600000e+00	4.708126e-04	8.115896e-04	8.115896e-04
6.600000e+00	6.700000e+00	8.260055e-05	3.405495e-04	3.405495e-04
6.700000e+00	6.800000e+00	3.669033e-07	2.270543e-05	2.270543e-05
6.800000e+00	6.900000e+00	5.820806e-05	2.859129e-04	2.859129e-04
6.900000e+00	7.000000e+00	6.411599e-04	9.460402e-04	9.460402e-04
7.000000e+00	7.100000e+00	8.986665e-06	1.123662e-04	1.123662e-04
7.100000e+00	7.200000e+00	1.469716e-03	1.427409e-03	1.427409e-03
7.200000e+00	7.300000e+00	1.027649e-03	1.196750e-03	1.196750e-03
7.300000e+00	7.400000e+00	5.398221e-04	8.690190e-04	8.690190e-04
7.400000e+00	7.500000e+00	2.333270e-04	5.721059e-04	5.721059e-04
7.500000e+00	7.600000e+00	9.471294e-04	1.149578e-03	1.149578e-03
7.600000e+00	7.700000e+00	8.971066e-04	1.119188e-03	1.119188e-03
7.700000e+00	7.800000e+00	1.609670e-04	4.753124e-04	4.753124e-04
7.800000e+00	7.900000e+00	3.133888e-04	6.629300e-04	6.629300e-04
7.900000e+00	8.000000e+00	3.618221e-05	2.254498e-04	2.254498e-04
8.000000e+00	8.100000e+00	5.206225e-04	8.538887e-04	8.538887e-04
8.100000e+00	8.200000e+00	6.779672e-04	9.740899e-04	9.740899e-04
8.200000e+00	8.300000e+00	5.324870e-04	8.636463e-04	8.636463e-04
8.300000e+00	8.400000e+00	6.690230e-04	9.677826e-04	9.677826e-04
8.400000e+00	8.500000e+00	1.227066e-03	1.308884e-03	1.308884e-03
8.500000e+00	8.600000e+00	4.189148e-04	7.663558e-04	7.663558e-04
8.600000e+00	8.700000e+00	3.985805e-04	7.476179e-04	7.476179e-04
8.700000e+00	8.800000e+00	1.915488e-03	1.631337e-03	1.631337e-03
8.800000e+00	8.900000e+00	3.878138e-04	7.374033e-04	7.374033e-04
8.900000e+00	9.000000e+00	3.287906e-04	6.790506e-04	6.790506e-04
9.000000e+00	9.100000e+00	1.747915e-03	1.559918e-03	1.559918e-03
9.100000e+00	9.200000e+00	5.453508e-03	2.721422e-03	2.721422e-03
9.200000e+00	9.300000e+00	2.441593e-03	1.839066e-03	1.839066e-03
9.300000e+00	9.400000e+00	6.964793e-04	9.871777e-04	9.871777e-04
9.400000e+00	9.500000e+00	1.456319e-03	1.422471e-03	1.422471e-03
9.500000e+00	9.600000e+00	4.225971e-05	2.436468e-04	2.436468e-04
9.600000e+00	9.700000e+00	4.194303e-04	7.664047e-04	7.664047e-04
9.700000e+00	9.800000e+00	2.000908e-03	1.663197e-03	1.663197e-03
9.800000e+00	9.900000e+00	1.209926e-03	1.297332e-03	1.297332e-03
9.900000e+00	1.000000e+01	5.559616e-04	8.817136e-04	8.817136e-04
1.000000e+01	1.010000e+01	1.630354e-03	1.502014e-03	1.502014e-03
1.010000e+01	1.020000e+01	2.414394e-03	1.820962e-03	1.820962e-03
1.020000e+01	1.030000e+01	2.204803e-04	5.559715e-04	5.559715e-04
1.030000e+01	1.040000e+01	1.230376e-04	4.155205e-04	4.155205e-04
1.040000e+01	1.050000e+01	1.510966e-03	1.443366e-03	1.443366e-03
1.050000e+01	1.060000e+01	1.345914e-03	1.362063e-03	1.362063e-03
1.060000e+01	1.070000e+01	1.795755e-04	5.017302e-04	5.017302e-04
1.070000e+01	1.080000e+01	2.801364e-03	1.939972e-03	1.939972e-03
1.080000e+01	1.090000e+01	1.233123e-03	1.302282e-03	1.302282e-03
1.090000e+01	1.100000e+01	6.008801e-04	9.143180e-04	9.143180e-04
1.100000e+01	1.110000e+01	1.702023e-03	1.522296e-03	1.522296e-03
1.110000e+01	1.120000e+01	4.681945e-05	2.563664e-04	2.563664e-04
1.120000e+01	1.130000e+01	1.782255e-04	4.993182e-04	4.993182e-04
1.130000e+01	1.140000e+01	6.964521e-06	9.891570e-05	9.891570e-05
1.140000e+01	1.150000e+01	1.145116e-04	4.003072e-04	4.003072e-04
1.150000e+01	1.160000e+01	2.042104e-03	1.636287e-03	1.636287e-03
1.160000e+01	1.170000e+01	3.598316e-05	2.247017e-04	2.247017e-04
1.170000e+01	1.180000e+01	9.504103e-04	1.138006e-03	1.138006e-03
1.180000e+01	1.190000e+01	1.615556e-05	1.506197e-04	1.506197e-04
1.190000e+01	1.200000e+01	1.112230e-03	1.218880e-03	1.218880e-03
1.200000e+01	1.210000e+01	5.622896e-04	8.791235e-04	8.791235e-04
1.210000e+01	1.220000e+01	5.942451e-05	2.885330e-04	2.885330e-04
1.220000e+01	1.230000e+01	1.683070e-05	1.536930e-04	1.536930e-04
1.230000e+01	1.240000e+01	3.040311e-04	6.479877e-04	6.479877e-04
1.240000e+01	1.250000e+01	2.707693e-03	1.721315e-03	1.721315e-03
1.250000e+01	1.260000e+01	1.624602e-03	1.410889e-03	1.410889e-03
1.260000e+01	1.270000e+01	2.862786e-05	2.001535e-04	2.001535e-04
1.270000e+01	1.280000e+01	6.072793e-05	2.911624e-04	2.911624e-04
1.280000e+01	1.290000e+01	2.062960e-05	1.700921e-04	1.700921e-04
1.290000e+01	1.300000e+01	2.377235e-05	1.825199e-04	1.825199e-04
1.300000e+01	1.310000e+01	9.968176e-04	1.034963e-03	1.034963e-03
1.310000e+01	1.320000e+01	1.600745e-05	1.498230e-04	1.498230e-04
1.320000e+01	1.330000e+01	6.072793e-05	2.911624e-04	2.911624e-04
1.330000e+01	1.340000e+01	2.801675e-07	1.984063e-05	1.984063e-05
1.340000e+01	1.350000e+01	3.707435e-04	7.037210e-04	7.037210e-04
1.350000e+01	1.360000e+01	5.439132e-04	8.216872e-04	8.216872e-04
1.360000e+01	1.370000e+01	1.104190e-04	3.905655e-04	3.905655e-04
1.370000e+01	1.380000e+01	9.968176e-04	1.034963e-03	1.034963e-03
1.380000e+01	1.390000e+01	5.520949e-05	2.761715e-04	2.761715e-04
1.390000e+01	1.400000e+01	1.853717e-04	4.976059e-04	4.976059e-04
1.400000e+01	1.410000e+01	5.520949e-05	2.761715e-04	2.761715e-04
1.410000e+01	1.420000e+01	1.503940e-04	4.522688e-04	4.522688e-04
1.420000e+01	1.430000e+01	1.768784e-03	7.910245e-04	7.910245e-04
1.430000e+01	1.440000e+01	9.213390e-04	9.313833e-04	9.313833e-04
1.440000e+01	1.450000e+01	1.046390e-03	6.041335e-04	6.041335e-04
1.450000e+01	1.460000e+01	6.201319e-04	7.995670e-04	7.995670e-04
1.460000e+01	1.470000e+01	1.661515e-04	4.723176e-04	4.723176e-04
1.470000e+01	1.480000e+01	4.539053e-05	2.507876e-04	2.507876e-04
1.480000e+01	1.490000e+01	7.519681e-05	3.198019e-04	3.198019e-04
1.490000e+01	1.500000e+01	7.004184e-08	9.920313e-06	9.920313e-06
# END HISTO1D

# BEGIN HISTO1D //home/frederic/Work/Software/LesHouches2017/lh2017-alphas/pythia-alphas/robustness/gluon-as013650-as015015-truth.yoda/MC_LHJSS_Zjet/log_Angularity_zcut_0.2_beta_0_alpha_2
LineColor=blue
LineStyle=solid
NormalizeToSum=1
Path=//home/frederic/Work/Software/LesHouches2017/lh2017-alphas/pythia-alphas/robustness/gluon-as013650-as015015-truth.yoda/MC_LHJSS_Zjet/log_Angularity_zcut_0.2_beta_0_alpha_2
ScaledBy=1.0
Title=gluon-as013650-as015015-truth
XLabel=
YLabel=
# xlow	 xhigh	 val	 errminus	 errplus
0.000000e+00	1.000000e-01	0.000000e+00	0.000000e+00	0.000000e+00
1.000000e-01	2.000000e-01	0.000000e+00	0.000000e+00	0.000000e+00
2.000000e-01	3.000000e-01	1.395187e-03	6.975934e-04	6.975934e-04
3.000000e-01	4.000000e-01	6.325062e-05	2.916561e-04	2.916561e-04
4.000000e-01	5.000000e-01	4.475852e-05	2.474463e-04	2.474463e-04
5.000000e-01	6.000000e-01	1.089763e-05	1.226922e-04	1.226922e-04
6.000000e-01	7.000000e-01	9.278596e-07	3.581984e-05	3.581984e-05
7.000000e-01	8.000000e-01	1.643963e-06	4.767901e-05	4.767901e-05
8.000000e-01	9.000000e-01	5.654001e-04	8.782572e-04	8.782572e-04
9.000000e-01	1.000000e+00	2.494382e-03	1.818700e-03	1.818700e-03
1.000000e+00	1.100000e+00	1.669215e-04	4.798368e-04	4.798368e-04
1.100000e+00	1.200000e+00	1.883004e-04	5.097568e-04	5.097568e-04
1.200000e+00	1.300000e+00	3.664739e-05	2.250827e-04	2.250827e-04
1.300000e+00	1.400000e+00	2.892612e-04	6.316371e-04	6.316371e-04
1.400000e+00	1.500000e+00	1.556402e-04	4.636638e-04	4.636638e-04
1.500000e+00	1.600000e+00	1.031972e-04	3.776440e-04	3.776440e-04
1.600000e+00	1.700000e+00	2.025787e-05	1.673638e-04	1.673638e-04
1.700000e+00	1.800000e+00	9.277127e-05	3.580388e-04	3.580388e-04
1.800000e+00	1.900000e+00	2.456912e-04	5.823840e-04	5.823840e-04
1.900000e+00	2.000000e+00	1.771818e-03	1.555317e-03	1.555317e-03
2.000000e+00	2.100000e+00	4.196241e-04	7.605435e-04	7.605435e-04
2.100000e+00	2.200000e+00	1.495804e-04	4.545651e-04	4.545651e-04
2.200000e+00	2.300000e+00	8.803531e-04	1.100002e-03	1.100002e-03
2.300000e+00	2.400000e+00	1.105589e-04	3.908476e-04	3.908476e-04
2.400000e+00	2.500000e+00	6.030925e-04	9.113141e-04	9.113141e-04
2.500000e+00	2.600000e+00	4.347797e-04	7.741785e-04	7.741785e-04
2.600000e+00	2.700000e+00	4.347797e-04	7.741785e-04	7.741785e-04
2.700000e+00	2.800000e+00	1.684072e-07	1.526074e-05	1.526074e-05
2.800000e+00	2.900000e+00	1.384241e-04	4.373140e-04	4.373140e-04
2.900000e+00	3.000000e+00	4.074039e-05	2.373211e-04	2.373211e-04
3.000000e+00	3.100000e+00	6.331607e-04	9.335729e-04	9.335729e-04
3.100000e+00	3.200000e+00	2.108747e-04	5.395968e-04	5.395968e-04
3.200000e+00	3.300000e+00	2.031110e-04	5.295964e-04	5.295964e-04
3.300000e+00	3.400000e+00	2.243113e-03	1.747024e-03	1.747024e-03
3.400000e+00	3.500000e+00	1.301978e-04	4.241265e-04	4.241265e-04
3.500000e+00	3.600000e+00	7.793030e-05	3.281921e-04	3.281921e-04
3.600000e+00	3.700000e+00	2.890522e-04	6.315484e-04	6.315484e-04
3.700000e+00	3.800000e+00	2.225823e-03	1.739281e-03	1.739281e-03
3.800000e+00	3.900000e+00	2.474232e-05	1.849575e-04	1.849575e-04
3.900000e+00	4.000000e+00	1.665325e-04	4.796146e-04	4.796146e-04
4.000000e+00	4.100000e+00	2.493477e-04	5.866047e-04	5.866047e-04
4.100000e+00	4.200000e+00	7.138596e-05	3.141087e-04	3.141087e-04
4.200000e+00	4.300000e+00	3.353050e-04	6.800677e-04	6.800677e-04
4.300000e+00	4.400000e+00	8.896587e-06	1.109160e-04	1.109160e-04
4.400000e+00	4.500000e+00	6.834776e-05	3.073597e-04	3.073597e-04
4.500000e+00	4.600000e+00	5.171144e-05	2.673644e-04	2.673644e-04
4.600000e+00	4.700000e+00	4.708839e-04	8.055981e-04	8.055981e-04
4.700000e+00	4.800000e+00	3.762313e-04	7.203513e-04	7.203513e-04
4.800000e+00	4.900000e+00	4.071580e-04	7.492452e-04	7.492452e-04
4.900000e+00	5.000000e+00	7.617081e-04	1.023194e-03	1.023194e-03
5.000000e+00	5.100000e+00	6.913140e-05	3.091130e-04	3.091130e-04
5.100000e+00	5.200000e+00	7.267755e-04	9.995470e-04	9.995470e-04
5.200000e+00	5.300000e+00	1.672925e-04	4.806279e-04	4.806279e-04
5.300000e+00	5.400000e+00	2.323206e-04	5.662905e-04	5.662905e-04
5.400000e+00	5.500000e+00	3.724508e-05	2.269165e-04	2.269165e-04
5.500000e+00	5.600000e+00	2.541321e-03	1.856219e-03	1.856219e-03
5.600000e+00	5.700000e+00	1.058786e-03	1.205130e-03	1.205130e-03
5.700000e+00	5.800000e+00	1.128825e-04	3.949231e-04	3.949231e-04
5.800000e+00	5.900000e+00	1.497696e-03	1.431057e-03	1.431057e-03
5.900000e+00	6.000000e+00	3.799287e-04	7.236739e-04	7.236739e-04
6.000000e+00	6.100000e+00	4.670654e-04	8.021071e-04	8.021071e-04
6.100000e+00	6.200000e+00	2.893546e-06	6.325661e-05	6.325661e-05
6.200000e+00	6.300000e+00	7.524444e-04	1.016704e-03	1.016704e-03
6.300000e+00	6.400000e+00	1.616579e-04	4.724846e-04	4.724846e-04
6.400000e+00	6.500000e+00	1.160555e-03	1.261075e-03	1.261075e-03
6.500000e+00	6.600000e+00	1.754983e-06	4.926382e-05	4.926382e-05
6.600000e+00	6.700000e+00	2.915235e-04	6.341570e-04	6.341570e-04
6.700000e+00	6.800000e+00	2.097711e-03	1.688211e-03	1.688211e-03
6.800000e+00	6.900000e+00	1.290642e-03	1.329341e-03	1.329341e-03
6.900000e+00	7.000000e+00	1.472316e-03	1.418302e-03	1.418302e-03
7.000000e+00	7.100000e+00	1.472316e-03	1.418302e-03	1.418302e-03
7.100000e+00	7.200000e+00	5.923334e-04	9.030737e-04	9.030737e-04
7.200000e+00	7.300000e+00	8.719989e-05	3.471472e-04	3.471472e-04
7.300000e+00	7.400000e+00	1.481179e-04	4.523415e-04	4.523415e-04
7.400000e+00	7.500000e+00	6.273594e-05	2.944791e-04	2.944791e-04
7.500000e+00	7.600000e+00	2.301603e-04	5.637539e-04	5.637539e-04
7.600000e+00	7.700000e+00	3.103211e-04	6.544683e-04	6.544683e-04
7.700000e+00	7.800000e+00	2.608261e-04	6.000784e-04	6.000784e-04
7.800000e+00	7.900000e+00	9.180443e-04	1.123607e-03	1.123607e-03
7.900000e+00	8.000000e+00	1.141608e-03	1.252212e-03	1.252212e-03
8.000000e+00	8.100000e+00	2.305103e-03	1.773327e-03	1.773327e-03
8.100000e+00	8.200000e+00	1.837517e-04	5.038134e-04	5.038134e-04
8.200000e+00	8.300000e+00	2.071811e-04	5.349364e-04	5.349364e-04
8.300000e+00	8.400000e+00	8.173966e-04	1.060793e-03	1.060793e-03
8.400000e+00	8.500000e+00	1.415742e-04	4.422886e-04	4.422886e-04
8.500000e+00	8.600000e+00	1.187521e-04	4.051032e-04	4.051032e-04
8.600000e+00	8.700000e+00	1.147520e-03	1.255552e-03	1.255552e-03
8.700000e+00	8.800000e+00	1.248842e-04	4.154071e-04	4.154071e-04
8.800000e+00	8.900000e+00	1.479557e-03	1.423593e-03	1.423593e-03
8.900000e+00	9.000000e+00	3.686999e-05	2.257785e-04	2.257785e-04
9.000000e+00	9.100000e+00	1.434971e-03	1.402003e-03	1.402003e-03
9.100000e+00	9.200000e+00	8.703733e-04	1.093008e-03	1.093008e-03
9.200000e+00	9.300000e+00	1.184198e-03	1.274044e-03	1.274044e-03
9.300000e+00	9.400000e+00	1.151343e-03	1.256581e-03	1.256581e-03
9.400000e+00	9.500000e+00	1.203740e-04	4.077786e-04	4.077786e-04
9.500000e+00	9.600000e+00	3.590128e-03	2.197700e-03	2.197700e-03
9.600000e+00	9.700000e+00	2.108200e-04	5.394371e-04	5.394371e-04
9.700000e+00	9.800000e+00	2.661544e-04	6.058765e-04	6.058765e-04
9.800000e+00	9.900000e+00	1.029444e-03	1.186710e-03	1.186710e-03
9.900000e+00	1.000000e+01	5.212055e-04	8.467199e-04	8.467199e-04
1.000000e+01	1.010000e+01	1.405502e-03	1.381837e-03	1.381837e-03
1.010000e+01	1.020000e+01	1.239473e-03	1.298659e-03	1.298659e-03
1.020000e+01	1.030000e+01	4.785058e-03	2.485080e-03	2.485080e-03
1.030000e+01	1.040000e+01	4.212132e-03	2.341038e-03	2.341038e-03
1.040000e+01	1.050000e+01	1.485634e-03	1.414637e-03	1.414637e-03
1.050000e+01	1.060000e+01	5.055950e-04	8.322168e-04	8.322168e-04
1.060000e+01	1.070000e+01	4.723216e-03	2.441717e-03	2.441717e-03
1.070000e+01	1.080000e+01	1.230935e-05	1.304538e-04	1.304538e-04
1.080000e+01	1.090000e+01	5.197919e-05	2.679586e-04	2.679586e-04
1.090000e+01	1.100000e+01	1.913852e-03	1.590627e-03	1.590627e-03
1.100000e+01	1.110000e+01	3.085217e-04	6.506443e-04	6.506443e-04
1.110000e+01	1.120000e+01	1.127907e-03	1.231058e-03	1.231058e-03
1.120000e+01	1.130000e+01	3.580680e-04	6.998839e-04	6.998839e-04
1.130000e+01	1.140000e+01	1.232860e-03	1.283201e-03	1.283201e-03
1.140000e+01	1.150000e+01	1.392763e-05	1.387442e-04	1.387442e-04
1.150000e+01	1.160000e+01	1.572912e-04	4.644921e-04	4.644921e-04
1.160000e+01	1.170000e+01	1.039241e-03	1.167067e-03	1.167067e-03
1.170000e+01	1.180000e+01	4.028561e-05	2.358334e-04	2.358334e-04
1.180000e+01	1.190000e+01	9.569255e-04	1.124743e-03	1.124743e-03
1.190000e+01	1.200000e+01	1.135265e-04	3.947473e-04	3.947473e-04
1.200000e+01	1.210000e+01	2.591150e-03	1.713848e-03	1.713848e-03
1.210000e+01	1.220000e+01	4.489850e-05	2.489031e-04	2.489031e-04
1.220000e+01	1.230000e+01	1.782684e-03	1.411170e-03	1.411170e-03
1.230000e+01	1.240000e+01	1.624939e-03	1.414458e-03	1.414458e-03
1.240000e+01	1.250000e+01	8.698472e-05	3.444809e-04	3.444809e-04
1.250000e+01	1.260000e+01	1.460585e-04	4.456566e-04	4.456566e-04
1.260000e+01	1.270000e+01	3.820484e-07	2.298486e-05	2.298486e-05
1.270000e+01	1.280000e+01	3.317200e-04	6.636601e-04	6.636601e-04
1.280000e+01	1.290000e+01	5.381925e-04	8.326647e-04	8.326647e-04
1.290000e+01	1.300000e+01	2.258725e-04	5.497089e-04	5.497089e-04
1.300000e+01	1.310000e+01	4.278943e-04	7.161482e-04	7.161482e-04
1.310000e+01	1.320000e+01	2.258725e-04	5.497089e-04	5.497089e-04
1.320000e+01	1.330000e+01	3.317200e-04	6.636601e-04	6.636601e-04
1.330000e+01	1.340000e+01	1.274946e-03	1.130899e-03	1.130899e-03
1.340000e+01	1.350000e+01	1.505817e-04	4.488355e-04	4.488355e-04
1.350000e+01	1.360000e+01	9.864399e-04	1.020747e-03	1.020747e-03
1.360000e+01	1.370000e+01	1.257658e-03	1.032982e-03	1.032982e-03
1.370000e+01	1.380000e+01	6.325062e-05	2.916561e-04	2.916561e-04
1.380000e+01	1.390000e+01	1.637363e-07	1.504718e-05	1.504718e-05
1.390000e+01	1.400000e+01	3.565368e-04	6.310943e-04	6.310943e-04
1.400000e+01	1.410000e+01	1.637363e-07	1.504718e-05	1.504718e-05
1.410000e+01	1.420000e+01	2.422160e-04	5.529399e-04	5.529399e-04
1.420000e+01	1.430000e+01	3.426535e-04	3.426535e-04	3.426535e-04
1.430000e+01	1.440000e+01	4.613676e-04	7.397722e-04	7.397722e-04
1.440000e+01	1.450000e+01	3.565368e-04	6.310943e-04	6.310943e-04
1.450000e+01	1.460000e+01	2.422160e-04	5.529399e-04	5.529399e-04
1.460000e+01	1.470000e+01	1.743984e-03	7.799330e-04	7.799330e-04
1.470000e+01	1.480000e+01	1.395186e-03	6.975934e-04	6.975934e-04
1.480000e+01	1.490000e+01	6.975935e-04	4.932729e-04	4.932729e-04
1.490000e+01	1.500000e+01	1.211082e-04	3.909877e-04	3.909877e-04
# END HISTO1D

# BEGIN HISTO1D //home/frederic/Work/Software/LesHouches2017/lh2017-alphas/pythia-alphas/robustness/as013650-gluon-robustness.yoda/MC_LHJSS_Zjet/log_Angularity_zcut_0.2_beta_0_alpha_2
LineColor=green
LineStyle=solid
NormalizeToSum=1
Path=//home/frederic/Work/Software/LesHouches2017/lh2017-alphas/pythia-alphas/robustness/as013650-gluon-robustness.yoda/MC_LHJSS_Zjet/log_Angularity_zcut_0.2_beta_0_alpha_2
ScaledBy=1.0
Title=as013650-gluon-robustness
XLabel=
YLabel=
# xlow	 xhigh	 val	 errminus	 errplus
0.000000e+00	1.000000e-01	0.000000e+00	0.000000e+00	0.000000e+00
1.000000e-01	2.000000e-01	1.423649e-04	1.006672e-04	1.006672e-04
2.000000e-01	3.000000e-01	7.340328e-04	6.662837e-04	6.662837e-04
3.000000e-01	4.000000e-01	6.505757e-05	2.289116e-04	2.289116e-04
4.000000e-01	5.000000e-01	7.076740e-05	2.417312e-04	2.417312e-04
5.000000e-01	6.000000e-01	3.650495e-04	5.407037e-04	5.407037e-04
6.000000e-01	7.000000e-01	1.101413e-04	3.030187e-04	3.030187e-04
7.000000e-01	8.000000e-01	3.526100e-05	1.719813e-04	1.719813e-04
8.000000e-01	9.000000e-01	3.471456e-05	1.706800e-04	1.706800e-04
9.000000e-01	1.000000e+00	1.396219e-04	3.419672e-04	3.419672e-04
1.000000e+00	1.100000e+00	5.175805e-05	2.084253e-04	2.084253e-04
1.100000e+00	1.200000e+00	1.221336e-06	3.202899e-05	3.202899e-05
1.200000e+00	1.300000e+00	3.081777e-04	5.079888e-04	5.079888e-04
1.300000e+00	1.400000e+00	1.944942e-04	4.038360e-04	4.038360e-04
1.400000e+00	1.500000e+00	1.672320e-04	3.745383e-04	3.745383e-04
1.500000e+00	1.600000e+00	9.216321e-04	8.770833e-04	8.770833e-04
1.600000e+00	1.700000e+00	2.765468e-04	4.814684e-04	4.814684e-04
1.700000e+00	1.800000e+00	9.539379e-05	2.829579e-04	2.829579e-04
1.800000e+00	1.900000e+00	2.807850e-04	4.851590e-04	4.851590e-04
1.900000e+00	2.000000e+00	4.136317e-04	5.884781e-04	5.884781e-04
2.000000e+00	2.100000e+00	7.267901e-05	2.470115e-04	2.470115e-04
2.100000e+00	2.200000e+00	9.669692e-05	2.848867e-04	2.848867e-04
2.200000e+00	2.300000e+00	1.487055e-05	1.117553e-04	1.117553e-04
2.300000e+00	2.400000e+00	9.913743e-06	9.124948e-05	9.124948e-05
2.400000e+00	2.500000e+00	6.730727e-05	2.377097e-04	2.377097e-04
2.500000e+00	2.600000e+00	1.205953e-06	3.182673e-05	3.182673e-05
2.600000e+00	2.700000e+00	8.331452e-05	2.644509e-04	2.644509e-04
2.700000e+00	2.800000e+00	3.535425e-06	5.449342e-05	5.449342e-05
2.800000e+00	2.900000e+00	4.155795e-05	1.868057e-04	1.868057e-04
2.900000e+00	3.000000e+00	1.092609e-04	3.028099e-04	3.028099e-04
3.000000e+00	3.100000e+00	2.888247e-04	4.920064e-04	4.920064e-04
3.100000e+00	3.200000e+00	1.735925e-05	1.207438e-04	1.207438e-04
3.200000e+00	3.300000e+00	2.525466e-08	4.605742e-06	4.605742e-06
3.300000e+00	3.400000e+00	3.649114e-04	5.528265e-04	5.528265e-04
3.400000e+00	3.500000e+00	1.174451e-04	3.139538e-04	3.139538e-04
3.500000e+00	3.600000e+00	4.331484e-05	1.907117e-04	1.907117e-04
3.600000e+00	3.700000e+00	9.437917e-05	2.814534e-04	2.814534e-04
3.700000e+00	3.800000e+00	4.805450e-04	6.340142e-04	6.340142e-04
3.800000e+00	3.900000e+00	7.763906e-05	2.552917e-04	2.552917e-04
3.900000e+00	4.000000e+00	1.984138e-04	4.079348e-04	4.079348e-04
4.000000e+00	4.100000e+00	8.706083e-04	8.521128e-04	8.521128e-04
4.100000e+00	4.200000e+00	2.151486e-04	4.247508e-04	4.247508e-04
4.200000e+00	4.300000e+00	1.671687e-04	3.744709e-04	3.744709e-04
4.300000e+00	4.400000e+00	7.391651e-04	7.859055e-04	7.859055e-04
4.400000e+00	4.500000e+00	1.082238e-04	3.013805e-04	3.013805e-04
4.500000e+00	4.600000e+00	3.593529e-06	5.493938e-05	5.493938e-05
4.600000e+00	4.700000e+00	1.953487e-04	4.047591e-04	4.047591e-04
4.700000e+00	4.800000e+00	6.644681e-05	2.361866e-04	2.361866e-04
4.800000e+00	4.900000e+00	4.965141e-04	6.446222e-04	6.446222e-04
4.900000e+00	5.000000e+00	2.747138e-04	4.798565e-04	4.798565e-04
5.000000e+00	5.100000e+00	1.523378e-04	3.575001e-04	3.575001e-04
5.100000e+00	5.200000e+00	6.014415e-04	7.089711e-04	7.089711e-04
5.200000e+00	5.300000e+00	6.427714e-04	7.327200e-04	7.327200e-04
5.300000e+00	5.400000e+00	2.550458e-05	1.463495e-04	1.463495e-04
5.400000e+00	5.500000e+00	1.592955e-04	3.655564e-04	3.655564e-04
5.500000e+00	5.600000e+00	3.509779e-04	5.421290e-04	5.421290e-04
5.600000e+00	5.700000e+00	3.104277e-04	5.099874e-04	5.099874e-04
5.700000e+00	5.800000e+00	2.837687e-05	1.543700e-04	1.543700e-04
5.800000e+00	5.900000e+00	2.869352e-04	4.903564e-04	4.903564e-04
5.900000e+00	6.000000e+00	8.077112e-05	2.603760e-04	2.603760e-04
6.000000e+00	6.100000e+00	1.184690e-04	3.152865e-04	3.152865e-04
6.100000e+00	6.200000e+00	1.581809e-04	3.642834e-04	3.642834e-04
6.200000e+00	6.300000e+00	9.628096e-06	8.992541e-05	8.992541e-05
6.300000e+00	6.400000e+00	5.256470e-06	6.644549e-05	6.644549e-05
6.400000e+00	6.500000e+00	2.893239e-04	4.924451e-04	4.924451e-04
6.500000e+00	6.600000e+00	6.357726e-04	7.286148e-04	7.286148e-04
6.600000e+00	6.700000e+00	1.567147e-04	3.625675e-04	3.625675e-04
6.700000e+00	6.800000e+00	2.567065e-04	4.637900e-04	4.637900e-04
6.800000e+00	6.900000e+00	1.905900e-04	3.997908e-04	3.997908e-04
6.900000e+00	7.000000e+00	4.686693e-04	6.261300e-04	6.261300e-04
7.000000e+00	7.100000e+00	5.719209e-05	2.191206e-04	2.191206e-04
7.100000e+00	7.200000e+00	6.190205e-04	7.191679e-04	7.191679e-04
7.200000e+00	7.300000e+00	1.874091e-03	1.245291e-03	1.245291e-03
7.300000e+00	7.400000e+00	7.146862e-04	7.725701e-04	7.725701e-04
7.400000e+00	7.500000e+00	1.317103e-03	1.046155e-03	1.046155e-03
7.500000e+00	7.600000e+00	2.407699e-03	1.409183e-03	1.409183e-03
7.600000e+00	7.700000e+00	3.475102e-03	1.686583e-03	1.686583e-03
7.700000e+00	7.800000e+00	1.949900e-03	1.270475e-03	1.270475e-03
7.800000e+00	7.900000e+00	2.250889e-03	1.363531e-03	1.363531e-03
7.900000e+00	8.000000e+00	2.473969e-03	1.428410e-03	1.428410e-03
8.000000e+00	8.100000e+00	2.009745e-03	1.289454e-03	1.289454e-03
8.100000e+00	8.200000e+00	3.748638e-03	1.750399e-03	1.750399e-03
8.200000e+00	8.300000e+00	3.043438e-03	1.581722e-03	1.581722e-03
8.300000e+00	8.400000e+00	1.039345e-02	2.857417e-03	2.857417e-03
8.400000e+00	8.500000e+00	7.950281e-03	2.512683e-03	2.512683e-03
8.500000e+00	8.600000e+00	4.858725e-03	1.987861e-03	1.987861e-03
8.600000e+00	8.700000e+00	8.020284e-03	2.529250e-03	2.529250e-03
8.700000e+00	8.800000e+00	2.363982e-03	1.396659e-03	1.396659e-03
8.800000e+00	8.900000e+00	6.521472e-03	2.287744e-03	2.287744e-03
8.900000e+00	9.000000e+00	4.508686e-03	1.915047e-03	1.915047e-03
9.000000e+00	9.100000e+00	5.697825e-03	2.143857e-03	2.143857e-03
9.100000e+00	9.200000e+00	8.347073e-04	8.343997e-04	8.343997e-04
9.200000e+00	9.300000e+00	2.976535e-03	1.563201e-03	1.563201e-03
9.300000e+00	9.400000e+00	3.354995e-03	1.657706e-03	1.657706e-03
9.400000e+00	9.500000e+00	4.898781e-04	6.400077e-04	6.400077e-04
9.500000e+00	9.600000e+00	5.574408e-03	2.118253e-03	2.118253e-03
9.600000e+00	9.700000e+00	5.320330e-04	6.668822e-04	6.668822e-04
9.700000e+00	9.800000e+00	2.755669e-05	1.521196e-04	1.521196e-04
9.800000e+00	9.900000e+00	2.443311e-04	4.524807e-04	4.524807e-04
9.900000e+00	1.000000e+01	5.735914e-05	2.194372e-04	2.194372e-04
1.000000e+01	1.010000e+01	4.792390e-05	2.005830e-04	2.005830e-04
1.010000e+01	1.020000e+01	9.800035e-05	2.867536e-04	2.867536e-04
1.020000e+01	1.030000e+01	4.659821e-05	1.977891e-04	1.977891e-04
1.030000e+01	1.040000e+01	1.067188e-04	2.992175e-04	2.992175e-04
1.040000e+01	1.050000e+01	2.174192e-04	4.266939e-04	4.266939e-04
1.050000e+01	1.060000e+01	1.215880e-03	1.001502e-03	1.001502e-03
1.060000e+01	1.070000e+01	1.409132e-05	1.087832e-04	1.087832e-04
1.070000e+01	1.080000e+01	5.112773e-04	6.521659e-04	6.521659e-04
1.080000e+01	1.090000e+01	7.943725e-04	8.108642e-04	8.108642e-04
1.090000e+01	1.100000e+01	1.794445e-06	3.882279e-05	3.882279e-05
1.100000e+01	1.110000e+01	6.346914e-04	7.253868e-04	7.253868e-04
1.110000e+01	1.120000e+01	6.879129e-06	7.600878e-05	7.600878e-05
1.120000e+01	1.130000e+01	2.136702e-05	1.339303e-04	1.339303e-04
1.130000e+01	1.140000e+01	1.734100e-04	3.808492e-04	3.808492e-04
1.140000e+01	1.150000e+01	2.910685e-05	1.562755e-04	1.562755e-04
1.150000e+01	1.160000e+01	4.153210e-04	5.855737e-04	5.855737e-04
1.160000e+01	1.170000e+01	3.197069e-04	5.145538e-04	5.145538e-04
1.170000e+01	1.180000e+01	4.614294e-04	6.160886e-04	6.160886e-04
1.180000e+01	1.190000e+01	5.766022e-04	6.874322e-04	6.874322e-04
1.190000e+01	1.200000e+01	2.846021e-05	1.544773e-04	1.544773e-04
1.200000e+01	1.210000e+01	7.871258e-04	7.952752e-04	7.952752e-04
1.210000e+01	1.220000e+01	1.144758e-03	9.481082e-04	9.481082e-04
1.220000e+01	1.230000e+01	2.894592e-04	4.872524e-04	4.872524e-04
1.230000e+01	1.240000e+01	1.218981e-03	9.741096e-04	9.741096e-04
1.240000e+01	1.250000e+01	1.360503e-04	3.344626e-04	3.344626e-04
1.250000e+01	1.260000e+01	6.871426e-06	7.593765e-05	7.593765e-05
1.260000e+01	1.270000e+01	3.112403e-05	1.613244e-04	1.613244e-04
1.270000e+01	1.280000e+01	4.846396e-04	6.195618e-04	6.195618e-04
1.280000e+01	1.290000e+01	3.974490e-04	5.643404e-04	5.643404e-04
1.290000e+01	1.300000e+01	2.220373e-04	4.252118e-04	4.252118e-04
1.300000e+01	1.310000e+01	1.295777e-05	1.039344e-04	1.039344e-04
1.310000e+01	1.320000e+01	1.110035e-03	8.752819e-04	8.752819e-04
1.320000e+01	1.330000e+01	1.275969e-03	9.452034e-04	9.452034e-04
1.330000e+01	1.340000e+01	4.432661e-04	5.874103e-04	5.874103e-04
1.340000e+01	1.350000e+01	4.515478e-04	5.833952e-04	5.833952e-04
1.350000e+01	1.360000e+01	8.530871e-04	7.684354e-04	7.684354e-04
1.360000e+01	1.370000e+01	3.889864e-04	5.461592e-04	5.461592e-04
1.370000e+01	1.380000e+01	6.505757e-05	2.289116e-04	2.289116e-04
1.380000e+01	1.390000e+01	1.407694e-04	3.331924e-04	3.331924e-04
1.390000e+01	1.400000e+01	2.602853e-04	4.385729e-04	4.385729e-04
1.400000e+01	1.410000e+01	3.399832e-04	4.891610e-04	4.891610e-04
1.410000e+01	1.420000e+01	1.020819e-03	7.121381e-04	7.121381e-04
1.420000e+01	1.430000e+01	8.541900e-04	2.465834e-04	2.465834e-04
1.430000e+01	1.440000e+01	9.175414e-04	7.449278e-04	7.449278e-04
1.440000e+01	1.450000e+01	9.758617e-05	2.803581e-04	2.803581e-04
1.450000e+01	1.460000e+01	7.340328e-04	6.662837e-04	6.662837e-04
1.460000e+01	1.470000e+01	7.987715e-04	7.145228e-04	7.145228e-04
1.470000e+01	1.480000e+01	8.679315e-04	6.941032e-04	6.941032e-04
1.480000e+01	1.490000e+01	1.735236e-04	3.580933e-04	3.580933e-04
1.490000e+01	1.500000e+01	2.571507e-04	4.190792e-04	4.190792e-04
# END HISTO1D

