# BEGIN PLOT
LegendOnly=//home/frederic/Work/Software/LesHouches2017/lh2017-alphas/pythia-alphas/robustness/gluon-as013650-as012285-truth.yoda/MC_LHJSS_Zjet/log_Angularity_zcut_0.05_beta_0_alpha_2 //home/frederic/Work/Software/LesHouches2017/lh2017-alphas/pythia-alphas/robustness/gluon-as013650-as015015-truth.yoda/MC_LHJSS_Zjet/log_Angularity_zcut_0.05_beta_0_alpha_2 //home/frederic/Work/Software/LesHouches2017/lh2017-alphas/pythia-alphas/robustness/as013650-gluon-robustness.yoda/MC_LHJSS_Zjet/log_Angularity_zcut_0.05_beta_0_alpha_2
DrawOnly=//home/frederic/Work/Software/LesHouches2017/lh2017-alphas/pythia-alphas/robustness/gluon-as013650-as012285-truth.yoda/MC_LHJSS_Zjet/log_Angularity_zcut_0.05_beta_0_alpha_2 //home/frederic/Work/Software/LesHouches2017/lh2017-alphas/pythia-alphas/robustness/gluon-as013650-as015015-truth.yoda/MC_LHJSS_Zjet/log_Angularity_zcut_0.05_beta_0_alpha_2 //home/frederic/Work/Software/LesHouches2017/lh2017-alphas/pythia-alphas/robustness/as013650-gluon-robustness.yoda/MC_LHJSS_Zjet/log_Angularity_zcut_0.05_beta_0_alpha_2
Title=Angularity, $\alpha$ = 2 $z_{cut}$ = 0.05 $\beta$ = 0
RatioPlot=1
LogX=0
LogY=0
RatioPlotYLabel=Ratio
RatioPlotReference=//home/frederic/Work/Software/LesHouches2017/lh2017-alphas/pythia-alphas/robustness/gluon-as013650-as012285-truth.yoda/MC_LHJSS_Zjet/log_Angularity_zcut_0.05_beta_0_alpha_2
XLabel=$e_\alpha$
YLabel=$1/\sigma \text{d}\sigma/\text{d}e_\alpha$
Legend=1
# END PLOT

# BEGIN HISTO1D //home/frederic/Work/Software/LesHouches2017/lh2017-alphas/pythia-alphas/robustness/gluon-as013650-as012285-truth.yoda/MC_LHJSS_Zjet/log_Angularity_zcut_0.05_beta_0_alpha_2
LineColor=red
LineStyle=solid
NormalizeToSum=1
Path=//home/frederic/Work/Software/LesHouches2017/lh2017-alphas/pythia-alphas/robustness/gluon-as013650-as012285-truth.yoda/MC_LHJSS_Zjet/log_Angularity_zcut_0.05_beta_0_alpha_2
ScaledBy=1.0
Title=gluon-as013650-as012285-truth
XLabel=
YLabel=
# xlow	 xhigh	 val	 errminus	 errplus
0.000000e+00	1.000000e-01	0.000000e+00	0.000000e+00	0.000000e+00
1.000000e-01	2.000000e-01	3.537569e-04	3.537569e-04	3.537569e-04
2.000000e-01	3.000000e-01	2.248982e-04	5.391079e-04	5.391079e-04
3.000000e-01	4.000000e-01	1.124493e-04	3.812071e-04	3.812071e-04
4.000000e-01	5.000000e-01	4.382093e-04	7.301381e-04	7.301381e-04
5.000000e-01	6.000000e-01	5.622459e-04	8.524047e-04	8.524047e-04
6.000000e-01	7.000000e-01	1.096721e-03	1.181603e-03	1.181603e-03
7.000000e-01	8.000000e-01	1.211965e-05	1.304672e-04	1.304672e-04
8.000000e-01	9.000000e-01	4.399744e-04	7.811113e-04	7.811113e-04
9.000000e-01	1.000000e+00	1.856063e-06	5.106731e-05	5.106731e-05
1.000000e+00	1.100000e+00	7.906652e-05	3.331304e-04	3.331304e-04
1.100000e+00	1.200000e+00	4.926631e-04	8.295342e-04	8.295342e-04
1.200000e+00	1.300000e+00	2.925367e-05	2.027150e-04	2.027150e-04
1.300000e+00	1.400000e+00	5.496714e-04	8.768456e-04	8.768456e-04
1.400000e+00	1.500000e+00	4.556993e-04	7.989091e-04	7.989091e-04
1.500000e+00	1.600000e+00	4.819216e-03	2.561738e-03	2.561738e-03
1.600000e+00	1.700000e+00	1.508998e-04	4.602620e-04	4.602620e-04
1.700000e+00	1.800000e+00	2.202043e-04	5.559192e-04	5.559192e-04
1.800000e+00	1.900000e+00	9.726326e-04	1.166275e-03	1.166275e-03
1.900000e+00	2.000000e+00	9.831559e-04	1.172511e-03	1.172511e-03
2.000000e+00	2.100000e+00	8.923403e-05	3.540292e-04	3.540292e-04
2.100000e+00	2.200000e+00	1.456911e-03	1.426304e-03	1.426304e-03
2.200000e+00	2.300000e+00	1.409835e-03	1.403630e-03	1.403630e-03
2.300000e+00	2.400000e+00	5.849024e-04	9.055218e-04	9.055218e-04
2.400000e+00	2.500000e+00	2.238489e-03	1.765759e-03	1.765759e-03
2.500000e+00	2.600000e+00	3.665501e-03	2.254123e-03	2.254123e-03
2.600000e+00	2.700000e+00	7.648354e-04	1.035292e-03	1.035292e-03
2.700000e+00	2.800000e+00	1.385463e-03	1.391937e-03	1.391937e-03
2.800000e+00	2.900000e+00	1.812035e-04	5.044287e-04	5.044287e-04
2.900000e+00	3.000000e+00	1.104185e-03	1.243078e-03	1.243078e-03
3.000000e+00	3.100000e+00	2.973258e-04	6.460177e-04	6.460177e-04
3.100000e+00	3.200000e+00	1.287137e-03	1.341493e-03	1.341493e-03
3.200000e+00	3.300000e+00	6.380959e-04	9.457972e-04	9.457972e-04
3.300000e+00	3.400000e+00	1.123159e-03	1.253498e-03	1.253498e-03
3.400000e+00	3.500000e+00	8.193546e-04	1.071127e-03	1.071127e-03
3.500000e+00	3.600000e+00	1.427278e-05	1.416105e-04	1.416105e-04
3.600000e+00	3.700000e+00	4.895606e-05	2.622487e-04	2.622487e-04
3.700000e+00	3.800000e+00	4.286042e-06	7.760308e-05	7.760308e-05
3.800000e+00	3.900000e+00	8.104668e-05	3.373947e-04	3.373947e-04
3.900000e+00	4.000000e+00	4.426340e-04	7.879257e-04	7.879257e-04
4.000000e+00	4.100000e+00	1.354191e-05	1.379369e-04	1.379369e-04
4.100000e+00	4.200000e+00	5.213572e-04	8.547685e-04	8.547685e-04
4.200000e+00	4.300000e+00	7.220178e-04	1.005469e-03	1.005469e-03
4.300000e+00	4.400000e+00	3.385968e-04	6.892024e-04	6.892024e-04
4.400000e+00	4.500000e+00	1.304300e-05	1.353720e-04	1.353720e-04
4.500000e+00	4.600000e+00	5.753616e-04	8.977850e-04	8.977850e-04
4.600000e+00	4.700000e+00	2.891724e-04	6.368958e-04	6.368958e-04
4.700000e+00	4.800000e+00	1.215953e-04	4.132173e-04	4.132173e-04
4.800000e+00	4.900000e+00	8.738661e-05	3.503229e-04	3.503229e-04
4.900000e+00	5.000000e+00	2.421150e-04	5.828334e-04	5.828334e-04
5.000000e+00	5.100000e+00	3.009958e-04	6.497941e-04	6.497941e-04
5.100000e+00	5.200000e+00	1.191046e-03	1.288621e-03	1.288621e-03
5.200000e+00	5.300000e+00	1.161942e-05	1.277703e-04	1.277703e-04
5.300000e+00	5.400000e+00	1.566524e-03	1.476189e-03	1.476189e-03
5.400000e+00	5.500000e+00	1.167524e-05	1.280769e-04	1.280769e-04
5.500000e+00	5.600000e+00	5.218439e-06	8.562821e-05	8.562821e-05
5.600000e+00	5.700000e+00	2.929898e-04	6.409593e-04	6.409593e-04
5.700000e+00	5.800000e+00	7.781815e-06	1.045645e-04	1.045645e-04
5.800000e+00	5.900000e+00	3.803596e-04	7.300815e-04	7.300815e-04
5.900000e+00	6.000000e+00	1.243402e-03	1.315334e-03	1.315334e-03
6.000000e+00	6.100000e+00	6.719351e-04	9.691332e-04	9.691332e-04
6.100000e+00	6.200000e+00	1.209926e-03	1.297332e-03	1.297332e-03
6.200000e+00	6.300000e+00	7.635960e-07	3.275556e-05	3.275556e-05
6.300000e+00	6.400000e+00	2.456977e-04	5.868851e-04	5.868851e-04
6.400000e+00	6.500000e+00	1.325942e-04	4.314089e-04	4.314089e-04
6.500000e+00	6.600000e+00	4.699032e-05	2.569037e-04	2.569037e-04
6.600000e+00	6.700000e+00	5.559616e-04	8.817136e-04	8.817136e-04
6.700000e+00	6.800000e+00	1.382930e-03	1.385347e-03	1.385347e-03
6.800000e+00	6.900000e+00	4.943369e-05	2.634882e-04	2.634882e-04
6.900000e+00	7.000000e+00	4.963732e-05	2.640294e-04	2.640294e-04
7.000000e+00	7.100000e+00	5.394630e-07	2.753178e-05	2.753178e-05
7.100000e+00	7.200000e+00	2.067627e-03	1.686830e-03	1.686830e-03
7.200000e+00	7.300000e+00	4.580464e-04	8.006143e-04	8.006143e-04
7.300000e+00	7.400000e+00	1.299121e-03	1.343188e-03	1.343188e-03
7.400000e+00	7.500000e+00	2.489837e-04	5.907751e-04	5.907751e-04
7.500000e+00	7.600000e+00	6.767101e-04	9.718963e-04	9.718963e-04
7.600000e+00	7.700000e+00	7.614801e-04	1.030838e-03	1.030838e-03
7.700000e+00	7.800000e+00	7.220068e-04	1.003394e-03	1.003394e-03
7.800000e+00	7.900000e+00	2.411894e-03	1.821172e-03	1.821172e-03
7.900000e+00	8.000000e+00	6.873987e-04	9.794291e-04	9.794291e-04
8.000000e+00	8.100000e+00	1.531739e-03	1.454908e-03	1.454908e-03
8.100000e+00	8.200000e+00	1.849684e-03	1.594963e-03	1.594963e-03
8.200000e+00	8.300000e+00	5.339694e-04	8.633330e-04	8.633330e-04
8.300000e+00	8.400000e+00	1.232818e-03	1.306607e-03	1.306607e-03
8.400000e+00	8.500000e+00	1.037593e-03	1.198510e-03	1.198510e-03
8.500000e+00	8.600000e+00	1.378666e-03	1.376476e-03	1.376476e-03
8.600000e+00	8.700000e+00	2.106704e-03	1.688021e-03	1.688021e-03
8.700000e+00	8.800000e+00	4.796351e-03	2.485043e-03	2.485043e-03
8.800000e+00	8.900000e+00	3.220199e-03	2.067964e-03	2.067964e-03
8.900000e+00	9.000000e+00	2.468427e-03	1.804554e-03	1.804554e-03
9.000000e+00	9.100000e+00	1.550974e-03	1.447932e-03	1.447932e-03
9.100000e+00	9.200000e+00	4.760699e-03	2.423463e-03	2.423463e-03
9.200000e+00	9.300000e+00	1.444468e-03	1.380135e-03	1.380135e-03
9.300000e+00	9.400000e+00	1.383153e-05	1.393755e-04	1.393755e-04
9.400000e+00	9.500000e+00	2.224549e-03	1.703360e-03	1.703360e-03
9.500000e+00	9.600000e+00	4.761500e-04	8.072370e-04	8.072370e-04
9.600000e+00	9.700000e+00	1.544032e-03	1.399955e-03	1.399955e-03
9.700000e+00	9.800000e+00	3.277341e-04	6.703793e-04	6.703793e-04
9.800000e+00	9.900000e+00	1.560636e-05	1.480126e-04	1.480126e-04
9.900000e+00	1.000000e+01	1.896581e-03	1.482509e-03	1.482509e-03
1.000000e+01	1.010000e+01	1.361716e-04	4.343768e-04	4.343768e-04
1.010000e+01	1.020000e+01	4.811646e-04	8.070518e-04	8.070518e-04
1.020000e+01	1.030000e+01	1.964253e-04	5.179456e-04	5.179456e-04
1.030000e+01	1.040000e+01	3.707435e-04	7.037210e-04	7.037210e-04
1.040000e+01	1.050000e+01	2.255908e-04	5.539136e-04	5.539136e-04
1.050000e+01	1.060000e+01	1.075084e-04	3.849244e-04	3.849244e-04
1.060000e+01	1.070000e+01	4.652369e-04	7.492127e-04	7.492127e-04
1.070000e+01	1.080000e+01	1.503940e-04	4.522688e-04	4.522688e-04
1.080000e+01	1.090000e+01	1.218185e-04	3.954427e-04	3.954427e-04
1.090000e+01	1.100000e+01	4.539053e-05	2.507876e-04	2.507876e-04
1.100000e+01	1.110000e+01	4.652369e-04	7.492127e-04	7.492127e-04
1.110000e+01	1.120000e+01	7.519681e-05	3.198019e-04	3.198019e-04
1.120000e+01	1.130000e+01	2.436365e-04	5.592399e-04	5.592399e-04
1.130000e+01	1.140000e+01	7.004184e-08	9.920313e-06	9.920313e-06
1.140000e+01	1.150000e+01	7.004184e-08	9.920313e-06	9.920313e-06
1.150000e+01	1.160000e+01	6.445360e-04	8.110430e-04	8.110430e-04
1.160000e+01	1.170000e+01	3.537569e-04	3.537569e-04	3.537569e-04
1.170000e+01	1.180000e+01	3.599963e-04	6.396033e-04	6.396033e-04
1.180000e+01	1.190000e+01	6.445360e-04	8.110430e-04	8.110430e-04
1.190000e+01	1.200000e+01	3.537569e-04	3.537569e-04	3.537569e-04
1.200000e+01	1.210000e+01	0.000000e+00	0.000000e+00	0.000000e+00
1.210000e+01	1.220000e+01	3.487967e-04	3.487966e-04	3.487966e-04
1.220000e+01	1.230000e+01	3.537569e-04	3.537569e-04	3.537569e-04
1.230000e+01	1.240000e+01	0.000000e+00	0.000000e+00	0.000000e+00
1.240000e+01	1.250000e+01	3.537569e-04	3.537569e-04	3.537569e-04
1.250000e+01	1.260000e+01	0.000000e+00	0.000000e+00	0.000000e+00
1.260000e+01	1.270000e+01	0.000000e+00	0.000000e+00	0.000000e+00
1.270000e+01	1.280000e+01	0.000000e+00	0.000000e+00	0.000000e+00
1.280000e+01	1.290000e+01	0.000000e+00	0.000000e+00	0.000000e+00
1.290000e+01	1.300000e+01	3.537569e-04	3.537569e-04	3.537569e-04
1.300000e+01	1.310000e+01	0.000000e+00	0.000000e+00	0.000000e+00
1.310000e+01	1.320000e+01	3.537569e-04	3.537569e-04	3.537569e-04
1.320000e+01	1.330000e+01	0.000000e+00	0.000000e+00	0.000000e+00
1.330000e+01	1.340000e+01	0.000000e+00	0.000000e+00	0.000000e+00
1.340000e+01	1.350000e+01	0.000000e+00	0.000000e+00	0.000000e+00
1.350000e+01	1.360000e+01	0.000000e+00	0.000000e+00	0.000000e+00
1.360000e+01	1.370000e+01	0.000000e+00	0.000000e+00	0.000000e+00
1.370000e+01	1.380000e+01	0.000000e+00	0.000000e+00	0.000000e+00
1.380000e+01	1.390000e+01	0.000000e+00	0.000000e+00	0.000000e+00
1.390000e+01	1.400000e+01	0.000000e+00	0.000000e+00	0.000000e+00
1.400000e+01	1.410000e+01	0.000000e+00	0.000000e+00	0.000000e+00
1.410000e+01	1.420000e+01	0.000000e+00	0.000000e+00	0.000000e+00
1.420000e+01	1.430000e+01	0.000000e+00	0.000000e+00	0.000000e+00
1.430000e+01	1.440000e+01	0.000000e+00	0.000000e+00	0.000000e+00
1.440000e+01	1.450000e+01	0.000000e+00	0.000000e+00	0.000000e+00
1.450000e+01	1.460000e+01	0.000000e+00	0.000000e+00	0.000000e+00
1.460000e+01	1.470000e+01	0.000000e+00	0.000000e+00	0.000000e+00
1.470000e+01	1.480000e+01	0.000000e+00	0.000000e+00	0.000000e+00
1.480000e+01	1.490000e+01	0.000000e+00	0.000000e+00	0.000000e+00
1.490000e+01	1.500000e+01	0.000000e+00	0.000000e+00	0.000000e+00
# END HISTO1D

# BEGIN HISTO1D //home/frederic/Work/Software/LesHouches2017/lh2017-alphas/pythia-alphas/robustness/gluon-as013650-as015015-truth.yoda/MC_LHJSS_Zjet/log_Angularity_zcut_0.05_beta_0_alpha_2
LineColor=blue
LineStyle=solid
NormalizeToSum=1
Path=//home/frederic/Work/Software/LesHouches2017/lh2017-alphas/pythia-alphas/robustness/gluon-as013650-as015015-truth.yoda/MC_LHJSS_Zjet/log_Angularity_zcut_0.05_beta_0_alpha_2
ScaledBy=1.0
Title=gluon-as013650-as015015-truth
XLabel=
YLabel=
# xlow	 xhigh	 val	 errminus	 errplus
0.000000e+00	1.000000e-01	0.000000e+00	0.000000e+00	0.000000e+00
1.000000e-01	2.000000e-01	0.000000e+00	0.000000e+00	0.000000e+00
2.000000e-01	3.000000e-01	1.395187e-03	6.975934e-04	6.975934e-04
3.000000e-01	4.000000e-01	6.325062e-05	2.916561e-04	2.916561e-04
4.000000e-01	5.000000e-01	4.475852e-05	2.474463e-04	2.474463e-04
5.000000e-01	6.000000e-01	1.089763e-05	1.226922e-04	1.226922e-04
6.000000e-01	7.000000e-01	4.691024e-06	8.053154e-05	8.053154e-05
7.000000e-01	8.000000e-01	1.528140e-06	4.596891e-05	4.596891e-05
8.000000e-01	9.000000e-01	1.123624e-03	1.231372e-03	1.231372e-03
9.000000e-01	1.000000e+00	2.377463e-03	1.778927e-03	1.778927e-03
1.000000e+00	1.100000e+00	2.928590e-04	6.350617e-04	6.350617e-04
1.100000e+00	1.200000e+00	2.455985e-04	5.820374e-04	5.820374e-04
1.200000e+00	1.300000e+00	2.247345e-04	5.569393e-04	5.569393e-04
1.300000e+00	1.400000e+00	2.653677e-04	6.051405e-04	6.051405e-04
1.400000e+00	1.500000e+00	4.719053e-04	8.066555e-04	8.066555e-04
1.500000e+00	1.600000e+00	1.799775e-05	1.577551e-04	1.577551e-04
1.600000e+00	1.700000e+00	1.463890e-03	1.417449e-03	1.417449e-03
1.700000e+00	1.800000e+00	3.496358e-04	6.947060e-04	6.947060e-04
1.800000e+00	1.900000e+00	3.693657e-06	7.146939e-05	7.146939e-05
1.900000e+00	2.000000e+00	1.978693e-03	1.647516e-03	1.647516e-03
2.000000e+00	2.100000e+00	6.642016e-05	3.030313e-04	3.030313e-04
2.100000e+00	2.200000e+00	2.680638e-03	1.916352e-03	1.916352e-03
2.200000e+00	2.300000e+00	1.689849e-03	1.524478e-03	1.524478e-03
2.300000e+00	2.400000e+00	8.198727e-04	1.063282e-03	1.063282e-03
2.400000e+00	2.500000e+00	8.075691e-04	1.055370e-03	1.055370e-03
2.500000e+00	2.600000e+00	6.254053e-04	9.290910e-04	9.290910e-04
2.600000e+00	2.700000e+00	1.241225e-03	1.307677e-03	1.307677e-03
2.700000e+00	2.800000e+00	9.433247e-05	3.611290e-04	3.611290e-04
2.800000e+00	2.900000e+00	1.507015e-03	1.440202e-03	1.440202e-03
2.900000e+00	3.000000e+00	4.574679e-05	2.515026e-04	2.515026e-04
3.000000e+00	3.100000e+00	3.784711e-04	7.230110e-04	7.230110e-04
3.100000e+00	3.200000e+00	1.419691e-03	1.397909e-03	1.397909e-03
3.200000e+00	3.300000e+00	2.855817e-05	1.987192e-04	1.987192e-04
3.300000e+00	3.400000e+00	1.708316e-03	1.531992e-03	1.531992e-03
3.400000e+00	3.500000e+00	1.592453e-05	1.483936e-04	1.483936e-04
3.500000e+00	3.600000e+00	2.111553e-03	1.701719e-03	1.701719e-03
3.600000e+00	3.700000e+00	1.419095e-05	1.400840e-04	1.400840e-04
3.700000e+00	3.800000e+00	1.965374e-05	1.648542e-04	1.648542e-04
3.800000e+00	3.900000e+00	1.293862e-03	1.333776e-03	1.333776e-03
3.900000e+00	4.000000e+00	6.633746e-04	9.563520e-04	9.563520e-04
4.000000e+00	4.100000e+00	2.367462e-04	5.718702e-04	5.718702e-04
4.100000e+00	4.200000e+00	4.560160e-04	7.932054e-04	7.932054e-04
4.200000e+00	4.300000e+00	4.118069e-07	2.386392e-05	2.386392e-05
4.300000e+00	4.400000e+00	7.914661e-04	1.044178e-03	1.044178e-03
4.400000e+00	4.500000e+00	1.827921e-04	5.025270e-04	5.025270e-04
4.500000e+00	4.600000e+00	1.777842e-04	4.956037e-04	4.956037e-04
4.600000e+00	4.700000e+00	2.608881e-05	1.899292e-04	1.899292e-04
4.700000e+00	4.800000e+00	1.151709e-03	1.258088e-03	1.258088e-03
4.800000e+00	4.900000e+00	4.746686e-07	2.562065e-05	2.562065e-05
4.900000e+00	5.000000e+00	1.004262e-05	1.178436e-04	1.178436e-04
5.000000e+00	5.100000e+00	3.928181e-03	2.302237e-03	2.302237e-03
5.100000e+00	5.200000e+00	8.924846e-04	1.107666e-03	1.107666e-03
5.200000e+00	5.300000e+00	3.327970e-04	6.776713e-04	6.776713e-04
5.300000e+00	5.400000e+00	1.308612e-03	1.339671e-03	1.339671e-03
5.400000e+00	5.500000e+00	1.056439e-04	3.820838e-04	3.820838e-04
5.500000e+00	5.600000e+00	1.262792e-03	1.316077e-03	1.316077e-03
5.600000e+00	5.700000e+00	6.673988e-05	3.037305e-04	3.037305e-04
5.700000e+00	5.800000e+00	1.145034e-03	1.253197e-03	1.253197e-03
5.800000e+00	5.900000e+00	7.858971e-06	1.042475e-04	1.042475e-04
5.900000e+00	6.000000e+00	1.001218e-03	1.172116e-03	1.172116e-03
6.000000e+00	6.100000e+00	6.931465e-06	9.790279e-05	9.790279e-05
6.100000e+00	6.200000e+00	3.480885e-04	6.927516e-04	6.927516e-04
6.200000e+00	6.300000e+00	9.524602e-05	3.627704e-04	3.627704e-04
6.300000e+00	6.400000e+00	6.575758e-06	9.535737e-05	9.535737e-05
6.400000e+00	6.500000e+00	1.244841e-03	1.305072e-03	1.305072e-03
6.500000e+00	6.600000e+00	4.407624e-04	7.790797e-04	7.790797e-04
6.600000e+00	6.700000e+00	2.272037e-05	1.772382e-04	1.772382e-04
6.700000e+00	6.800000e+00	1.697889e-03	1.520834e-03	1.520834e-03
6.800000e+00	6.900000e+00	7.640185e-05	3.249270e-04	3.249270e-04
6.900000e+00	7.000000e+00	1.910169e-06	5.139574e-05	5.139574e-05
7.000000e+00	7.100000e+00	1.045194e-04	3.799685e-04	3.799685e-04
7.100000e+00	7.200000e+00	4.609309e-04	7.963661e-04	7.963661e-04
7.200000e+00	7.300000e+00	8.056200e-04	1.050980e-03	1.050980e-03
7.300000e+00	7.400000e+00	5.593897e-04	8.767817e-04	8.767817e-04
7.400000e+00	7.500000e+00	4.249064e-03	2.356827e-03	2.356827e-03
7.500000e+00	7.600000e+00	7.303675e-04	1.000621e-03	1.000621e-03
7.600000e+00	7.700000e+00	1.859569e-03	1.586169e-03	1.586169e-03
7.700000e+00	7.800000e+00	1.514783e-03	1.432334e-03	1.432334e-03
7.800000e+00	7.900000e+00	4.727879e-03	2.472351e-03	2.472351e-03
7.900000e+00	8.000000e+00	4.212132e-03	2.341038e-03	2.341038e-03
8.000000e+00	8.100000e+00	1.929003e-03	1.609264e-03	1.609264e-03
8.100000e+00	8.200000e+00	3.708891e-03	2.188412e-03	2.188412e-03
8.200000e+00	8.300000e+00	2.089535e-03	1.670292e-03	1.670292e-03
8.300000e+00	8.400000e+00	4.384602e-03	2.363188e-03	2.363188e-03
8.400000e+00	8.500000e+00	2.024910e-03	1.638450e-03	1.638450e-03
8.500000e+00	8.600000e+00	7.791397e-04	1.029039e-03	1.029039e-03
8.600000e+00	8.700000e+00	3.866999e-04	7.276650e-04	7.276650e-04
8.700000e+00	8.800000e+00	6.578009e-04	9.441524e-04	9.441524e-04
8.800000e+00	8.900000e+00	4.391813e-03	2.274643e-03	2.274643e-03
8.900000e+00	9.000000e+00	2.603902e-04	5.970478e-04	5.970478e-04
9.000000e+00	9.100000e+00	2.994131e-03	1.892895e-03	1.892895e-03
9.100000e+00	9.200000e+00	4.375074e-04	7.692208e-04	7.692208e-04
9.200000e+00	9.300000e+00	1.135265e-04	3.947473e-04	3.947473e-04
9.300000e+00	9.400000e+00	6.272896e-03	2.365025e-03	2.365025e-03
9.400000e+00	9.500000e+00	1.020244e-03	1.150844e-03	1.150844e-03
9.500000e+00	9.600000e+00	3.509904e-04	6.868238e-04	6.868238e-04
9.600000e+00	9.700000e+00	2.316950e-05	1.787861e-04	1.787861e-04
9.700000e+00	9.800000e+00	1.912419e-03	1.385063e-03	1.385063e-03
9.800000e+00	9.900000e+00	1.172371e-03	1.207080e-03	1.207080e-03
9.900000e+00	1.000000e+01	1.505817e-04	4.488355e-04	4.488355e-04
1.000000e+01	1.010000e+01	1.426147e-03	1.262189e-03	1.262189e-03
1.010000e+01	1.020000e+01	8.124700e-04	1.000173e-03	1.000173e-03
1.020000e+01	1.030000e+01	1.069610e-03	1.093087e-03	1.093087e-03
1.030000e+01	1.040000e+01	7.130735e-04	8.925021e-04	8.925021e-04
1.040000e+01	1.050000e+01	7.130735e-04	8.925021e-04	8.925021e-04
1.050000e+01	1.060000e+01	9.864399e-04	1.020747e-03	1.020747e-03
1.060000e+01	1.070000e+01	1.211082e-04	3.909877e-04	3.909877e-04
1.070000e+01	1.080000e+01	2.183121e-07	1.737487e-05	1.737487e-05
1.080000e+01	1.090000e+01	5.457847e-08	8.687469e-06	8.687469e-06
1.090000e+01	1.100000e+01	2.183121e-07	1.737487e-05	1.737487e-05
1.100000e+01	1.110000e+01	6.975935e-04	4.932729e-04	4.932729e-04
1.110000e+01	1.120000e+01	6.975935e-04	4.932729e-04	4.932729e-04
1.120000e+01	1.130000e+01	1.211082e-04	3.909877e-04	3.909877e-04
1.130000e+01	1.140000e+01	1.211082e-04	3.909877e-04	3.909877e-04
1.140000e+01	1.150000e+01	6.975935e-04	4.932729e-04	4.932729e-04
1.150000e+01	1.160000e+01	3.487967e-04	3.487966e-04	3.487966e-04
1.160000e+01	1.170000e+01	0.000000e+00	0.000000e+00	0.000000e+00
1.170000e+01	1.180000e+01	3.487966e-04	3.487966e-04	3.487966e-04
1.180000e+01	1.190000e+01	5.457847e-08	8.687469e-06	8.687469e-06
1.190000e+01	1.200000e+01	3.426535e-04	3.426535e-04	3.426535e-04
1.200000e+01	1.210000e+01	0.000000e+00	0.000000e+00	0.000000e+00
1.210000e+01	1.220000e+01	3.487967e-04	3.487966e-04	3.487966e-04
1.220000e+01	1.230000e+01	0.000000e+00	0.000000e+00	0.000000e+00
1.230000e+01	1.240000e+01	0.000000e+00	0.000000e+00	0.000000e+00
1.240000e+01	1.250000e+01	0.000000e+00	0.000000e+00	0.000000e+00
1.250000e+01	1.260000e+01	0.000000e+00	0.000000e+00	0.000000e+00
1.260000e+01	1.270000e+01	0.000000e+00	0.000000e+00	0.000000e+00
1.270000e+01	1.280000e+01	0.000000e+00	0.000000e+00	0.000000e+00
1.280000e+01	1.290000e+01	0.000000e+00	0.000000e+00	0.000000e+00
1.290000e+01	1.300000e+01	0.000000e+00	0.000000e+00	0.000000e+00
1.300000e+01	1.310000e+01	0.000000e+00	0.000000e+00	0.000000e+00
1.310000e+01	1.320000e+01	0.000000e+00	0.000000e+00	0.000000e+00
1.320000e+01	1.330000e+01	0.000000e+00	0.000000e+00	0.000000e+00
1.330000e+01	1.340000e+01	0.000000e+00	0.000000e+00	0.000000e+00
1.340000e+01	1.350000e+01	0.000000e+00	0.000000e+00	0.000000e+00
1.350000e+01	1.360000e+01	0.000000e+00	0.000000e+00	0.000000e+00
1.360000e+01	1.370000e+01	0.000000e+00	0.000000e+00	0.000000e+00
1.370000e+01	1.380000e+01	0.000000e+00	0.000000e+00	0.000000e+00
1.380000e+01	1.390000e+01	0.000000e+00	0.000000e+00	0.000000e+00
1.390000e+01	1.400000e+01	0.000000e+00	0.000000e+00	0.000000e+00
1.400000e+01	1.410000e+01	0.000000e+00	0.000000e+00	0.000000e+00
1.410000e+01	1.420000e+01	0.000000e+00	0.000000e+00	0.000000e+00
1.420000e+01	1.430000e+01	0.000000e+00	0.000000e+00	0.000000e+00
1.430000e+01	1.440000e+01	0.000000e+00	0.000000e+00	0.000000e+00
1.440000e+01	1.450000e+01	0.000000e+00	0.000000e+00	0.000000e+00
1.450000e+01	1.460000e+01	0.000000e+00	0.000000e+00	0.000000e+00
1.460000e+01	1.470000e+01	0.000000e+00	0.000000e+00	0.000000e+00
1.470000e+01	1.480000e+01	0.000000e+00	0.000000e+00	0.000000e+00
1.480000e+01	1.490000e+01	0.000000e+00	0.000000e+00	0.000000e+00
1.490000e+01	1.500000e+01	0.000000e+00	0.000000e+00	0.000000e+00
# END HISTO1D

# BEGIN HISTO1D //home/frederic/Work/Software/LesHouches2017/lh2017-alphas/pythia-alphas/robustness/as013650-gluon-robustness.yoda/MC_LHJSS_Zjet/log_Angularity_zcut_0.05_beta_0_alpha_2
LineColor=green
LineStyle=solid
NormalizeToSum=1
Path=//home/frederic/Work/Software/LesHouches2017/lh2017-alphas/pythia-alphas/robustness/as013650-gluon-robustness.yoda/MC_LHJSS_Zjet/log_Angularity_zcut_0.05_beta_0_alpha_2
ScaledBy=1.0
Title=as013650-gluon-robustness
XLabel=
YLabel=
# xlow	 xhigh	 val	 errminus	 errplus
0.000000e+00	1.000000e-01	0.000000e+00	0.000000e+00	0.000000e+00
1.000000e-01	2.000000e-01	1.423649e-04	1.006672e-04	1.006672e-04
2.000000e-01	3.000000e-01	7.340328e-04	6.662837e-04	6.662837e-04
3.000000e-01	4.000000e-01	6.505757e-05	2.289116e-04	2.289116e-04
4.000000e-01	5.000000e-01	4.950351e-05	2.027220e-04	2.027220e-04
5.000000e-01	6.000000e-01	2.539814e-04	4.545456e-04	4.545456e-04
6.000000e-01	7.000000e-01	9.558309e-05	2.824285e-04	2.824285e-04
7.000000e-01	8.000000e-01	1.534253e-05	1.134886e-04	1.134886e-04
8.000000e-01	9.000000e-01	3.401980e-05	1.689686e-04	1.689686e-04
9.000000e-01	1.000000e+00	1.040744e-04	2.953661e-04	2.953661e-04
1.000000e+00	1.100000e+00	1.012769e-04	2.914622e-04	2.914622e-04
1.100000e+00	1.200000e+00	5.429652e-07	2.135569e-05	2.135569e-05
1.200000e+00	1.300000e+00	1.897475e-04	3.988659e-04	3.988659e-04
1.300000e+00	1.400000e+00	2.135646e-04	4.231814e-04	4.231814e-04
1.400000e+00	1.500000e+00	2.754120e-04	4.805186e-04	4.805186e-04
1.500000e+00	1.600000e+00	9.602018e-04	8.956216e-04	8.956216e-04
1.600000e+00	1.700000e+00	1.440202e-05	1.099822e-04	1.099822e-04
1.700000e+00	1.800000e+00	4.863916e-05	2.020989e-04	2.020989e-04
1.800000e+00	1.900000e+00	3.447182e-04	5.376652e-04	5.376652e-04
1.900000e+00	2.000000e+00	4.747171e-05	1.996642e-04	1.996642e-04
2.000000e+00	2.100000e+00	5.122581e-05	2.074089e-04	2.074089e-04
2.100000e+00	2.200000e+00	1.357374e-04	3.375674e-04	3.375674e-04
2.200000e+00	2.300000e+00	4.685684e-05	1.983712e-04	1.983712e-04
2.300000e+00	2.400000e+00	4.274052e-05	1.894584e-04	1.894584e-04
2.400000e+00	2.500000e+00	4.127589e-05	1.861852e-04	1.861852e-04
2.500000e+00	2.600000e+00	2.203002e-04	4.300090e-04	4.300090e-04
2.600000e+00	2.700000e+00	1.241138e-04	3.228116e-04	3.228116e-04
2.700000e+00	2.800000e+00	3.152885e-04	5.143508e-04	5.143508e-04
2.800000e+00	2.900000e+00	4.640168e-07	1.974219e-05	1.974219e-05
2.900000e+00	3.000000e+00	2.752330e-05	1.520402e-04	1.520402e-04
3.000000e+00	3.100000e+00	1.420889e-08	3.454689e-06	3.454689e-06
3.100000e+00	3.200000e+00	3.964323e-06	5.770458e-05	5.770458e-05
3.200000e+00	3.300000e+00	4.225339e-05	1.883770e-04	1.883770e-04
3.300000e+00	3.400000e+00	1.217702e-03	1.008910e-03	1.008910e-03
3.400000e+00	3.500000e+00	3.664404e-06	5.547883e-05	5.547883e-05
3.500000e+00	3.600000e+00	3.772875e-04	5.624944e-04	5.624944e-04
3.600000e+00	3.700000e+00	2.275543e-06	4.371891e-05	4.371891e-05
3.700000e+00	3.800000e+00	2.602445e-05	1.478413e-04	1.478413e-04
3.800000e+00	3.900000e+00	7.307309e-04	7.821175e-04	7.821175e-04
3.900000e+00	4.000000e+00	1.291671e-04	3.292927e-04	3.292927e-04
4.000000e+00	4.100000e+00	3.453445e-04	5.381520e-04	5.381520e-04
4.100000e+00	4.200000e+00	5.926901e-06	7.055642e-05	7.055642e-05
4.200000e+00	4.300000e+00	5.630710e-04	6.867599e-04	6.867599e-04
4.300000e+00	4.400000e+00	7.229283e-06	7.792365e-05	7.792365e-05
4.400000e+00	4.500000e+00	1.697758e-04	3.774674e-04	3.774674e-04
4.500000e+00	4.600000e+00	1.413833e-04	3.444777e-04	3.444777e-04
4.600000e+00	4.700000e+00	2.547497e-07	1.462802e-05	1.462802e-05
4.700000e+00	4.800000e+00	1.613616e-04	3.680026e-04	3.680026e-04
4.800000e+00	4.900000e+00	4.233520e-04	5.956112e-04	5.956112e-04
4.900000e+00	5.000000e+00	2.917956e-05	1.565422e-04	1.565422e-04
5.000000e+00	5.100000e+00	3.393206e-04	5.333746e-04	5.333746e-04
5.100000e+00	5.200000e+00	1.238502e-03	1.015731e-03	1.015731e-03
5.200000e+00	5.300000e+00	2.024273e-04	4.120729e-04	4.120729e-04
5.300000e+00	5.400000e+00	3.457816e-04	5.383722e-04	5.383722e-04
5.400000e+00	5.500000e+00	2.924300e-06	4.956049e-05	4.956049e-05
5.500000e+00	5.600000e+00	1.625338e-04	3.692782e-04	3.692782e-04
5.600000e+00	5.700000e+00	7.742521e-06	8.064152e-05	8.064152e-05
5.700000e+00	5.800000e+00	3.129877e-04	5.121932e-04	5.121932e-04
5.800000e+00	5.900000e+00	1.096231e-04	3.033240e-04	3.033240e-04
5.900000e+00	6.000000e+00	1.382413e-07	1.077575e-05	1.077575e-05
6.000000e+00	6.100000e+00	8.305492e-05	2.640356e-04	2.640356e-04
6.100000e+00	6.200000e+00	7.768694e-04	8.050800e-04	8.050800e-04
6.200000e+00	6.300000e+00	3.996084e-05	1.831773e-04	1.831773e-04
6.300000e+00	6.400000e+00	1.294791e-04	3.295776e-04	3.295776e-04
6.400000e+00	6.500000e+00	4.453582e-04	6.105279e-04	6.105279e-04
6.500000e+00	6.600000e+00	4.795396e-06	6.346464e-05	6.346464e-05
6.600000e+00	6.700000e+00	8.302450e-07	2.640768e-05	2.640768e-05
6.700000e+00	6.800000e+00	2.580522e-05	1.472062e-04	1.472062e-04
6.800000e+00	6.900000e+00	2.190732e-06	4.289620e-05	4.289620e-05
6.900000e+00	7.000000e+00	2.962702e-06	4.988459e-05	4.988459e-05
7.000000e+00	7.100000e+00	1.279315e-04	3.275804e-04	3.275804e-04
7.100000e+00	7.200000e+00	2.028448e-05	1.305145e-04	1.305145e-04
7.200000e+00	7.300000e+00	8.195197e-04	8.261392e-04	8.261392e-04
7.300000e+00	7.400000e+00	1.462780e-03	1.099176e-03	1.099176e-03
7.400000e+00	7.500000e+00	1.007840e-03	9.149231e-04	9.149231e-04
7.500000e+00	7.600000e+00	5.746746e-04	6.924633e-04	6.924633e-04
7.600000e+00	7.700000e+00	1.898418e-03	1.249246e-03	1.249246e-03
7.700000e+00	7.800000e+00	9.613885e-04	8.930662e-04	8.930662e-04
7.800000e+00	7.900000e+00	2.163164e-03	1.330123e-03	1.330123e-03
7.900000e+00	8.000000e+00	1.224115e-03	1.006439e-03	1.006439e-03
8.000000e+00	8.100000e+00	9.000774e-04	8.640450e-04	8.640450e-04
8.100000e+00	8.200000e+00	2.115735e-04	4.209147e-04	4.209147e-04
8.200000e+00	8.300000e+00	1.485505e-03	1.104178e-03	1.104178e-03
8.300000e+00	8.400000e+00	8.248968e-04	8.272490e-04	8.272490e-04
8.400000e+00	8.500000e+00	8.189378e-05	2.620898e-04	2.620898e-04
8.500000e+00	8.600000e+00	8.082715e-05	2.603504e-04	2.603504e-04
8.600000e+00	8.700000e+00	6.948746e-05	2.414065e-04	2.414065e-04
8.700000e+00	8.800000e+00	1.307291e-04	3.308324e-04	3.308324e-04
8.800000e+00	8.900000e+00	1.840961e-06	3.932256e-05	3.932256e-05
8.900000e+00	9.000000e+00	6.639255e-04	7.392625e-04	7.392625e-04
9.000000e+00	9.100000e+00	2.043735e-04	4.130791e-04	4.130791e-04
9.100000e+00	9.200000e+00	5.490566e-04	6.721139e-04	6.721139e-04
9.200000e+00	9.300000e+00	1.998515e-03	1.238603e-03	1.238603e-03
9.300000e+00	9.400000e+00	3.249713e-07	1.652148e-05	1.652148e-05
9.400000e+00	9.500000e+00	2.399133e-04	4.466167e-04	4.466167e-04
9.500000e+00	9.600000e+00	1.101500e-03	9.338987e-04	9.338987e-04
9.600000e+00	9.700000e+00	3.020476e-03	1.446431e-03	1.446431e-03
9.700000e+00	9.800000e+00	2.132669e-03	1.251263e-03	1.251263e-03
9.800000e+00	9.900000e+00	3.400201e-04	5.293759e-04	5.293759e-04
9.900000e+00	1.000000e+01	2.741859e-03	1.314182e-03	1.314182e-03
1.000000e+01	1.010000e+01	4.392369e-04	5.973846e-04	5.973846e-04
1.010000e+01	1.020000e+01	7.407898e-04	7.663113e-04	7.663113e-04
1.020000e+01	1.030000e+01	5.076925e-04	6.371038e-04	6.371038e-04
1.030000e+01	1.040000e+01	1.321420e-03	9.720423e-04	9.720423e-04
1.040000e+01	1.050000e+01	8.697077e-04	8.076302e-04	8.076302e-04
1.050000e+01	1.060000e+01	2.327250e-04	4.354510e-04	4.354510e-04
1.060000e+01	1.070000e+01	2.115334e-03	1.025002e-03	1.025002e-03
1.070000e+01	1.080000e+01	5.379248e-04	6.374070e-04	6.374070e-04
1.080000e+01	1.090000e+01	1.817903e-03	8.539926e-04	8.539926e-04
1.090000e+01	1.100000e+01	7.562608e-04	7.424468e-04	7.424468e-04
1.100000e+01	1.110000e+01	1.125284e-03	8.216276e-04	8.216276e-04
1.110000e+01	1.120000e+01	1.009004e-03	7.883372e-04	7.883372e-04
1.120000e+01	1.130000e+01	3.331650e-04	4.963285e-04	4.963285e-04
1.130000e+01	1.140000e+01	5.722393e-04	6.275322e-04	6.275322e-04
1.140000e+01	1.150000e+01	2.899023e-04	4.662853e-04	4.662853e-04
1.150000e+01	1.160000e+01	5.921211e-04	5.921593e-04	5.921593e-04
1.160000e+01	1.170000e+01	1.210102e-03	2.934929e-04	2.934929e-04
1.170000e+01	1.180000e+01	3.118819e-04	4.599873e-04	4.599873e-04
1.180000e+01	1.190000e+01	1.665828e-04	3.509575e-04	3.509575e-04
1.190000e+01	1.200000e+01	6.406425e-04	2.135475e-04	2.135475e-04
1.200000e+01	1.210000e+01	4.270949e-04	1.743608e-04	1.743608e-04
1.210000e+01	1.220000e+01	2.637844e-05	1.470346e-04	1.470346e-04
1.220000e+01	1.230000e+01	4.270949e-04	1.743608e-04	1.743608e-04
1.230000e+01	1.240000e+01	6.406425e-04	2.135475e-04	2.135475e-04
1.240000e+01	1.250000e+01	2.135475e-04	1.232917e-04	1.232917e-04
1.250000e+01	1.260000e+01	2.135475e-04	1.232917e-04	1.232917e-04
1.260000e+01	1.270000e+01	3.559124e-04	1.591689e-04	1.591689e-04
1.270000e+01	1.280000e+01	1.423649e-04	1.006672e-04	1.006672e-04
1.280000e+01	1.290000e+01	7.118250e-05	7.118248e-05	7.118248e-05
1.290000e+01	1.300000e+01	1.423650e-04	1.006672e-04	1.006672e-04
1.300000e+01	1.310000e+01	1.423650e-04	1.006672e-04	1.006672e-04
1.310000e+01	1.320000e+01	7.118250e-05	7.118248e-05	7.118248e-05
1.320000e+01	1.330000e+01	0.000000e+00	0.000000e+00	0.000000e+00
1.330000e+01	1.340000e+01	7.118250e-05	7.118248e-05	7.118248e-05
1.340000e+01	1.350000e+01	0.000000e+00	0.000000e+00	0.000000e+00
1.350000e+01	1.360000e+01	0.000000e+00	0.000000e+00	0.000000e+00
1.360000e+01	1.370000e+01	7.118250e-05	7.118248e-05	7.118248e-05
1.370000e+01	1.380000e+01	0.000000e+00	0.000000e+00	0.000000e+00
1.380000e+01	1.390000e+01	0.000000e+00	0.000000e+00	0.000000e+00
1.390000e+01	1.400000e+01	0.000000e+00	0.000000e+00	0.000000e+00
1.400000e+01	1.410000e+01	0.000000e+00	0.000000e+00	0.000000e+00
1.410000e+01	1.420000e+01	0.000000e+00	0.000000e+00	0.000000e+00
1.420000e+01	1.430000e+01	7.118250e-05	7.118248e-05	7.118248e-05
1.430000e+01	1.440000e+01	0.000000e+00	0.000000e+00	0.000000e+00
1.440000e+01	1.450000e+01	0.000000e+00	0.000000e+00	0.000000e+00
1.450000e+01	1.460000e+01	0.000000e+00	0.000000e+00	0.000000e+00
1.460000e+01	1.470000e+01	7.118250e-05	7.118248e-05	7.118248e-05
1.470000e+01	1.480000e+01	7.118250e-05	7.118248e-05	7.118248e-05
1.480000e+01	1.490000e+01	0.000000e+00	0.000000e+00	0.000000e+00
1.490000e+01	1.500000e+01	0.000000e+00	0.000000e+00	0.000000e+00
# END HISTO1D

