# BEGIN PLOT
RatioPlotYLabel=Ratio
LegendOnly=//home/frederic/Work/Software/LesHouches2017/lh2017-alphas/rivet-analysis/gluon-as013650-parton.yoda/MC_LHJSS_Zjet/Angularity_zcut_0.2_beta_0_alpha_0.5 //home/frederic/Work/Software/LesHouches2017/lh2017-alphas/rivet-analysis/gluon-as012285-parton.yoda/MC_LHJSS_Zjet/Angularity_zcut_0.2_beta_0_alpha_0.5 //home/frederic/Work/Software/LesHouches2017/lh2017-alphas/rivet-analysis/gluon-as015015-parton.yoda/MC_LHJSS_Zjet/Angularity_zcut_0.2_beta_0_alpha_0.5
XLabel=$e_\alpha$
RatioPlotReference=//home/frederic/Work/Software/LesHouches2017/lh2017-alphas/rivet-analysis/gluon-as013650-parton.yoda/MC_LHJSS_Zjet/Angularity_zcut_0.2_beta_0_alpha_0.5
YLabel=$1/\sigma \text{d}\sigma/\text{d}e_{\alpha}$
DrawOnly=//home/frederic/Work/Software/LesHouches2017/lh2017-alphas/rivet-analysis/gluon-as013650-parton.yoda/MC_LHJSS_Zjet/Angularity_zcut_0.2_beta_0_alpha_0.5 //home/frederic/Work/Software/LesHouches2017/lh2017-alphas/rivet-analysis/gluon-as012285-parton.yoda/MC_LHJSS_Zjet/Angularity_zcut_0.2_beta_0_alpha_0.5 //home/frederic/Work/Software/LesHouches2017/lh2017-alphas/rivet-analysis/gluon-as015015-parton.yoda/MC_LHJSS_Zjet/Angularity_zcut_0.2_beta_0_alpha_0.5
RatioPlot=1
Title=Angularity, $\alpha$ = 0.5 $z_{cut}$ = 0.2 $\beta$ = 0
Legend=1
LogY=0
# END PLOT

# BEGIN HISTO1D //home/frederic/Work/Software/LesHouches2017/lh2017-alphas/rivet-analysis/gluon-as013650-parton.yoda/MC_LHJSS_Zjet/Angularity_zcut_0.2_beta_0_alpha_0.5
LineColor=red
LineStyle=solid
NormalizeToSum=1
Path=//home/frederic/Work/Software/LesHouches2017/lh2017-alphas/rivet-analysis/gluon-as013650-parton.yoda/MC_LHJSS_Zjet/Angularity_zcut_0.2_beta_0_alpha_0.5
ScaledBy=1.42364966828962723e-05
Title=gluon-as013650-parton
XLabel=
YLabel=
# xlow	 xhigh	 val	 errminus	 errplus
0.000000e+00	1.000000e-02	1.013923e+01	1.201446e-01	1.201446e-01
1.000000e-02	2.000000e-02	9.168304e-01	3.612817e-02	3.612817e-02
2.000000e-02	3.000000e-02	3.522109e+00	7.081137e-02	7.081137e-02
3.000000e-02	4.000000e-02	4.278067e+00	7.804146e-02	7.804146e-02
4.000000e-02	5.000000e-02	4.262407e+00	7.789849e-02	7.789849e-02
5.000000e-02	6.000000e-02	4.008997e+00	7.554739e-02	7.554739e-02
6.000000e-02	7.000000e-02	3.623188e+00	7.182027e-02	7.182027e-02
7.000000e-02	8.000000e-02	3.570513e+00	7.129628e-02	7.129628e-02
8.000000e-02	9.000000e-02	3.381168e+00	6.938011e-02	6.938011e-02
9.000000e-02	1.000000e-01	3.072236e+00	6.613462e-02	6.613462e-02
1.000000e-01	1.100000e-01	3.043763e+00	6.582744e-02	6.582744e-02
1.100000e-01	1.200000e-01	2.858689e+00	6.379476e-02	6.379476e-02
1.200000e-01	1.300000e-01	2.687851e+00	6.185918e-02	6.185918e-02
1.300000e-01	1.400000e-01	2.605279e+00	6.090159e-02	6.090159e-02
1.400000e-01	1.500000e-01	2.364682e+00	5.802137e-02	5.802137e-02
1.500000e-01	1.600000e-01	2.284958e+00	5.703489e-02	5.703489e-02
1.600000e-01	1.700000e-01	2.256485e+00	5.667843e-02	5.667843e-02
1.700000e-01	1.800000e-01	2.198115e+00	5.594056e-02	5.594056e-02
1.800000e-01	1.900000e-01	2.004499e+00	5.342007e-02	5.342007e-02
1.900000e-01	2.000000e-01	2.032972e+00	5.379814e-02	5.379814e-02
2.000000e-01	2.100000e-01	1.892030e+00	5.189979e-02	5.189979e-02
2.100000e-01	2.200000e-01	1.808035e+00	5.073469e-02	5.073469e-02
2.200000e-01	2.300000e-01	1.786680e+00	5.043418e-02	5.043418e-02
2.300000e-01	2.400000e-01	1.712651e+00	4.937827e-02	4.937827e-02
2.400000e-01	2.500000e-01	1.729734e+00	4.962395e-02	4.962395e-02
2.500000e-01	2.600000e-01	1.523305e+00	4.656880e-02	4.656880e-02
2.600000e-01	2.700000e-01	1.527576e+00	4.663403e-02	4.663403e-02
2.700000e-01	2.800000e-01	1.509069e+00	4.635067e-02	4.635067e-02
2.800000e-01	2.900000e-01	1.474901e+00	4.582294e-02	4.582294e-02
2.900000e-01	3.000000e-01	1.365280e+00	4.408719e-02	4.408719e-02
3.000000e-01	3.100000e-01	1.366704e+00	4.411017e-02	4.411017e-02
3.100000e-01	3.200000e-01	1.218644e+00	4.165239e-02	4.165239e-02
3.200000e-01	3.300000e-01	1.200137e+00	4.133490e-02	4.133490e-02
3.300000e-01	3.400000e-01	1.084821e+00	3.929892e-02	3.929892e-02
3.400000e-01	3.500000e-01	1.127531e+00	4.006505e-02	4.006505e-02
3.500000e-01	3.600000e-01	9.851656e-01	3.745038e-02	3.745038e-02
3.600000e-01	3.700000e-01	9.495743e-01	3.676766e-02	3.676766e-02
3.700000e-01	3.800000e-01	8.613080e-01	3.501715e-02	3.501715e-02
3.800000e-01	3.900000e-01	8.428006e-01	3.463889e-02	3.463889e-02
3.900000e-01	4.000000e-01	8.413770e-01	3.460962e-02	3.460962e-02
4.000000e-01	4.100000e-01	7.986675e-01	3.371977e-02	3.371977e-02
4.100000e-01	4.200000e-01	6.406424e-01	3.020017e-02	3.020017e-02
4.200000e-01	4.300000e-01	6.990120e-01	3.154597e-02	3.154597e-02
4.300000e-01	4.400000e-01	5.879673e-01	2.893198e-02	2.893198e-02
4.400000e-01	4.500000e-01	6.192876e-01	2.969257e-02	2.969257e-02
4.500000e-01	4.600000e-01	5.110902e-01	2.697431e-02	2.697431e-02
4.600000e-01	4.700000e-01	4.868882e-01	2.632790e-02	2.632790e-02
4.700000e-01	4.800000e-01	4.199767e-01	2.445199e-02	2.445199e-02
4.800000e-01	4.900000e-01	4.043165e-01	2.399177e-02	2.399177e-02
4.900000e-01	5.000000e-01	3.573361e-01	2.255485e-02	2.255485e-02
5.000000e-01	5.100000e-01	3.160502e-01	2.121190e-02	2.121190e-02
5.100000e-01	5.200000e-01	3.103556e-01	2.101994e-02	2.101994e-02
5.200000e-01	5.300000e-01	2.704934e-01	1.962366e-02	1.962366e-02
5.300000e-01	5.400000e-01	2.149711e-01	1.749410e-02	1.749410e-02
5.400000e-01	5.500000e-01	2.149711e-01	1.749410e-02	1.749410e-02
5.500000e-01	5.600000e-01	1.808035e-01	1.604372e-02	1.604372e-02
5.600000e-01	5.700000e-01	1.466359e-01	1.444847e-02	1.444847e-02
5.700000e-01	5.800000e-01	1.580251e-01	1.499908e-02	1.499908e-02
5.800000e-01	5.900000e-01	1.267048e-01	1.343069e-02	1.343069e-02
5.900000e-01	6.000000e-01	9.538453e-02	1.165308e-02	1.165308e-02
6.000000e-01	6.100000e-01	9.396088e-02	1.156579e-02	1.156579e-02
6.100000e-01	6.200000e-01	7.972438e-02	1.065362e-02	1.065362e-02
6.200000e-01	6.300000e-01	7.118248e-02	1.006672e-02	1.006672e-02
6.300000e-01	6.400000e-01	5.979329e-02	9.226304e-03	9.226304e-03
6.400000e-01	6.500000e-01	5.125139e-02	8.541898e-03	8.541898e-03
6.500000e-01	6.600000e-01	3.701489e-02	7.259218e-03	7.259218e-03
6.600000e-01	6.700000e-01	2.135475e-02	5.513772e-03	5.513772e-03
6.700000e-01	6.800000e-01	2.277839e-02	5.694598e-03	5.694598e-03
6.800000e-01	6.900000e-01	1.281285e-02	4.270950e-03	4.270950e-03
6.900000e-01	7.000000e-01	2.420204e-02	5.869858e-03	5.869858e-03
7.000000e-01	7.100000e-01	1.708380e-02	4.931667e-03	4.931667e-03
7.100000e-01	7.200000e-01	5.694599e-03	2.847299e-03	2.847299e-03
7.200000e-01	7.300000e-01	4.270949e-03	2.465834e-03	2.465834e-03
7.300000e-01	7.400000e-01	5.694599e-03	2.847299e-03	2.847299e-03
7.400000e-01	7.500000e-01	2.847299e-03	2.013345e-03	2.013345e-03
7.500000e-01	7.600000e-01	4.270949e-03	2.465834e-03	2.465834e-03
7.600000e-01	7.700000e-01	4.270949e-03	2.465834e-03	2.465834e-03
7.700000e-01	7.800000e-01	0.000000e+00	0.000000e+00	0.000000e+00
7.800000e-01	7.900000e-01	1.423650e-03	1.423650e-03	1.423650e-03
7.900000e-01	8.000000e-01	0.000000e+00	0.000000e+00	0.000000e+00
8.000000e-01	8.100000e-01	0.000000e+00	0.000000e+00	0.000000e+00
8.100000e-01	8.200000e-01	1.423650e-03	1.423650e-03	1.423650e-03
8.200000e-01	8.300000e-01	0.000000e+00	0.000000e+00	0.000000e+00
8.300000e-01	8.400000e-01	0.000000e+00	0.000000e+00	0.000000e+00
8.400000e-01	8.500000e-01	0.000000e+00	0.000000e+00	0.000000e+00
8.500000e-01	8.600000e-01	0.000000e+00	0.000000e+00	0.000000e+00
8.600000e-01	8.700000e-01	0.000000e+00	0.000000e+00	0.000000e+00
8.700000e-01	8.800000e-01	0.000000e+00	0.000000e+00	0.000000e+00
8.800000e-01	8.900000e-01	0.000000e+00	0.000000e+00	0.000000e+00
8.900000e-01	9.000000e-01	0.000000e+00	0.000000e+00	0.000000e+00
9.000000e-01	9.100000e-01	0.000000e+00	0.000000e+00	0.000000e+00
9.100000e-01	9.200000e-01	0.000000e+00	0.000000e+00	0.000000e+00
9.200000e-01	9.300000e-01	0.000000e+00	0.000000e+00	0.000000e+00
9.300000e-01	9.400000e-01	0.000000e+00	0.000000e+00	0.000000e+00
9.400000e-01	9.500000e-01	0.000000e+00	0.000000e+00	0.000000e+00
9.500000e-01	9.600000e-01	0.000000e+00	0.000000e+00	0.000000e+00
9.600000e-01	9.700000e-01	0.000000e+00	0.000000e+00	0.000000e+00
9.700000e-01	9.800000e-01	0.000000e+00	0.000000e+00	0.000000e+00
9.800000e-01	9.900000e-01	0.000000e+00	0.000000e+00	0.000000e+00
9.900000e-01	1.000000e+00	0.000000e+00	0.000000e+00	0.000000e+00
# END HISTO1D

# BEGIN HISTO1D //home/frederic/Work/Software/LesHouches2017/lh2017-alphas/rivet-analysis/gluon-as012285-parton.yoda/MC_LHJSS_Zjet/Angularity_zcut_0.2_beta_0_alpha_0.5
LineColor=blue
LineStyle=solid
NormalizeToSum=1
Path=//home/frederic/Work/Software/LesHouches2017/lh2017-alphas/rivet-analysis/gluon-as012285-parton.yoda/MC_LHJSS_Zjet/Angularity_zcut_0.2_beta_0_alpha_0.5
ScaledBy=1.41430713093655423e-05
Title=gluon-as012285-parton
XLabel=
YLabel=
# xlow	 xhigh	 val	 errminus	 errplus
0.000000e+00	1.000000e-02	1.627443e+01	1.517137e-01	1.517137e-01
1.000000e-02	2.000000e-02	9.461715e-01	3.658110e-02	3.658110e-02
2.000000e-02	3.000000e-02	4.125534e+00	7.638568e-02	7.638568e-02
3.000000e-02	4.000000e-02	5.013719e+00	8.420771e-02	8.420771e-02
4.000000e-02	5.000000e-02	4.409810e+00	7.897357e-02	7.897357e-02
5.000000e-02	6.000000e-02	3.859644e+00	7.388316e-02	7.388316e-02
6.000000e-02	7.000000e-02	3.548497e+00	7.084253e-02	7.084253e-02
7.000000e-02	8.000000e-02	3.425452e+00	6.960346e-02	6.960346e-02
8.000000e-02	9.000000e-02	3.170877e+00	6.696710e-02	6.696710e-02
9.000000e-02	1.000000e-01	3.002574e+00	6.516565e-02	6.516565e-02
1.000000e-01	1.100000e-01	2.774871e+00	6.264598e-02	6.264598e-02
1.100000e-01	1.200000e-01	2.605154e+00	6.069998e-02	6.069998e-02
1.200000e-01	1.300000e-01	2.569796e+00	6.028666e-02	6.028666e-02
1.300000e-01	1.400000e-01	2.467966e+00	5.908013e-02	5.908013e-02
1.400000e-01	1.500000e-01	2.224705e+00	5.609292e-02	5.609292e-02
1.500000e-01	1.600000e-01	2.179447e+00	5.551944e-02	5.551944e-02
1.600000e-01	1.700000e-01	2.009730e+00	5.331394e-02	5.331394e-02
1.700000e-01	1.800000e-01	2.002659e+00	5.322006e-02	5.322006e-02
1.800000e-01	1.900000e-01	1.881028e+00	5.157860e-02	5.157860e-02
1.900000e-01	2.000000e-01	1.844256e+00	5.107196e-02	5.107196e-02
2.000000e-01	2.100000e-01	1.745255e+00	4.968226e-02	4.968226e-02
2.100000e-01	2.200000e-01	1.609482e+00	4.771060e-02	4.771060e-02
2.200000e-01	2.300000e-01	1.588267e+00	4.739512e-02	4.739512e-02
2.300000e-01	2.400000e-01	1.578367e+00	4.724717e-02	4.724717e-02
2.400000e-01	2.500000e-01	1.431279e+00	4.499187e-02	4.499187e-02
2.500000e-01	2.600000e-01	1.516137e+00	4.630641e-02	4.630641e-02
2.600000e-01	2.700000e-01	1.356321e+00	4.379788e-02	4.379788e-02
2.700000e-01	2.800000e-01	1.203575e+00	4.125803e-02	4.125803e-02
2.800000e-01	2.900000e-01	1.216304e+00	4.147563e-02	4.147563e-02
2.900000e-01	3.000000e-01	1.219133e+00	4.152382e-02	4.152382e-02
3.000000e-01	3.100000e-01	1.130031e+00	3.997763e-02	3.997763e-02
3.100000e-01	3.200000e-01	1.048002e+00	3.849930e-02	3.849930e-02
3.200000e-01	3.300000e-01	1.014058e+00	3.787070e-02	3.787070e-02
3.300000e-01	3.400000e-01	9.673861e-01	3.698893e-02	3.698893e-02
3.400000e-01	3.500000e-01	8.697989e-01	3.507368e-02	3.507368e-02
3.500000e-01	3.600000e-01	8.542415e-01	3.475860e-02	3.475860e-02
3.600000e-01	3.700000e-01	7.806975e-01	3.322869e-02	3.322869e-02
3.700000e-01	3.800000e-01	8.188838e-01	3.403165e-02	3.403165e-02
3.800000e-01	3.900000e-01	7.029106e-01	3.152985e-02	3.152985e-02
3.900000e-01	4.000000e-01	6.562385e-01	3.046511e-02	3.046511e-02
4.000000e-01	4.100000e-01	6.406811e-01	3.010183e-02	3.010183e-02
4.100000e-01	4.200000e-01	5.784516e-01	2.860259e-02	2.860259e-02
4.200000e-01	4.300000e-01	5.628942e-01	2.821534e-02	2.821534e-02
4.300000e-01	4.400000e-01	4.935932e-01	2.642144e-02	2.642144e-02
4.400000e-01	4.500000e-01	4.356066e-01	2.482099e-02	2.482099e-02
4.500000e-01	4.600000e-01	4.214635e-01	2.441473e-02	2.441473e-02
4.600000e-01	4.700000e-01	4.101491e-01	2.408478e-02	2.408478e-02
4.700000e-01	4.800000e-01	3.111476e-01	2.097756e-02	2.097756e-02
4.800000e-01	4.900000e-01	3.281193e-01	2.154208e-02	2.154208e-02
4.900000e-01	5.000000e-01	2.701327e-01	1.954611e-02	1.954611e-02
5.000000e-01	5.100000e-01	2.927616e-01	2.034834e-02	2.034834e-02
5.100000e-01	5.200000e-01	2.277034e-01	1.794555e-02	1.794555e-02
5.200000e-01	5.300000e-01	2.220462e-01	1.772122e-02	1.772122e-02
5.300000e-01	5.400000e-01	1.668882e-01	1.536331e-02	1.536331e-02
5.400000e-01	5.500000e-01	1.640596e-01	1.523255e-02	1.523255e-02
5.500000e-01	5.600000e-01	1.287019e-01	1.349163e-02	1.349163e-02
5.600000e-01	5.700000e-01	1.032444e-01	1.208384e-02	1.208384e-02
5.700000e-01	5.800000e-01	9.334427e-02	1.148989e-02	1.148989e-02
5.800000e-01	5.900000e-01	1.046587e-01	1.216633e-02	1.216633e-02
5.900000e-01	6.000000e-01	7.071536e-02	1.000066e-02	1.000066e-02
6.000000e-01	6.100000e-01	5.657229e-02	8.944864e-03	8.944864e-03
6.100000e-01	6.200000e-01	5.091506e-02	8.485843e-03	8.485843e-03
6.200000e-01	6.300000e-01	4.525783e-02	8.000529e-03	8.000529e-03
6.300000e-01	6.400000e-01	3.252906e-02	6.782779e-03	6.782779e-03
6.400000e-01	6.500000e-01	3.394337e-02	6.928661e-03	6.928661e-03
6.500000e-01	6.600000e-01	1.980030e-02	5.291853e-03	5.291853e-03
6.600000e-01	6.700000e-01	2.687184e-02	6.164822e-03	6.164822e-03
6.700000e-01	6.800000e-01	1.414307e-02	4.472432e-03	4.472432e-03
6.800000e-01	6.900000e-01	8.485843e-03	3.464331e-03	3.464331e-03
6.900000e-01	7.000000e-01	7.071536e-03	3.162486e-03	3.162486e-03
7.000000e-01	7.100000e-01	9.900150e-03	3.741905e-03	3.741905e-03
7.100000e-01	7.200000e-01	4.242921e-03	2.449652e-03	2.449652e-03
7.200000e-01	7.300000e-01	7.071536e-03	3.162486e-03	3.162486e-03
7.300000e-01	7.400000e-01	4.242921e-03	2.449652e-03	2.449652e-03
7.400000e-01	7.500000e-01	4.242921e-03	2.449652e-03	2.449652e-03
7.500000e-01	7.600000e-01	1.414307e-03	1.414307e-03	1.414307e-03
7.600000e-01	7.700000e-01	0.000000e+00	0.000000e+00	0.000000e+00
7.700000e-01	7.800000e-01	0.000000e+00	0.000000e+00	0.000000e+00
7.800000e-01	7.900000e-01	0.000000e+00	0.000000e+00	0.000000e+00
7.900000e-01	8.000000e-01	1.414307e-03	1.414307e-03	1.414307e-03
8.000000e-01	8.100000e-01	0.000000e+00	0.000000e+00	0.000000e+00
8.100000e-01	8.200000e-01	0.000000e+00	0.000000e+00	0.000000e+00
8.200000e-01	8.300000e-01	0.000000e+00	0.000000e+00	0.000000e+00
8.300000e-01	8.400000e-01	2.828614e-03	2.000132e-03	2.000132e-03
8.400000e-01	8.500000e-01	0.000000e+00	0.000000e+00	0.000000e+00
8.500000e-01	8.600000e-01	0.000000e+00	0.000000e+00	0.000000e+00
8.600000e-01	8.700000e-01	0.000000e+00	0.000000e+00	0.000000e+00
8.700000e-01	8.800000e-01	0.000000e+00	0.000000e+00	0.000000e+00
8.800000e-01	8.900000e-01	0.000000e+00	0.000000e+00	0.000000e+00
8.900000e-01	9.000000e-01	0.000000e+00	0.000000e+00	0.000000e+00
9.000000e-01	9.100000e-01	0.000000e+00	0.000000e+00	0.000000e+00
9.100000e-01	9.200000e-01	0.000000e+00	0.000000e+00	0.000000e+00
9.200000e-01	9.300000e-01	0.000000e+00	0.000000e+00	0.000000e+00
9.300000e-01	9.400000e-01	0.000000e+00	0.000000e+00	0.000000e+00
9.400000e-01	9.500000e-01	0.000000e+00	0.000000e+00	0.000000e+00
9.500000e-01	9.600000e-01	0.000000e+00	0.000000e+00	0.000000e+00
9.600000e-01	9.700000e-01	0.000000e+00	0.000000e+00	0.000000e+00
9.700000e-01	9.800000e-01	0.000000e+00	0.000000e+00	0.000000e+00
9.800000e-01	9.900000e-01	0.000000e+00	0.000000e+00	0.000000e+00
9.900000e-01	1.000000e+00	0.000000e+00	0.000000e+00	0.000000e+00
# END HISTO1D

# BEGIN HISTO1D //home/frederic/Work/Software/LesHouches2017/lh2017-alphas/rivet-analysis/gluon-as015015-parton.yoda/MC_LHJSS_Zjet/Angularity_zcut_0.2_beta_0_alpha_0.5
LineColor=green
LineStyle=solid
NormalizeToSum=1
Path=//home/frederic/Work/Software/LesHouches2017/lh2017-alphas/rivet-analysis/gluon-as015015-parton.yoda/MC_LHJSS_Zjet/Angularity_zcut_0.2_beta_0_alpha_0.5
ScaledBy=1.43133185429041716e-05
Title=gluon-as015015-parton
XLabel=
YLabel=
# xlow	 xhigh	 val	 errminus	 errplus
0.000000e+00	1.000000e-02	6.024476e+00	9.286024e-02	9.286024e-02
1.000000e-02	2.000000e-02	7.428612e-01	3.260799e-02	3.260799e-02
2.000000e-02	3.000000e-02	2.433264e+00	5.901532e-02	5.901532e-02
3.000000e-02	4.000000e-02	3.269162e+00	6.840509e-02	6.840509e-02
4.000000e-02	5.000000e-02	3.536821e+00	7.115030e-02	7.115030e-02
5.000000e-02	6.000000e-02	3.632720e+00	7.210845e-02	7.210845e-02
6.000000e-02	7.000000e-02	3.780147e+00	7.355709e-02	7.355709e-02
7.000000e-02	8.000000e-02	3.652759e+00	7.230705e-02	7.230705e-02
8.000000e-02	9.000000e-02	3.440922e+00	7.017906e-02	7.017906e-02
9.000000e-02	1.000000e-01	3.250555e+00	6.821013e-02	6.821013e-02
1.000000e-01	1.100000e-01	3.150361e+00	6.715067e-02	6.715067e-02
1.100000e-01	1.200000e-01	3.035855e+00	6.591901e-02	6.591901e-02
1.200000e-01	1.300000e-01	2.743863e+00	6.266880e-02	6.266880e-02
1.300000e-01	1.400000e-01	2.709511e+00	6.227528e-02	6.227528e-02
1.400000e-01	1.500000e-01	2.680885e+00	6.194542e-02	6.194542e-02
1.500000e-01	1.600000e-01	2.576397e+00	6.072627e-02	6.072627e-02
1.600000e-01	1.700000e-01	2.467616e+00	5.943045e-02	5.943045e-02
1.700000e-01	1.800000e-01	2.304444e+00	5.743192e-02	5.743192e-02
1.800000e-01	1.900000e-01	2.247191e+00	5.671398e-02	5.671398e-02
1.900000e-01	2.000000e-01	2.202820e+00	5.615128e-02	5.615128e-02
2.000000e-01	2.100000e-01	2.101195e+00	5.484075e-02	5.484075e-02
2.100000e-01	2.200000e-01	2.053961e+00	5.422084e-02	5.422084e-02
2.200000e-01	2.300000e-01	1.970944e+00	5.311379e-02	5.311379e-02
2.300000e-01	2.400000e-01	1.877907e+00	5.184505e-02	5.184505e-02
2.400000e-01	2.500000e-01	1.834967e+00	5.124887e-02	5.124887e-02
2.500000e-01	2.600000e-01	1.797753e+00	5.072653e-02	5.072653e-02
2.600000e-01	2.700000e-01	1.684678e+00	4.910533e-02	4.910533e-02
2.700000e-01	2.800000e-01	1.704716e+00	4.939651e-02	4.939651e-02
2.800000e-01	2.900000e-01	1.624562e+00	4.822123e-02	4.822123e-02
2.900000e-01	3.000000e-01	1.547270e+00	4.706013e-02	4.706013e-02
3.000000e-01	3.100000e-01	1.451371e+00	4.557843e-02	4.557843e-02
3.100000e-01	3.200000e-01	1.375510e+00	4.437129e-02	4.437129e-02
3.200000e-01	3.300000e-01	1.346883e+00	4.390714e-02	4.390714e-02
3.300000e-01	3.400000e-01	1.283905e+00	4.286833e-02	4.286833e-02
3.400000e-01	3.500000e-01	1.173692e+00	4.098711e-02	4.098711e-02
3.500000e-01	3.600000e-01	1.123596e+00	4.010284e-02	4.010284e-02
3.600000e-01	3.700000e-01	1.083518e+00	3.938114e-02	3.938114e-02
3.700000e-01	3.800000e-01	1.039147e+00	3.856636e-02	3.856636e-02
3.800000e-01	3.900000e-01	1.016246e+00	3.813902e-02	3.813902e-02
3.900000e-01	4.000000e-01	9.818937e-01	3.748888e-02	3.748888e-02
4.000000e-01	4.100000e-01	9.017391e-01	3.592615e-02	3.592615e-02
4.100000e-01	4.200000e-01	8.358978e-01	3.458969e-02	3.458969e-02
4.200000e-01	4.300000e-01	8.430545e-01	3.473746e-02	3.473746e-02
4.300000e-01	4.400000e-01	6.856080e-01	3.132623e-02	3.132623e-02
4.400000e-01	4.500000e-01	6.698633e-01	3.096444e-02	3.096444e-02
4.500000e-01	4.600000e-01	5.868461e-01	2.898226e-02	2.898226e-02
4.600000e-01	4.700000e-01	6.126100e-01	2.961162e-02	2.961162e-02
4.700000e-01	4.800000e-01	5.510628e-01	2.808476e-02	2.808476e-02
4.800000e-01	4.900000e-01	4.880842e-01	2.643124e-02	2.643124e-02
4.900000e-01	5.000000e-01	4.766335e-01	2.611935e-02	2.611935e-02
5.000000e-01	5.100000e-01	4.107922e-01	2.424830e-02	2.424830e-02
5.100000e-01	5.200000e-01	3.635583e-01	2.281168e-02	2.281168e-02
5.200000e-01	5.300000e-01	3.463823e-01	2.226630e-02	2.226630e-02
5.300000e-01	5.400000e-01	3.234810e-01	2.151764e-02	2.151764e-02
5.400000e-01	5.500000e-01	2.748157e-01	1.983312e-02	1.983312e-02
5.500000e-01	5.600000e-01	2.361698e-01	1.838579e-02	1.838579e-02
5.600000e-01	5.700000e-01	2.461891e-01	1.877174e-02	1.877174e-02
5.700000e-01	5.800000e-01	1.789165e-01	1.600278e-02	1.600278e-02
5.800000e-01	5.900000e-01	1.674658e-01	1.548222e-02	1.548222e-02
5.900000e-01	6.000000e-01	1.345452e-01	1.387728e-02	1.387728e-02
6.000000e-01	6.100000e-01	1.087812e-01	1.247806e-02	1.247806e-02
6.100000e-01	6.200000e-01	1.116439e-01	1.264118e-02	1.264118e-02
6.200000e-01	6.300000e-01	8.015458e-02	1.071111e-02	1.071111e-02
6.300000e-01	6.400000e-01	5.439061e-02	8.823322e-03	8.823322e-03
6.400000e-01	6.500000e-01	7.299792e-02	1.022176e-02	1.022176e-02
6.500000e-01	6.600000e-01	5.152795e-02	8.587991e-03	8.587991e-03
6.600000e-01	6.700000e-01	5.152795e-02	8.587991e-03	8.587991e-03
6.700000e-01	6.800000e-01	3.578330e-02	7.156659e-03	7.156659e-03
6.800000e-01	6.900000e-01	2.290131e-02	5.725327e-03	5.725327e-03
6.900000e-01	7.000000e-01	3.578330e-02	7.156659e-03	7.156659e-03
7.000000e-01	7.100000e-01	1.431332e-02	4.526269e-03	4.526269e-03
7.100000e-01	7.200000e-01	1.431332e-02	4.526269e-03	4.526269e-03
7.200000e-01	7.300000e-01	1.860731e-02	5.160740e-03	5.160740e-03
7.300000e-01	7.400000e-01	4.293996e-03	2.479140e-03	2.479140e-03
7.400000e-01	7.500000e-01	8.587991e-03	3.506033e-03	3.506033e-03
7.500000e-01	7.600000e-01	7.156659e-03	3.200555e-03	3.200555e-03
7.600000e-01	7.700000e-01	2.862664e-03	2.024209e-03	2.024209e-03
7.700000e-01	7.800000e-01	4.293996e-03	2.479140e-03	2.479140e-03
7.800000e-01	7.900000e-01	4.293996e-03	2.479140e-03	2.479140e-03
7.900000e-01	8.000000e-01	1.431332e-03	1.431332e-03	1.431332e-03
8.000000e-01	8.100000e-01	0.000000e+00	0.000000e+00	0.000000e+00
8.100000e-01	8.200000e-01	1.431332e-03	1.431332e-03	1.431332e-03
8.200000e-01	8.300000e-01	0.000000e+00	0.000000e+00	0.000000e+00
8.300000e-01	8.400000e-01	2.862664e-03	2.024209e-03	2.024209e-03
8.400000e-01	8.500000e-01	0.000000e+00	0.000000e+00	0.000000e+00
8.500000e-01	8.600000e-01	0.000000e+00	0.000000e+00	0.000000e+00
8.600000e-01	8.700000e-01	0.000000e+00	0.000000e+00	0.000000e+00
8.700000e-01	8.800000e-01	0.000000e+00	0.000000e+00	0.000000e+00
8.800000e-01	8.900000e-01	0.000000e+00	0.000000e+00	0.000000e+00
8.900000e-01	9.000000e-01	0.000000e+00	0.000000e+00	0.000000e+00
9.000000e-01	9.100000e-01	0.000000e+00	0.000000e+00	0.000000e+00
9.100000e-01	9.200000e-01	0.000000e+00	0.000000e+00	0.000000e+00
9.200000e-01	9.300000e-01	0.000000e+00	0.000000e+00	0.000000e+00
9.300000e-01	9.400000e-01	0.000000e+00	0.000000e+00	0.000000e+00
9.400000e-01	9.500000e-01	0.000000e+00	0.000000e+00	0.000000e+00
9.500000e-01	9.600000e-01	0.000000e+00	0.000000e+00	0.000000e+00
9.600000e-01	9.700000e-01	0.000000e+00	0.000000e+00	0.000000e+00
9.700000e-01	9.800000e-01	0.000000e+00	0.000000e+00	0.000000e+00
9.800000e-01	9.900000e-01	0.000000e+00	0.000000e+00	0.000000e+00
9.900000e-01	1.000000e+00	0.000000e+00	0.000000e+00	0.000000e+00
# END HISTO1D

