# BEGIN PLOT
LegendOnly=//home/frederic/Work/Software/LesHouches2017/lh2017-alphas/rivet-analysis/gluon-as013650-parton.yoda/MC_LHJSS_Zjet/log_Angularity_zcut_0.05_beta_0_alpha_0.5 //home/frederic/Work/Software/LesHouches2017/lh2017-alphas/rivet-analysis/gluon-as012285-parton.yoda/MC_LHJSS_Zjet/log_Angularity_zcut_0.05_beta_0_alpha_0.5 //home/frederic/Work/Software/LesHouches2017/lh2017-alphas/rivet-analysis/gluon-as015015-parton.yoda/MC_LHJSS_Zjet/log_Angularity_zcut_0.05_beta_0_alpha_0.5
DrawOnly=//home/frederic/Work/Software/LesHouches2017/lh2017-alphas/rivet-analysis/gluon-as013650-parton.yoda/MC_LHJSS_Zjet/log_Angularity_zcut_0.05_beta_0_alpha_0.5 //home/frederic/Work/Software/LesHouches2017/lh2017-alphas/rivet-analysis/gluon-as012285-parton.yoda/MC_LHJSS_Zjet/log_Angularity_zcut_0.05_beta_0_alpha_0.5 //home/frederic/Work/Software/LesHouches2017/lh2017-alphas/rivet-analysis/gluon-as015015-parton.yoda/MC_LHJSS_Zjet/log_Angularity_zcut_0.05_beta_0_alpha_0.5
Title=Angularity, $\alpha$ = 0.5 $z_{cut}$ = 0.05 $\beta$ = 0
RatioPlot=1
LogX=0
LogY=0
RatioPlotYLabel=Ratio
RatioPlotReference=//home/frederic/Work/Software/LesHouches2017/lh2017-alphas/rivet-analysis/gluon-as013650-parton.yoda/MC_LHJSS_Zjet/log_Angularity_zcut_0.05_beta_0_alpha_0.5
XLabel=$e_\alpha$
YLabel=$1/\sigma \text{d}\sigma/\text{d}e_\alpha$
Legend=1
# END PLOT

# BEGIN HISTO1D //home/frederic/Work/Software/LesHouches2017/lh2017-alphas/rivet-analysis/gluon-as013650-parton.yoda/MC_LHJSS_Zjet/log_Angularity_zcut_0.05_beta_0_alpha_0.5
LineColor=red
LineStyle=solid
NormalizeToSum=1
Path=//home/frederic/Work/Software/LesHouches2017/lh2017-alphas/rivet-analysis/gluon-as013650-parton.yoda/MC_LHJSS_Zjet/log_Angularity_zcut_0.05_beta_0_alpha_0.5
ScaledBy=1.42364966828962723e-05
Title=gluon-as013650-parton
XLabel=
YLabel=
# xlow	 xhigh	 val	 errminus	 errplus
0.000000e+00	1.000000e-01	0.000000e+00	0.000000e+00	0.000000e+00
1.000000e-01	2.000000e-01	0.000000e+00	0.000000e+00	0.000000e+00
2.000000e-01	3.000000e-01	1.566015e-03	4.721712e-04	4.721712e-04
3.000000e-01	4.000000e-01	9.680818e-03	1.173971e-03	1.173971e-03
4.000000e-01	5.000000e-01	3.715726e-02	2.299977e-03	2.299977e-03
5.000000e-01	6.000000e-01	8.769682e-02	3.533405e-03	3.533405e-03
6.000000e-01	7.000000e-01	1.615842e-01	4.796241e-03	4.796241e-03
7.000000e-01	8.000000e-01	2.512742e-01	5.981023e-03	5.981023e-03
8.000000e-01	9.000000e-01	3.396828e-01	6.954059e-03	6.954059e-03
9.000000e-01	1.000000e+00	4.130008e-01	7.667910e-03	7.667910e-03
1.000000e+00	1.100000e+00	4.868882e-01	8.325612e-03	8.325612e-03
1.100000e+00	1.200000e+00	5.523761e-01	8.867863e-03	8.867863e-03
1.200000e+00	1.300000e+00	6.130235e-01	9.342006e-03	9.342006e-03
1.300000e+00	1.400000e+00	6.162979e-01	9.366923e-03	9.366923e-03
1.400000e+00	1.500000e+00	6.429202e-01	9.567095e-03	9.567095e-03
1.500000e+00	1.600000e+00	6.412118e-01	9.554376e-03	9.554376e-03
1.600000e+00	1.700000e+00	6.316734e-01	9.483046e-03	9.483046e-03
1.700000e+00	1.800000e+00	5.915264e-01	9.176745e-03	9.176745e-03
1.800000e+00	1.900000e+00	5.459696e-01	8.816289e-03	8.816289e-03
1.900000e+00	2.000000e+00	4.829020e-01	8.291461e-03	8.291461e-03
2.000000e+00	2.100000e+00	4.387688e-01	7.903500e-03	7.903500e-03
2.100000e+00	2.200000e+00	3.876598e-01	7.428942e-03	7.428942e-03
2.200000e+00	2.300000e+00	3.435267e-01	6.993294e-03	6.993294e-03
2.300000e+00	2.400000e+00	2.870078e-01	6.392171e-03	6.392171e-03
2.400000e+00	2.500000e+00	2.415933e-01	5.864676e-03	5.864676e-03
2.500000e+00	2.600000e+00	2.136898e-01	5.515609e-03	5.515609e-03
2.600000e+00	2.700000e+00	1.789528e-01	5.047435e-03	5.047435e-03
2.700000e+00	2.800000e+00	1.406566e-01	4.474882e-03	4.474882e-03
2.800000e+00	2.900000e+00	1.275590e-01	4.261447e-03	4.261447e-03
2.900000e+00	3.000000e+00	9.154067e-02	3.610011e-03	3.610011e-03
3.000000e+00	3.100000e+00	8.257168e-02	3.428602e-03	3.428602e-03
3.100000e+00	3.200000e+00	6.335241e-02	3.003192e-03	3.003192e-03
3.200000e+00	3.300000e+00	4.797699e-02	2.613473e-03	2.613473e-03
3.300000e+00	3.400000e+00	3.801145e-02	2.326263e-03	2.326263e-03
3.400000e+00	3.500000e+00	3.317104e-02	2.173107e-03	2.173107e-03
3.500000e+00	3.600000e+00	2.562569e-02	1.910026e-03	1.910026e-03
3.600000e+00	3.700000e+00	1.893454e-02	1.641833e-03	1.641833e-03
3.700000e+00	3.800000e+00	1.708380e-02	1.559530e-03	1.559530e-03
3.800000e+00	3.900000e+00	1.267048e-02	1.343069e-03	1.343069e-03
3.900000e+00	4.000000e+00	1.124683e-02	1.265368e-03	1.265368e-03
4.000000e+00	4.100000e+00	9.253723e-03	1.147783e-03	1.147783e-03
4.100000e+00	4.200000e+00	8.968993e-03	1.129987e-03	1.129987e-03
4.200000e+00	4.300000e+00	4.698044e-03	8.178245e-04	8.178245e-04
4.300000e+00	4.400000e+00	6.548788e-03	9.655662e-04	9.655662e-04
4.400000e+00	4.500000e+00	4.270949e-03	7.797650e-04	7.797650e-04
4.500000e+00	4.600000e+00	4.982774e-03	8.422425e-04	8.422425e-04
4.600000e+00	4.700000e+00	3.559124e-03	7.118248e-04	7.118248e-04
4.700000e+00	4.800000e+00	3.132029e-03	6.677509e-04	6.677509e-04
4.800000e+00	4.900000e+00	2.420204e-03	5.869858e-04	5.869858e-04
4.900000e+00	5.000000e+00	1.281285e-03	4.270950e-04	4.270950e-04
5.000000e+00	5.100000e+00	1.281285e-03	4.270950e-04	4.270950e-04
5.100000e+00	5.200000e+00	9.965548e-04	3.766623e-04	3.766623e-04
5.200000e+00	5.300000e+00	4.270949e-04	2.465834e-04	2.465834e-04
5.300000e+00	5.400000e+00	1.423650e-04	1.423650e-04	1.423650e-04
5.400000e+00	5.500000e+00	0.000000e+00	0.000000e+00	0.000000e+00
5.500000e+00	5.600000e+00	4.270949e-04	2.465834e-04	2.465834e-04
5.600000e+00	5.700000e+00	1.423650e-04	1.423650e-04	1.423650e-04
5.700000e+00	5.800000e+00	0.000000e+00	0.000000e+00	0.000000e+00
5.800000e+00	5.900000e+00	0.000000e+00	0.000000e+00	0.000000e+00
5.900000e+00	6.000000e+00	0.000000e+00	0.000000e+00	0.000000e+00
6.000000e+00	6.100000e+00	0.000000e+00	0.000000e+00	0.000000e+00
6.100000e+00	6.200000e+00	0.000000e+00	0.000000e+00	0.000000e+00
6.200000e+00	6.300000e+00	0.000000e+00	0.000000e+00	0.000000e+00
6.300000e+00	6.400000e+00	1.423650e-04	1.423650e-04	1.423650e-04
6.400000e+00	6.500000e+00	0.000000e+00	0.000000e+00	0.000000e+00
6.500000e+00	6.600000e+00	0.000000e+00	0.000000e+00	0.000000e+00
6.600000e+00	6.700000e+00	0.000000e+00	0.000000e+00	0.000000e+00
6.700000e+00	6.800000e+00	0.000000e+00	0.000000e+00	0.000000e+00
6.800000e+00	6.900000e+00	0.000000e+00	0.000000e+00	0.000000e+00
6.900000e+00	7.000000e+00	0.000000e+00	0.000000e+00	0.000000e+00
7.000000e+00	7.100000e+00	0.000000e+00	0.000000e+00	0.000000e+00
7.100000e+00	7.200000e+00	0.000000e+00	0.000000e+00	0.000000e+00
7.200000e+00	7.300000e+00	0.000000e+00	0.000000e+00	0.000000e+00
7.300000e+00	7.400000e+00	0.000000e+00	0.000000e+00	0.000000e+00
7.400000e+00	7.500000e+00	0.000000e+00	0.000000e+00	0.000000e+00
7.500000e+00	7.600000e+00	0.000000e+00	0.000000e+00	0.000000e+00
7.600000e+00	7.700000e+00	0.000000e+00	0.000000e+00	0.000000e+00
7.700000e+00	7.800000e+00	0.000000e+00	0.000000e+00	0.000000e+00
7.800000e+00	7.900000e+00	0.000000e+00	0.000000e+00	0.000000e+00
7.900000e+00	8.000000e+00	0.000000e+00	0.000000e+00	0.000000e+00
8.000000e+00	8.100000e+00	0.000000e+00	0.000000e+00	0.000000e+00
8.100000e+00	8.200000e+00	0.000000e+00	0.000000e+00	0.000000e+00
8.200000e+00	8.300000e+00	0.000000e+00	0.000000e+00	0.000000e+00
8.300000e+00	8.400000e+00	0.000000e+00	0.000000e+00	0.000000e+00
8.400000e+00	8.500000e+00	0.000000e+00	0.000000e+00	0.000000e+00
8.500000e+00	8.600000e+00	0.000000e+00	0.000000e+00	0.000000e+00
8.600000e+00	8.700000e+00	0.000000e+00	0.000000e+00	0.000000e+00
8.700000e+00	8.800000e+00	0.000000e+00	0.000000e+00	0.000000e+00
8.800000e+00	8.900000e+00	0.000000e+00	0.000000e+00	0.000000e+00
8.900000e+00	9.000000e+00	0.000000e+00	0.000000e+00	0.000000e+00
9.000000e+00	9.100000e+00	0.000000e+00	0.000000e+00	0.000000e+00
9.100000e+00	9.200000e+00	0.000000e+00	0.000000e+00	0.000000e+00
9.200000e+00	9.300000e+00	0.000000e+00	0.000000e+00	0.000000e+00
9.300000e+00	9.400000e+00	0.000000e+00	0.000000e+00	0.000000e+00
9.400000e+00	9.500000e+00	0.000000e+00	0.000000e+00	0.000000e+00
9.500000e+00	9.600000e+00	0.000000e+00	0.000000e+00	0.000000e+00
9.600000e+00	9.700000e+00	0.000000e+00	0.000000e+00	0.000000e+00
9.700000e+00	9.800000e+00	0.000000e+00	0.000000e+00	0.000000e+00
9.800000e+00	9.900000e+00	0.000000e+00	0.000000e+00	0.000000e+00
9.900000e+00	1.000000e+01	0.000000e+00	0.000000e+00	0.000000e+00
1.000000e+01	1.010000e+01	0.000000e+00	0.000000e+00	0.000000e+00
1.010000e+01	1.020000e+01	0.000000e+00	0.000000e+00	0.000000e+00
1.020000e+01	1.030000e+01	0.000000e+00	0.000000e+00	0.000000e+00
1.030000e+01	1.040000e+01	0.000000e+00	0.000000e+00	0.000000e+00
1.040000e+01	1.050000e+01	0.000000e+00	0.000000e+00	0.000000e+00
1.050000e+01	1.060000e+01	0.000000e+00	0.000000e+00	0.000000e+00
1.060000e+01	1.070000e+01	0.000000e+00	0.000000e+00	0.000000e+00
1.070000e+01	1.080000e+01	0.000000e+00	0.000000e+00	0.000000e+00
1.080000e+01	1.090000e+01	0.000000e+00	0.000000e+00	0.000000e+00
1.090000e+01	1.100000e+01	0.000000e+00	0.000000e+00	0.000000e+00
1.100000e+01	1.110000e+01	0.000000e+00	0.000000e+00	0.000000e+00
1.110000e+01	1.120000e+01	0.000000e+00	0.000000e+00	0.000000e+00
1.120000e+01	1.130000e+01	0.000000e+00	0.000000e+00	0.000000e+00
1.130000e+01	1.140000e+01	0.000000e+00	0.000000e+00	0.000000e+00
1.140000e+01	1.150000e+01	0.000000e+00	0.000000e+00	0.000000e+00
1.150000e+01	1.160000e+01	0.000000e+00	0.000000e+00	0.000000e+00
1.160000e+01	1.170000e+01	0.000000e+00	0.000000e+00	0.000000e+00
1.170000e+01	1.180000e+01	0.000000e+00	0.000000e+00	0.000000e+00
1.180000e+01	1.190000e+01	0.000000e+00	0.000000e+00	0.000000e+00
1.190000e+01	1.200000e+01	0.000000e+00	0.000000e+00	0.000000e+00
1.200000e+01	1.210000e+01	0.000000e+00	0.000000e+00	0.000000e+00
1.210000e+01	1.220000e+01	0.000000e+00	0.000000e+00	0.000000e+00
1.220000e+01	1.230000e+01	0.000000e+00	0.000000e+00	0.000000e+00
1.230000e+01	1.240000e+01	0.000000e+00	0.000000e+00	0.000000e+00
1.240000e+01	1.250000e+01	0.000000e+00	0.000000e+00	0.000000e+00
1.250000e+01	1.260000e+01	0.000000e+00	0.000000e+00	0.000000e+00
1.260000e+01	1.270000e+01	0.000000e+00	0.000000e+00	0.000000e+00
1.270000e+01	1.280000e+01	0.000000e+00	0.000000e+00	0.000000e+00
1.280000e+01	1.290000e+01	0.000000e+00	0.000000e+00	0.000000e+00
1.290000e+01	1.300000e+01	0.000000e+00	0.000000e+00	0.000000e+00
1.300000e+01	1.310000e+01	0.000000e+00	0.000000e+00	0.000000e+00
1.310000e+01	1.320000e+01	0.000000e+00	0.000000e+00	0.000000e+00
1.320000e+01	1.330000e+01	0.000000e+00	0.000000e+00	0.000000e+00
1.330000e+01	1.340000e+01	0.000000e+00	0.000000e+00	0.000000e+00
1.340000e+01	1.350000e+01	0.000000e+00	0.000000e+00	0.000000e+00
1.350000e+01	1.360000e+01	0.000000e+00	0.000000e+00	0.000000e+00
1.360000e+01	1.370000e+01	0.000000e+00	0.000000e+00	0.000000e+00
1.370000e+01	1.380000e+01	0.000000e+00	0.000000e+00	0.000000e+00
1.380000e+01	1.390000e+01	0.000000e+00	0.000000e+00	0.000000e+00
1.390000e+01	1.400000e+01	0.000000e+00	0.000000e+00	0.000000e+00
1.400000e+01	1.410000e+01	0.000000e+00	0.000000e+00	0.000000e+00
1.410000e+01	1.420000e+01	0.000000e+00	0.000000e+00	0.000000e+00
1.420000e+01	1.430000e+01	0.000000e+00	0.000000e+00	0.000000e+00
1.430000e+01	1.440000e+01	0.000000e+00	0.000000e+00	0.000000e+00
1.440000e+01	1.450000e+01	0.000000e+00	0.000000e+00	0.000000e+00
1.450000e+01	1.460000e+01	0.000000e+00	0.000000e+00	0.000000e+00
1.460000e+01	1.470000e+01	0.000000e+00	0.000000e+00	0.000000e+00
1.470000e+01	1.480000e+01	0.000000e+00	0.000000e+00	0.000000e+00
1.480000e+01	1.490000e+01	0.000000e+00	0.000000e+00	0.000000e+00
1.490000e+01	1.500000e+01	0.000000e+00	0.000000e+00	0.000000e+00
# END HISTO1D

# BEGIN HISTO1D //home/frederic/Work/Software/LesHouches2017/lh2017-alphas/rivet-analysis/gluon-as012285-parton.yoda/MC_LHJSS_Zjet/log_Angularity_zcut_0.05_beta_0_alpha_0.5
LineColor=blue
LineStyle=solid
NormalizeToSum=1
Path=//home/frederic/Work/Software/LesHouches2017/lh2017-alphas/rivet-analysis/gluon-as012285-parton.yoda/MC_LHJSS_Zjet/log_Angularity_zcut_0.05_beta_0_alpha_0.5
ScaledBy=1.41430713093655423e-05
Title=gluon-as012285-parton
XLabel=
YLabel=
# xlow	 xhigh	 val	 errminus	 errplus
0.000000e+00	1.000000e-01	0.000000e+00	0.000000e+00	0.000000e+00
1.000000e-01	2.000000e-01	2.828614e-04	2.000132e-04	2.000132e-04
2.000000e-01	3.000000e-01	5.657229e-04	2.828614e-04	2.828614e-04
3.000000e-01	4.000000e-01	5.798659e-03	9.055984e-04	9.055984e-04
4.000000e-01	5.000000e-01	2.390179e-02	1.838599e-03	1.838599e-03
5.000000e-01	6.000000e-01	6.095664e-02	2.936178e-03	2.936178e-03
6.000000e-01	7.000000e-01	1.240347e-01	4.188355e-03	4.188355e-03
7.000000e-01	8.000000e-01	1.909315e-01	5.196496e-03	5.196496e-03
8.000000e-01	9.000000e-01	2.753656e-01	6.240605e-03	6.240605e-03
9.000000e-01	1.000000e+00	3.394337e-01	6.928661e-03	6.928661e-03
1.000000e+00	1.100000e+00	3.967132e-01	7.490489e-03	7.490489e-03
1.100000e+00	1.200000e+00	4.490425e-01	7.969216e-03	7.969216e-03
1.200000e+00	1.300000e+00	4.894917e-01	8.320406e-03	8.320406e-03
1.300000e+00	1.400000e+00	5.443668e-01	8.774405e-03	8.774405e-03
1.400000e+00	1.500000e+00	5.749158e-01	9.017248e-03	9.017248e-03
1.500000e+00	1.600000e+00	5.594999e-01	8.895531e-03	8.895531e-03
1.600000e+00	1.700000e+00	5.750573e-01	9.018357e-03	9.018357e-03
1.700000e+00	1.800000e+00	5.522869e-01	8.838005e-03	8.838005e-03
1.800000e+00	1.900000e+00	5.382853e-01	8.725255e-03	8.725255e-03
1.900000e+00	2.000000e+00	4.989676e-01	8.400556e-03	8.400556e-03
2.000000e+00	2.100000e+00	4.491839e-01	7.970471e-03	7.970471e-03
2.100000e+00	2.200000e+00	4.182106e-01	7.690763e-03	7.690763e-03
2.200000e+00	2.300000e+00	3.773371e-01	7.305276e-03	7.305276e-03
2.300000e+00	2.400000e+00	3.446666e-01	6.981866e-03	6.981866e-03
2.400000e+00	2.500000e+00	3.029446e-01	6.545660e-03	6.545660e-03
2.500000e+00	2.600000e+00	2.671626e-01	6.146950e-03	6.146950e-03
2.600000e+00	2.700000e+00	2.308149e-01	5.713521e-03	5.713521e-03
2.700000e+00	2.800000e+00	1.974373e-01	5.284287e-03	5.284287e-03
2.800000e+00	2.900000e+00	1.746669e-01	4.970238e-03	4.970238e-03
2.900000e+00	3.000000e+00	1.480780e-01	4.576327e-03	4.576327e-03
3.000000e+00	3.100000e+00	1.227619e-01	4.166809e-03	4.166809e-03
3.100000e+00	3.200000e+00	1.079116e-01	3.906664e-03	3.906664e-03
3.200000e+00	3.300000e+00	8.683846e-02	3.504516e-03	3.504516e-03
3.300000e+00	3.400000e+00	7.156394e-02	3.181405e-03	3.181405e-03
3.400000e+00	3.500000e+00	6.321953e-02	2.990181e-03	2.990181e-03
3.500000e+00	3.600000e+00	5.133935e-02	2.694617e-03	2.694617e-03
3.600000e+00	3.700000e+00	4.780358e-02	2.600172e-03	2.600172e-03
3.700000e+00	3.800000e+00	3.281193e-02	2.154208e-03	2.154208e-03
3.800000e+00	3.900000e+00	3.267049e-02	2.149561e-03	2.149561e-03
3.900000e+00	4.000000e+00	2.715470e-02	1.959721e-03	1.959721e-03
4.000000e+00	4.100000e+00	2.333607e-02	1.816710e-03	1.816710e-03
4.100000e+00	4.200000e+00	1.725455e-02	1.562153e-03	1.562153e-03
4.200000e+00	4.300000e+00	1.782027e-02	1.587556e-03	1.587556e-03
4.300000e+00	4.400000e+00	1.456736e-02	1.435365e-03	1.435365e-03
4.400000e+00	4.500000e+00	1.400164e-02	1.407218e-03	1.407218e-03
4.500000e+00	4.600000e+00	1.145589e-02	1.272876e-03	1.272876e-03
4.600000e+00	4.700000e+00	7.920120e-03	1.058370e-03	1.058370e-03
4.700000e+00	4.800000e+00	7.495828e-03	1.029631e-03	1.029631e-03
4.800000e+00	4.900000e+00	4.950075e-03	8.367154e-04	8.367154e-04
4.900000e+00	5.000000e+00	3.111476e-03	6.633688e-04	6.633688e-04
5.000000e+00	5.100000e+00	1.272876e-03	4.242921e-04	4.242921e-04
5.100000e+00	5.200000e+00	8.485843e-04	3.464331e-04	3.464331e-04
5.200000e+00	5.300000e+00	9.900150e-04	3.741905e-04	3.741905e-04
5.300000e+00	5.400000e+00	5.657229e-04	2.828614e-04	2.828614e-04
5.400000e+00	5.500000e+00	5.657229e-04	2.828614e-04	2.828614e-04
5.500000e+00	5.600000e+00	1.414307e-04	1.414307e-04	1.414307e-04
5.600000e+00	5.700000e+00	1.414307e-04	1.414307e-04	1.414307e-04
5.700000e+00	5.800000e+00	0.000000e+00	0.000000e+00	0.000000e+00
5.800000e+00	5.900000e+00	1.414307e-04	1.414307e-04	1.414307e-04
5.900000e+00	6.000000e+00	0.000000e+00	0.000000e+00	0.000000e+00
6.000000e+00	6.100000e+00	1.414307e-04	1.414307e-04	1.414307e-04
6.100000e+00	6.200000e+00	0.000000e+00	0.000000e+00	0.000000e+00
6.200000e+00	6.300000e+00	0.000000e+00	0.000000e+00	0.000000e+00
6.300000e+00	6.400000e+00	0.000000e+00	0.000000e+00	0.000000e+00
6.400000e+00	6.500000e+00	0.000000e+00	0.000000e+00	0.000000e+00
6.500000e+00	6.600000e+00	0.000000e+00	0.000000e+00	0.000000e+00
6.600000e+00	6.700000e+00	0.000000e+00	0.000000e+00	0.000000e+00
6.700000e+00	6.800000e+00	0.000000e+00	0.000000e+00	0.000000e+00
6.800000e+00	6.900000e+00	0.000000e+00	0.000000e+00	0.000000e+00
6.900000e+00	7.000000e+00	0.000000e+00	0.000000e+00	0.000000e+00
7.000000e+00	7.100000e+00	0.000000e+00	0.000000e+00	0.000000e+00
7.100000e+00	7.200000e+00	0.000000e+00	0.000000e+00	0.000000e+00
7.200000e+00	7.300000e+00	0.000000e+00	0.000000e+00	0.000000e+00
7.300000e+00	7.400000e+00	0.000000e+00	0.000000e+00	0.000000e+00
7.400000e+00	7.500000e+00	0.000000e+00	0.000000e+00	0.000000e+00
7.500000e+00	7.600000e+00	0.000000e+00	0.000000e+00	0.000000e+00
7.600000e+00	7.700000e+00	0.000000e+00	0.000000e+00	0.000000e+00
7.700000e+00	7.800000e+00	0.000000e+00	0.000000e+00	0.000000e+00
7.800000e+00	7.900000e+00	0.000000e+00	0.000000e+00	0.000000e+00
7.900000e+00	8.000000e+00	0.000000e+00	0.000000e+00	0.000000e+00
8.000000e+00	8.100000e+00	0.000000e+00	0.000000e+00	0.000000e+00
8.100000e+00	8.200000e+00	0.000000e+00	0.000000e+00	0.000000e+00
8.200000e+00	8.300000e+00	0.000000e+00	0.000000e+00	0.000000e+00
8.300000e+00	8.400000e+00	0.000000e+00	0.000000e+00	0.000000e+00
8.400000e+00	8.500000e+00	0.000000e+00	0.000000e+00	0.000000e+00
8.500000e+00	8.600000e+00	0.000000e+00	0.000000e+00	0.000000e+00
8.600000e+00	8.700000e+00	0.000000e+00	0.000000e+00	0.000000e+00
8.700000e+00	8.800000e+00	0.000000e+00	0.000000e+00	0.000000e+00
8.800000e+00	8.900000e+00	0.000000e+00	0.000000e+00	0.000000e+00
8.900000e+00	9.000000e+00	0.000000e+00	0.000000e+00	0.000000e+00
9.000000e+00	9.100000e+00	0.000000e+00	0.000000e+00	0.000000e+00
9.100000e+00	9.200000e+00	0.000000e+00	0.000000e+00	0.000000e+00
9.200000e+00	9.300000e+00	0.000000e+00	0.000000e+00	0.000000e+00
9.300000e+00	9.400000e+00	0.000000e+00	0.000000e+00	0.000000e+00
9.400000e+00	9.500000e+00	0.000000e+00	0.000000e+00	0.000000e+00
9.500000e+00	9.600000e+00	0.000000e+00	0.000000e+00	0.000000e+00
9.600000e+00	9.700000e+00	0.000000e+00	0.000000e+00	0.000000e+00
9.700000e+00	9.800000e+00	0.000000e+00	0.000000e+00	0.000000e+00
9.800000e+00	9.900000e+00	0.000000e+00	0.000000e+00	0.000000e+00
9.900000e+00	1.000000e+01	0.000000e+00	0.000000e+00	0.000000e+00
1.000000e+01	1.010000e+01	0.000000e+00	0.000000e+00	0.000000e+00
1.010000e+01	1.020000e+01	0.000000e+00	0.000000e+00	0.000000e+00
1.020000e+01	1.030000e+01	0.000000e+00	0.000000e+00	0.000000e+00
1.030000e+01	1.040000e+01	0.000000e+00	0.000000e+00	0.000000e+00
1.040000e+01	1.050000e+01	0.000000e+00	0.000000e+00	0.000000e+00
1.050000e+01	1.060000e+01	0.000000e+00	0.000000e+00	0.000000e+00
1.060000e+01	1.070000e+01	0.000000e+00	0.000000e+00	0.000000e+00
1.070000e+01	1.080000e+01	0.000000e+00	0.000000e+00	0.000000e+00
1.080000e+01	1.090000e+01	0.000000e+00	0.000000e+00	0.000000e+00
1.090000e+01	1.100000e+01	0.000000e+00	0.000000e+00	0.000000e+00
1.100000e+01	1.110000e+01	0.000000e+00	0.000000e+00	0.000000e+00
1.110000e+01	1.120000e+01	0.000000e+00	0.000000e+00	0.000000e+00
1.120000e+01	1.130000e+01	0.000000e+00	0.000000e+00	0.000000e+00
1.130000e+01	1.140000e+01	0.000000e+00	0.000000e+00	0.000000e+00
1.140000e+01	1.150000e+01	0.000000e+00	0.000000e+00	0.000000e+00
1.150000e+01	1.160000e+01	0.000000e+00	0.000000e+00	0.000000e+00
1.160000e+01	1.170000e+01	0.000000e+00	0.000000e+00	0.000000e+00
1.170000e+01	1.180000e+01	0.000000e+00	0.000000e+00	0.000000e+00
1.180000e+01	1.190000e+01	0.000000e+00	0.000000e+00	0.000000e+00
1.190000e+01	1.200000e+01	0.000000e+00	0.000000e+00	0.000000e+00
1.200000e+01	1.210000e+01	0.000000e+00	0.000000e+00	0.000000e+00
1.210000e+01	1.220000e+01	0.000000e+00	0.000000e+00	0.000000e+00
1.220000e+01	1.230000e+01	0.000000e+00	0.000000e+00	0.000000e+00
1.230000e+01	1.240000e+01	0.000000e+00	0.000000e+00	0.000000e+00
1.240000e+01	1.250000e+01	0.000000e+00	0.000000e+00	0.000000e+00
1.250000e+01	1.260000e+01	0.000000e+00	0.000000e+00	0.000000e+00
1.260000e+01	1.270000e+01	0.000000e+00	0.000000e+00	0.000000e+00
1.270000e+01	1.280000e+01	0.000000e+00	0.000000e+00	0.000000e+00
1.280000e+01	1.290000e+01	0.000000e+00	0.000000e+00	0.000000e+00
1.290000e+01	1.300000e+01	0.000000e+00	0.000000e+00	0.000000e+00
1.300000e+01	1.310000e+01	0.000000e+00	0.000000e+00	0.000000e+00
1.310000e+01	1.320000e+01	0.000000e+00	0.000000e+00	0.000000e+00
1.320000e+01	1.330000e+01	0.000000e+00	0.000000e+00	0.000000e+00
1.330000e+01	1.340000e+01	0.000000e+00	0.000000e+00	0.000000e+00
1.340000e+01	1.350000e+01	0.000000e+00	0.000000e+00	0.000000e+00
1.350000e+01	1.360000e+01	0.000000e+00	0.000000e+00	0.000000e+00
1.360000e+01	1.370000e+01	0.000000e+00	0.000000e+00	0.000000e+00
1.370000e+01	1.380000e+01	0.000000e+00	0.000000e+00	0.000000e+00
1.380000e+01	1.390000e+01	0.000000e+00	0.000000e+00	0.000000e+00
1.390000e+01	1.400000e+01	0.000000e+00	0.000000e+00	0.000000e+00
1.400000e+01	1.410000e+01	0.000000e+00	0.000000e+00	0.000000e+00
1.410000e+01	1.420000e+01	0.000000e+00	0.000000e+00	0.000000e+00
1.420000e+01	1.430000e+01	0.000000e+00	0.000000e+00	0.000000e+00
1.430000e+01	1.440000e+01	0.000000e+00	0.000000e+00	0.000000e+00
1.440000e+01	1.450000e+01	0.000000e+00	0.000000e+00	0.000000e+00
1.450000e+01	1.460000e+01	0.000000e+00	0.000000e+00	0.000000e+00
1.460000e+01	1.470000e+01	0.000000e+00	0.000000e+00	0.000000e+00
1.470000e+01	1.480000e+01	0.000000e+00	0.000000e+00	0.000000e+00
1.480000e+01	1.490000e+01	0.000000e+00	0.000000e+00	0.000000e+00
1.490000e+01	1.500000e+01	0.000000e+00	0.000000e+00	0.000000e+00
# END HISTO1D

# BEGIN HISTO1D //home/frederic/Work/Software/LesHouches2017/lh2017-alphas/rivet-analysis/gluon-as015015-parton.yoda/MC_LHJSS_Zjet/log_Angularity_zcut_0.05_beta_0_alpha_0.5
LineColor=green
LineStyle=solid
NormalizeToSum=1
Path=//home/frederic/Work/Software/LesHouches2017/lh2017-alphas/rivet-analysis/gluon-as015015-parton.yoda/MC_LHJSS_Zjet/log_Angularity_zcut_0.05_beta_0_alpha_0.5
ScaledBy=1.43133185429041716e-05
Title=gluon-as015015-parton
XLabel=
YLabel=
# xlow	 xhigh	 val	 errminus	 errplus
0.000000e+00	1.000000e-01	0.000000e+00	0.000000e+00	0.000000e+00
1.000000e-01	2.000000e-01	2.862664e-04	2.024209e-04	2.024209e-04
2.000000e-01	3.000000e-01	3.005797e-03	6.559187e-04	6.559187e-04
3.000000e-01	4.000000e-01	1.502898e-02	1.466679e-03	1.466679e-03
4.000000e-01	5.000000e-01	5.066915e-02	2.693035e-03	2.693035e-03
5.000000e-01	6.000000e-01	1.182280e-01	4.113678e-03	4.113678e-03
6.000000e-01	7.000000e-01	2.105489e-01	5.489676e-03	5.489676e-03
7.000000e-01	8.000000e-01	3.110284e-01	6.672218e-03	6.672218e-03
8.000000e-01	9.000000e-01	4.176626e-01	7.731842e-03	7.731842e-03
9.000000e-01	1.000000e+00	5.119874e-01	8.560513e-03	8.560513e-03
1.000000e+00	1.100000e+00	5.762542e-01	9.081911e-03	9.081911e-03
1.100000e+00	1.200000e+00	6.456738e-01	9.613394e-03	9.613394e-03
1.200000e+00	1.300000e+00	7.007801e-01	1.001523e-02	1.001523e-02
1.300000e+00	1.400000e+00	7.221069e-01	1.016649e-02	1.016649e-02
1.400000e+00	1.500000e+00	7.249696e-01	1.018662e-02	1.018662e-02
1.500000e+00	1.600000e+00	6.871824e-01	9.917591e-03	9.917591e-03
1.600000e+00	1.700000e+00	6.339369e-01	9.525618e-03	9.525618e-03
1.700000e+00	1.800000e+00	5.914263e-01	9.200692e-03	9.200692e-03
1.800000e+00	1.900000e+00	5.358906e-01	8.758067e-03	8.758067e-03
1.900000e+00	2.000000e+00	4.627496e-01	8.138478e-03	8.138478e-03
2.000000e+00	2.100000e+00	3.994847e-01	7.561714e-03	7.561714e-03
2.100000e+00	2.200000e+00	3.209046e-01	6.777322e-03	6.777322e-03
2.200000e+00	2.300000e+00	2.672297e-01	6.184612e-03	6.184612e-03
2.300000e+00	2.400000e+00	2.331640e-01	5.776980e-03	5.776980e-03
2.400000e+00	2.500000e+00	1.839261e-01	5.130880e-03	5.130880e-03
2.500000e+00	2.600000e+00	1.512918e-01	4.653479e-03	4.653479e-03
2.600000e+00	2.700000e+00	1.166535e-01	4.086195e-03	4.086195e-03
2.700000e+00	2.800000e+00	8.917197e-02	3.572600e-03	3.572600e-03
2.800000e+00	2.900000e+00	6.584127e-02	3.069865e-03	3.069865e-03
2.900000e+00	3.000000e+00	5.482001e-02	2.801172e-03	2.801172e-03
3.000000e+00	3.100000e+00	4.036356e-02	2.403615e-03	2.403615e-03
3.100000e+00	3.200000e+00	2.433264e-02	1.866228e-03	1.866228e-03
3.200000e+00	3.300000e+00	2.433264e-02	1.866228e-03	1.866228e-03
3.300000e+00	3.400000e+00	1.731912e-02	1.574465e-03	1.574465e-03
3.400000e+00	3.500000e+00	1.259572e-02	1.342708e-03	1.342708e-03
3.500000e+00	3.600000e+00	1.059186e-02	1.231278e-03	1.231278e-03
3.600000e+00	3.700000e+00	8.301725e-03	1.090070e-03	1.090070e-03
3.700000e+00	3.800000e+00	8.587991e-03	1.108705e-03	1.108705e-03
3.800000e+00	3.900000e+00	5.439061e-03	8.823322e-04	8.823322e-04
3.900000e+00	4.000000e+00	4.866528e-03	8.346027e-04	8.346027e-04
4.000000e+00	4.100000e+00	3.148930e-03	6.713542e-04	6.713542e-04
4.100000e+00	4.200000e+00	2.719531e-03	6.239031e-04	6.239031e-04
4.200000e+00	4.300000e+00	3.721463e-03	7.298389e-04	7.298389e-04
4.300000e+00	4.400000e+00	2.576397e-03	6.072627e-04	6.072627e-04
4.400000e+00	4.500000e+00	1.717598e-03	4.958279e-04	4.958279e-04
4.500000e+00	4.600000e+00	1.860731e-03	5.160740e-04	5.160740e-04
4.600000e+00	4.700000e+00	1.288199e-03	4.293996e-04	4.293996e-04
4.700000e+00	4.800000e+00	1.717598e-03	4.958279e-04	4.958279e-04
4.800000e+00	4.900000e+00	1.288199e-03	4.293996e-04	4.293996e-04
4.900000e+00	5.000000e+00	7.156659e-04	3.200555e-04	3.200555e-04
5.000000e+00	5.100000e+00	4.293996e-04	2.479140e-04	2.479140e-04
5.100000e+00	5.200000e+00	1.431332e-04	1.431332e-04	1.431332e-04
5.200000e+00	5.300000e+00	2.862664e-04	2.024209e-04	2.024209e-04
5.300000e+00	5.400000e+00	1.431332e-04	1.431332e-04	1.431332e-04
5.400000e+00	5.500000e+00	1.431332e-04	1.431332e-04	1.431332e-04
5.500000e+00	5.600000e+00	0.000000e+00	0.000000e+00	0.000000e+00
5.600000e+00	5.700000e+00	0.000000e+00	0.000000e+00	0.000000e+00
5.700000e+00	5.800000e+00	0.000000e+00	0.000000e+00	0.000000e+00
5.800000e+00	5.900000e+00	0.000000e+00	0.000000e+00	0.000000e+00
5.900000e+00	6.000000e+00	0.000000e+00	0.000000e+00	0.000000e+00
6.000000e+00	6.100000e+00	0.000000e+00	0.000000e+00	0.000000e+00
6.100000e+00	6.200000e+00	0.000000e+00	0.000000e+00	0.000000e+00
6.200000e+00	6.300000e+00	0.000000e+00	0.000000e+00	0.000000e+00
6.300000e+00	6.400000e+00	0.000000e+00	0.000000e+00	0.000000e+00
6.400000e+00	6.500000e+00	0.000000e+00	0.000000e+00	0.000000e+00
6.500000e+00	6.600000e+00	0.000000e+00	0.000000e+00	0.000000e+00
6.600000e+00	6.700000e+00	0.000000e+00	0.000000e+00	0.000000e+00
6.700000e+00	6.800000e+00	0.000000e+00	0.000000e+00	0.000000e+00
6.800000e+00	6.900000e+00	0.000000e+00	0.000000e+00	0.000000e+00
6.900000e+00	7.000000e+00	0.000000e+00	0.000000e+00	0.000000e+00
7.000000e+00	7.100000e+00	0.000000e+00	0.000000e+00	0.000000e+00
7.100000e+00	7.200000e+00	0.000000e+00	0.000000e+00	0.000000e+00
7.200000e+00	7.300000e+00	0.000000e+00	0.000000e+00	0.000000e+00
7.300000e+00	7.400000e+00	0.000000e+00	0.000000e+00	0.000000e+00
7.400000e+00	7.500000e+00	0.000000e+00	0.000000e+00	0.000000e+00
7.500000e+00	7.600000e+00	0.000000e+00	0.000000e+00	0.000000e+00
7.600000e+00	7.700000e+00	0.000000e+00	0.000000e+00	0.000000e+00
7.700000e+00	7.800000e+00	0.000000e+00	0.000000e+00	0.000000e+00
7.800000e+00	7.900000e+00	0.000000e+00	0.000000e+00	0.000000e+00
7.900000e+00	8.000000e+00	0.000000e+00	0.000000e+00	0.000000e+00
8.000000e+00	8.100000e+00	0.000000e+00	0.000000e+00	0.000000e+00
8.100000e+00	8.200000e+00	0.000000e+00	0.000000e+00	0.000000e+00
8.200000e+00	8.300000e+00	0.000000e+00	0.000000e+00	0.000000e+00
8.300000e+00	8.400000e+00	0.000000e+00	0.000000e+00	0.000000e+00
8.400000e+00	8.500000e+00	0.000000e+00	0.000000e+00	0.000000e+00
8.500000e+00	8.600000e+00	0.000000e+00	0.000000e+00	0.000000e+00
8.600000e+00	8.700000e+00	0.000000e+00	0.000000e+00	0.000000e+00
8.700000e+00	8.800000e+00	0.000000e+00	0.000000e+00	0.000000e+00
8.800000e+00	8.900000e+00	0.000000e+00	0.000000e+00	0.000000e+00
8.900000e+00	9.000000e+00	0.000000e+00	0.000000e+00	0.000000e+00
9.000000e+00	9.100000e+00	0.000000e+00	0.000000e+00	0.000000e+00
9.100000e+00	9.200000e+00	0.000000e+00	0.000000e+00	0.000000e+00
9.200000e+00	9.300000e+00	0.000000e+00	0.000000e+00	0.000000e+00
9.300000e+00	9.400000e+00	0.000000e+00	0.000000e+00	0.000000e+00
9.400000e+00	9.500000e+00	0.000000e+00	0.000000e+00	0.000000e+00
9.500000e+00	9.600000e+00	0.000000e+00	0.000000e+00	0.000000e+00
9.600000e+00	9.700000e+00	0.000000e+00	0.000000e+00	0.000000e+00
9.700000e+00	9.800000e+00	0.000000e+00	0.000000e+00	0.000000e+00
9.800000e+00	9.900000e+00	0.000000e+00	0.000000e+00	0.000000e+00
9.900000e+00	1.000000e+01	0.000000e+00	0.000000e+00	0.000000e+00
1.000000e+01	1.010000e+01	0.000000e+00	0.000000e+00	0.000000e+00
1.010000e+01	1.020000e+01	0.000000e+00	0.000000e+00	0.000000e+00
1.020000e+01	1.030000e+01	0.000000e+00	0.000000e+00	0.000000e+00
1.030000e+01	1.040000e+01	0.000000e+00	0.000000e+00	0.000000e+00
1.040000e+01	1.050000e+01	0.000000e+00	0.000000e+00	0.000000e+00
1.050000e+01	1.060000e+01	0.000000e+00	0.000000e+00	0.000000e+00
1.060000e+01	1.070000e+01	0.000000e+00	0.000000e+00	0.000000e+00
1.070000e+01	1.080000e+01	0.000000e+00	0.000000e+00	0.000000e+00
1.080000e+01	1.090000e+01	0.000000e+00	0.000000e+00	0.000000e+00
1.090000e+01	1.100000e+01	0.000000e+00	0.000000e+00	0.000000e+00
1.100000e+01	1.110000e+01	0.000000e+00	0.000000e+00	0.000000e+00
1.110000e+01	1.120000e+01	0.000000e+00	0.000000e+00	0.000000e+00
1.120000e+01	1.130000e+01	0.000000e+00	0.000000e+00	0.000000e+00
1.130000e+01	1.140000e+01	0.000000e+00	0.000000e+00	0.000000e+00
1.140000e+01	1.150000e+01	0.000000e+00	0.000000e+00	0.000000e+00
1.150000e+01	1.160000e+01	0.000000e+00	0.000000e+00	0.000000e+00
1.160000e+01	1.170000e+01	0.000000e+00	0.000000e+00	0.000000e+00
1.170000e+01	1.180000e+01	0.000000e+00	0.000000e+00	0.000000e+00
1.180000e+01	1.190000e+01	0.000000e+00	0.000000e+00	0.000000e+00
1.190000e+01	1.200000e+01	0.000000e+00	0.000000e+00	0.000000e+00
1.200000e+01	1.210000e+01	0.000000e+00	0.000000e+00	0.000000e+00
1.210000e+01	1.220000e+01	0.000000e+00	0.000000e+00	0.000000e+00
1.220000e+01	1.230000e+01	0.000000e+00	0.000000e+00	0.000000e+00
1.230000e+01	1.240000e+01	0.000000e+00	0.000000e+00	0.000000e+00
1.240000e+01	1.250000e+01	0.000000e+00	0.000000e+00	0.000000e+00
1.250000e+01	1.260000e+01	0.000000e+00	0.000000e+00	0.000000e+00
1.260000e+01	1.270000e+01	0.000000e+00	0.000000e+00	0.000000e+00
1.270000e+01	1.280000e+01	0.000000e+00	0.000000e+00	0.000000e+00
1.280000e+01	1.290000e+01	0.000000e+00	0.000000e+00	0.000000e+00
1.290000e+01	1.300000e+01	0.000000e+00	0.000000e+00	0.000000e+00
1.300000e+01	1.310000e+01	0.000000e+00	0.000000e+00	0.000000e+00
1.310000e+01	1.320000e+01	0.000000e+00	0.000000e+00	0.000000e+00
1.320000e+01	1.330000e+01	0.000000e+00	0.000000e+00	0.000000e+00
1.330000e+01	1.340000e+01	0.000000e+00	0.000000e+00	0.000000e+00
1.340000e+01	1.350000e+01	0.000000e+00	0.000000e+00	0.000000e+00
1.350000e+01	1.360000e+01	0.000000e+00	0.000000e+00	0.000000e+00
1.360000e+01	1.370000e+01	0.000000e+00	0.000000e+00	0.000000e+00
1.370000e+01	1.380000e+01	0.000000e+00	0.000000e+00	0.000000e+00
1.380000e+01	1.390000e+01	0.000000e+00	0.000000e+00	0.000000e+00
1.390000e+01	1.400000e+01	0.000000e+00	0.000000e+00	0.000000e+00
1.400000e+01	1.410000e+01	0.000000e+00	0.000000e+00	0.000000e+00
1.410000e+01	1.420000e+01	0.000000e+00	0.000000e+00	0.000000e+00
1.420000e+01	1.430000e+01	0.000000e+00	0.000000e+00	0.000000e+00
1.430000e+01	1.440000e+01	0.000000e+00	0.000000e+00	0.000000e+00
1.440000e+01	1.450000e+01	0.000000e+00	0.000000e+00	0.000000e+00
1.450000e+01	1.460000e+01	0.000000e+00	0.000000e+00	0.000000e+00
1.460000e+01	1.470000e+01	0.000000e+00	0.000000e+00	0.000000e+00
1.470000e+01	1.480000e+01	0.000000e+00	0.000000e+00	0.000000e+00
1.480000e+01	1.490000e+01	0.000000e+00	0.000000e+00	0.000000e+00
1.490000e+01	1.500000e+01	0.000000e+00	0.000000e+00	0.000000e+00
# END HISTO1D

