# BEGIN PLOT
LegendOnly=//home/frederic/Work/Software/LesHouches2017/lh2017-alphas/rivet-analysis/gluon-as013650-parton.yoda/MC_LHJSS_Zjet/log_Angularity_zcut_0.1_beta_0_alpha_0.5 //home/frederic/Work/Software/LesHouches2017/lh2017-alphas/rivet-analysis/gluon-as012285-parton.yoda/MC_LHJSS_Zjet/log_Angularity_zcut_0.1_beta_0_alpha_0.5 //home/frederic/Work/Software/LesHouches2017/lh2017-alphas/rivet-analysis/gluon-as015015-parton.yoda/MC_LHJSS_Zjet/log_Angularity_zcut_0.1_beta_0_alpha_0.5
DrawOnly=//home/frederic/Work/Software/LesHouches2017/lh2017-alphas/rivet-analysis/gluon-as013650-parton.yoda/MC_LHJSS_Zjet/log_Angularity_zcut_0.1_beta_0_alpha_0.5 //home/frederic/Work/Software/LesHouches2017/lh2017-alphas/rivet-analysis/gluon-as012285-parton.yoda/MC_LHJSS_Zjet/log_Angularity_zcut_0.1_beta_0_alpha_0.5 //home/frederic/Work/Software/LesHouches2017/lh2017-alphas/rivet-analysis/gluon-as015015-parton.yoda/MC_LHJSS_Zjet/log_Angularity_zcut_0.1_beta_0_alpha_0.5
Title=Angularity, $\alpha$ = 0.5 $z_{cut}$ = 0.1 $\beta$ = 0
RatioPlot=1
LogX=0
LogY=0
RatioPlotYLabel=Ratio
RatioPlotReference=//home/frederic/Work/Software/LesHouches2017/lh2017-alphas/rivet-analysis/gluon-as013650-parton.yoda/MC_LHJSS_Zjet/log_Angularity_zcut_0.1_beta_0_alpha_0.5
XLabel=$e_\alpha$
YLabel=$1/\sigma \text{d}\sigma/\text{d}e_\alpha$
Legend=1
# END PLOT

# BEGIN HISTO1D //home/frederic/Work/Software/LesHouches2017/lh2017-alphas/rivet-analysis/gluon-as013650-parton.yoda/MC_LHJSS_Zjet/log_Angularity_zcut_0.1_beta_0_alpha_0.5
LineColor=red
LineStyle=solid
NormalizeToSum=1
Path=//home/frederic/Work/Software/LesHouches2017/lh2017-alphas/rivet-analysis/gluon-as013650-parton.yoda/MC_LHJSS_Zjet/log_Angularity_zcut_0.1_beta_0_alpha_0.5
ScaledBy=1.42364966828962723e-05
Title=gluon-as013650-parton
XLabel=
YLabel=
# xlow	 xhigh	 val	 errminus	 errplus
0.000000e+00	1.000000e-01	0.000000e+00	0.000000e+00	0.000000e+00
1.000000e-01	2.000000e-01	0.000000e+00	0.000000e+00	0.000000e+00
2.000000e-01	3.000000e-01	1.566015e-03	4.721712e-04	4.721712e-04
3.000000e-01	4.000000e-01	9.538453e-03	1.165308e-03	1.165308e-03
4.000000e-01	5.000000e-01	3.658780e-02	2.282284e-03	2.282284e-03
5.000000e-01	6.000000e-01	8.570371e-02	3.493023e-03	3.493023e-03
6.000000e-01	7.000000e-01	1.577404e-01	4.738850e-03	4.738850e-03
7.000000e-01	8.000000e-01	2.391731e-01	5.835228e-03	5.835228e-03
8.000000e-01	9.000000e-01	3.207483e-01	6.757464e-03	6.757464e-03
9.000000e-01	1.000000e+00	3.890835e-01	7.442570e-03	7.442570e-03
1.000000e+00	1.100000e+00	4.575610e-01	8.070976e-03	8.070976e-03
1.100000e+00	1.200000e+00	4.959995e-01	8.403152e-03	8.403152e-03
1.200000e+00	1.300000e+00	5.526608e-01	8.870149e-03	8.870149e-03
1.300000e+00	1.400000e+00	5.455426e-01	8.812840e-03	8.812840e-03
1.400000e+00	1.500000e+00	5.631958e-01	8.954292e-03	8.954292e-03
1.500000e+00	1.600000e+00	5.466815e-01	8.822034e-03	8.822034e-03
1.600000e+00	1.700000e+00	5.389938e-01	8.759785e-03	8.759785e-03
1.700000e+00	1.800000e+00	5.125139e-01	8.541898e-03	8.541898e-03
1.800000e+00	1.900000e+00	4.695197e-01	8.175766e-03	8.175766e-03
1.900000e+00	2.000000e+00	4.305117e-01	7.828779e-03	7.828779e-03
2.000000e+00	2.100000e+00	3.980524e-01	7.527863e-03	7.527863e-03
2.100000e+00	2.200000e+00	3.816805e-01	7.371427e-03	7.371427e-03
2.200000e+00	2.300000e+00	3.418183e-01	6.975883e-03	6.975883e-03
2.300000e+00	2.400000e+00	3.022408e-01	6.559611e-03	6.559611e-03
2.400000e+00	2.500000e+00	2.787506e-01	6.299549e-03	6.299549e-03
2.500000e+00	2.600000e+00	2.606703e-01	6.091823e-03	6.091823e-03
2.600000e+00	2.700000e+00	2.175337e-01	5.564995e-03	5.564995e-03
2.700000e+00	2.800000e+00	1.933316e-01	5.246299e-03	5.246299e-03
2.800000e+00	2.900000e+00	1.742547e-01	4.980740e-03	4.980740e-03
2.900000e+00	3.000000e+00	1.487714e-01	4.602155e-03	4.602155e-03
3.000000e+00	3.100000e+00	1.321147e-01	4.336877e-03	4.336877e-03
3.100000e+00	3.200000e+00	1.121836e-01	3.996375e-03	3.996375e-03
3.200000e+00	3.300000e+00	9.182540e-02	3.615622e-03	3.615622e-03
3.300000e+00	3.400000e+00	7.545343e-02	3.277488e-03	3.277488e-03
3.400000e+00	3.500000e+00	6.406424e-02	3.020017e-03	3.020017e-03
3.500000e+00	3.600000e+00	5.566470e-02	2.815085e-03	2.815085e-03
3.600000e+00	3.700000e+00	4.484496e-02	2.526728e-03	2.526728e-03
3.700000e+00	3.800000e+00	3.459469e-02	2.219250e-03	2.219250e-03
3.800000e+00	3.900000e+00	2.875772e-02	2.023386e-03	2.023386e-03
3.900000e+00	4.000000e+00	2.633752e-02	1.936373e-03	1.936373e-03
4.000000e+00	4.100000e+00	2.377495e-02	1.839761e-03	1.839761e-03
4.100000e+00	4.200000e+00	1.893454e-02	1.641833e-03	1.641833e-03
4.200000e+00	4.300000e+00	1.494832e-02	1.458807e-03	1.458807e-03
4.300000e+00	4.400000e+00	1.252812e-02	1.335502e-03	1.335502e-03
4.400000e+00	4.500000e+00	7.687708e-03	1.046164e-03	1.046164e-03
4.500000e+00	4.600000e+00	7.118248e-03	1.006672e-03	1.006672e-03
4.600000e+00	4.700000e+00	2.989664e-03	6.523983e-04	6.523983e-04
4.700000e+00	4.800000e+00	1.850745e-03	5.133042e-04	5.133042e-04
4.800000e+00	4.900000e+00	2.135475e-03	5.513772e-04	5.513772e-04
4.900000e+00	5.000000e+00	5.694599e-04	2.847299e-04	2.847299e-04
5.000000e+00	5.100000e+00	4.270949e-04	2.465834e-04	2.465834e-04
5.100000e+00	5.200000e+00	9.965548e-04	3.766623e-04	3.766623e-04
5.200000e+00	5.300000e+00	2.847299e-04	2.013345e-04	2.013345e-04
5.300000e+00	5.400000e+00	0.000000e+00	0.000000e+00	0.000000e+00
5.400000e+00	5.500000e+00	1.423650e-04	1.423650e-04	1.423650e-04
5.500000e+00	5.600000e+00	0.000000e+00	0.000000e+00	0.000000e+00
5.600000e+00	5.700000e+00	0.000000e+00	0.000000e+00	0.000000e+00
5.700000e+00	5.800000e+00	1.423650e-04	1.423650e-04	1.423650e-04
5.800000e+00	5.900000e+00	0.000000e+00	0.000000e+00	0.000000e+00
5.900000e+00	6.000000e+00	0.000000e+00	0.000000e+00	0.000000e+00
6.000000e+00	6.100000e+00	1.423650e-04	1.423650e-04	1.423650e-04
6.100000e+00	6.200000e+00	0.000000e+00	0.000000e+00	0.000000e+00
6.200000e+00	6.300000e+00	0.000000e+00	0.000000e+00	0.000000e+00
6.300000e+00	6.400000e+00	0.000000e+00	0.000000e+00	0.000000e+00
6.400000e+00	6.500000e+00	0.000000e+00	0.000000e+00	0.000000e+00
6.500000e+00	6.600000e+00	0.000000e+00	0.000000e+00	0.000000e+00
6.600000e+00	6.700000e+00	0.000000e+00	0.000000e+00	0.000000e+00
6.700000e+00	6.800000e+00	0.000000e+00	0.000000e+00	0.000000e+00
6.800000e+00	6.900000e+00	0.000000e+00	0.000000e+00	0.000000e+00
6.900000e+00	7.000000e+00	0.000000e+00	0.000000e+00	0.000000e+00
7.000000e+00	7.100000e+00	0.000000e+00	0.000000e+00	0.000000e+00
7.100000e+00	7.200000e+00	0.000000e+00	0.000000e+00	0.000000e+00
7.200000e+00	7.300000e+00	0.000000e+00	0.000000e+00	0.000000e+00
7.300000e+00	7.400000e+00	0.000000e+00	0.000000e+00	0.000000e+00
7.400000e+00	7.500000e+00	0.000000e+00	0.000000e+00	0.000000e+00
7.500000e+00	7.600000e+00	0.000000e+00	0.000000e+00	0.000000e+00
7.600000e+00	7.700000e+00	0.000000e+00	0.000000e+00	0.000000e+00
7.700000e+00	7.800000e+00	0.000000e+00	0.000000e+00	0.000000e+00
7.800000e+00	7.900000e+00	0.000000e+00	0.000000e+00	0.000000e+00
7.900000e+00	8.000000e+00	0.000000e+00	0.000000e+00	0.000000e+00
8.000000e+00	8.100000e+00	0.000000e+00	0.000000e+00	0.000000e+00
8.100000e+00	8.200000e+00	0.000000e+00	0.000000e+00	0.000000e+00
8.200000e+00	8.300000e+00	0.000000e+00	0.000000e+00	0.000000e+00
8.300000e+00	8.400000e+00	0.000000e+00	0.000000e+00	0.000000e+00
8.400000e+00	8.500000e+00	0.000000e+00	0.000000e+00	0.000000e+00
8.500000e+00	8.600000e+00	0.000000e+00	0.000000e+00	0.000000e+00
8.600000e+00	8.700000e+00	0.000000e+00	0.000000e+00	0.000000e+00
8.700000e+00	8.800000e+00	0.000000e+00	0.000000e+00	0.000000e+00
8.800000e+00	8.900000e+00	0.000000e+00	0.000000e+00	0.000000e+00
8.900000e+00	9.000000e+00	0.000000e+00	0.000000e+00	0.000000e+00
9.000000e+00	9.100000e+00	0.000000e+00	0.000000e+00	0.000000e+00
9.100000e+00	9.200000e+00	0.000000e+00	0.000000e+00	0.000000e+00
9.200000e+00	9.300000e+00	0.000000e+00	0.000000e+00	0.000000e+00
9.300000e+00	9.400000e+00	0.000000e+00	0.000000e+00	0.000000e+00
9.400000e+00	9.500000e+00	0.000000e+00	0.000000e+00	0.000000e+00
9.500000e+00	9.600000e+00	0.000000e+00	0.000000e+00	0.000000e+00
9.600000e+00	9.700000e+00	0.000000e+00	0.000000e+00	0.000000e+00
9.700000e+00	9.800000e+00	0.000000e+00	0.000000e+00	0.000000e+00
9.800000e+00	9.900000e+00	0.000000e+00	0.000000e+00	0.000000e+00
9.900000e+00	1.000000e+01	0.000000e+00	0.000000e+00	0.000000e+00
1.000000e+01	1.010000e+01	0.000000e+00	0.000000e+00	0.000000e+00
1.010000e+01	1.020000e+01	0.000000e+00	0.000000e+00	0.000000e+00
1.020000e+01	1.030000e+01	0.000000e+00	0.000000e+00	0.000000e+00
1.030000e+01	1.040000e+01	0.000000e+00	0.000000e+00	0.000000e+00
1.040000e+01	1.050000e+01	0.000000e+00	0.000000e+00	0.000000e+00
1.050000e+01	1.060000e+01	0.000000e+00	0.000000e+00	0.000000e+00
1.060000e+01	1.070000e+01	0.000000e+00	0.000000e+00	0.000000e+00
1.070000e+01	1.080000e+01	0.000000e+00	0.000000e+00	0.000000e+00
1.080000e+01	1.090000e+01	0.000000e+00	0.000000e+00	0.000000e+00
1.090000e+01	1.100000e+01	0.000000e+00	0.000000e+00	0.000000e+00
1.100000e+01	1.110000e+01	0.000000e+00	0.000000e+00	0.000000e+00
1.110000e+01	1.120000e+01	0.000000e+00	0.000000e+00	0.000000e+00
1.120000e+01	1.130000e+01	0.000000e+00	0.000000e+00	0.000000e+00
1.130000e+01	1.140000e+01	0.000000e+00	0.000000e+00	0.000000e+00
1.140000e+01	1.150000e+01	0.000000e+00	0.000000e+00	0.000000e+00
1.150000e+01	1.160000e+01	0.000000e+00	0.000000e+00	0.000000e+00
1.160000e+01	1.170000e+01	0.000000e+00	0.000000e+00	0.000000e+00
1.170000e+01	1.180000e+01	0.000000e+00	0.000000e+00	0.000000e+00
1.180000e+01	1.190000e+01	0.000000e+00	0.000000e+00	0.000000e+00
1.190000e+01	1.200000e+01	0.000000e+00	0.000000e+00	0.000000e+00
1.200000e+01	1.210000e+01	0.000000e+00	0.000000e+00	0.000000e+00
1.210000e+01	1.220000e+01	0.000000e+00	0.000000e+00	0.000000e+00
1.220000e+01	1.230000e+01	0.000000e+00	0.000000e+00	0.000000e+00
1.230000e+01	1.240000e+01	0.000000e+00	0.000000e+00	0.000000e+00
1.240000e+01	1.250000e+01	0.000000e+00	0.000000e+00	0.000000e+00
1.250000e+01	1.260000e+01	0.000000e+00	0.000000e+00	0.000000e+00
1.260000e+01	1.270000e+01	0.000000e+00	0.000000e+00	0.000000e+00
1.270000e+01	1.280000e+01	0.000000e+00	0.000000e+00	0.000000e+00
1.280000e+01	1.290000e+01	0.000000e+00	0.000000e+00	0.000000e+00
1.290000e+01	1.300000e+01	0.000000e+00	0.000000e+00	0.000000e+00
1.300000e+01	1.310000e+01	0.000000e+00	0.000000e+00	0.000000e+00
1.310000e+01	1.320000e+01	0.000000e+00	0.000000e+00	0.000000e+00
1.320000e+01	1.330000e+01	0.000000e+00	0.000000e+00	0.000000e+00
1.330000e+01	1.340000e+01	0.000000e+00	0.000000e+00	0.000000e+00
1.340000e+01	1.350000e+01	0.000000e+00	0.000000e+00	0.000000e+00
1.350000e+01	1.360000e+01	0.000000e+00	0.000000e+00	0.000000e+00
1.360000e+01	1.370000e+01	0.000000e+00	0.000000e+00	0.000000e+00
1.370000e+01	1.380000e+01	0.000000e+00	0.000000e+00	0.000000e+00
1.380000e+01	1.390000e+01	0.000000e+00	0.000000e+00	0.000000e+00
1.390000e+01	1.400000e+01	0.000000e+00	0.000000e+00	0.000000e+00
1.400000e+01	1.410000e+01	0.000000e+00	0.000000e+00	0.000000e+00
1.410000e+01	1.420000e+01	0.000000e+00	0.000000e+00	0.000000e+00
1.420000e+01	1.430000e+01	0.000000e+00	0.000000e+00	0.000000e+00
1.430000e+01	1.440000e+01	0.000000e+00	0.000000e+00	0.000000e+00
1.440000e+01	1.450000e+01	0.000000e+00	0.000000e+00	0.000000e+00
1.450000e+01	1.460000e+01	0.000000e+00	0.000000e+00	0.000000e+00
1.460000e+01	1.470000e+01	0.000000e+00	0.000000e+00	0.000000e+00
1.470000e+01	1.480000e+01	0.000000e+00	0.000000e+00	0.000000e+00
1.480000e+01	1.490000e+01	0.000000e+00	0.000000e+00	0.000000e+00
1.490000e+01	1.500000e+01	0.000000e+00	0.000000e+00	0.000000e+00
# END HISTO1D

# BEGIN HISTO1D //home/frederic/Work/Software/LesHouches2017/lh2017-alphas/rivet-analysis/gluon-as012285-parton.yoda/MC_LHJSS_Zjet/log_Angularity_zcut_0.1_beta_0_alpha_0.5
LineColor=blue
LineStyle=solid
NormalizeToSum=1
Path=//home/frederic/Work/Software/LesHouches2017/lh2017-alphas/rivet-analysis/gluon-as012285-parton.yoda/MC_LHJSS_Zjet/log_Angularity_zcut_0.1_beta_0_alpha_0.5
ScaledBy=1.41430713093655423e-05
Title=gluon-as012285-parton
XLabel=
YLabel=
# xlow	 xhigh	 val	 errminus	 errplus
0.000000e+00	1.000000e-01	0.000000e+00	0.000000e+00	0.000000e+00
1.000000e-01	2.000000e-01	2.828614e-04	2.000132e-04	2.000132e-04
2.000000e-01	3.000000e-01	5.657229e-04	2.828614e-04	2.828614e-04
3.000000e-01	4.000000e-01	5.798659e-03	9.055984e-04	9.055984e-04
4.000000e-01	5.000000e-01	2.390179e-02	1.838599e-03	1.838599e-03
5.000000e-01	6.000000e-01	5.982519e-02	2.908800e-03	2.908800e-03
6.000000e-01	7.000000e-01	1.212061e-01	4.140322e-03	4.140322e-03
7.000000e-01	8.000000e-01	1.830113e-01	5.087575e-03	5.087575e-03
8.000000e-01	9.000000e-01	2.605154e-01	6.069998e-03	6.069998e-03
9.000000e-01	1.000000e+00	3.237349e-01	6.766540e-03	6.766540e-03
1.000000e+00	1.100000e+00	3.729528e-01	7.262712e-03	7.262712e-03
1.100000e+00	1.200000e+00	4.153820e-01	7.664709e-03	7.664709e-03
1.200000e+00	1.300000e+00	4.432439e-01	7.917594e-03	7.917594e-03
1.300000e+00	1.400000e+00	4.845416e-01	8.278229e-03	8.278229e-03
1.400000e+00	1.500000e+00	5.075948e-01	8.472868e-03	8.472868e-03
1.500000e+00	1.600000e+00	4.866631e-01	8.296331e-03	8.296331e-03
1.600000e+00	1.700000e+00	5.019376e-01	8.425520e-03	8.425520e-03
1.700000e+00	1.800000e+00	4.825616e-01	8.261297e-03	8.261297e-03
1.800000e+00	1.900000e+00	4.643170e-01	8.103622e-03	8.103622e-03
1.900000e+00	2.000000e+00	4.286765e-01	7.786400e-03	7.786400e-03
2.000000e+00	2.100000e+00	3.994003e-01	7.515815e-03	7.515815e-03
2.100000e+00	2.200000e+00	3.696999e-01	7.230970e-03	7.230970e-03
2.200000e+00	2.300000e+00	3.456567e-01	6.991886e-03	6.991886e-03
2.300000e+00	2.400000e+00	3.224620e-01	6.753224e-03	6.753224e-03
2.400000e+00	2.500000e+00	2.946002e-01	6.454883e-03	6.454883e-03
2.500000e+00	2.600000e+00	2.708398e-01	6.189109e-03	6.189109e-03
2.600000e+00	2.700000e+00	2.574039e-01	6.033641e-03	6.033641e-03
2.700000e+00	2.800000e+00	2.178033e-01	5.550142e-03	5.550142e-03
2.800000e+00	2.900000e+00	2.013973e-01	5.337019e-03	5.337019e-03
2.900000e+00	3.000000e+00	1.832942e-01	5.091506e-03	5.091506e-03
3.000000e+00	3.100000e+00	1.623625e-01	4.791977e-03	4.791977e-03
3.100000e+00	3.200000e+00	1.465222e-01	4.552224e-03	4.552224e-03
3.200000e+00	3.300000e+00	1.311063e-01	4.306095e-03	4.306095e-03
3.300000e+00	3.400000e+00	1.161146e-01	4.052428e-03	4.052428e-03
3.400000e+00	3.500000e+00	1.009815e-01	3.779139e-03	3.779139e-03
3.500000e+00	3.600000e+00	8.924278e-02	3.552699e-03	3.552699e-03
3.600000e+00	3.700000e+00	7.693831e-02	3.298703e-03	3.298703e-03
3.700000e+00	3.800000e+00	5.940090e-02	2.898467e-03	2.898467e-03
3.800000e+00	3.900000e+00	5.855232e-02	2.877689e-03	2.877689e-03
3.900000e+00	4.000000e+00	4.653070e-02	2.565321e-03	2.565321e-03
4.000000e+00	4.100000e+00	4.370209e-02	2.486125e-03	2.486125e-03
4.100000e+00	4.200000e+00	2.941759e-02	2.039743e-03	2.039743e-03
4.200000e+00	4.300000e+00	2.856900e-02	2.010108e-03	2.010108e-03
4.300000e+00	4.400000e+00	2.008316e-02	1.685342e-03	1.685342e-03
4.400000e+00	4.500000e+00	1.216304e-02	1.311575e-03	1.311575e-03
4.500000e+00	4.600000e+00	9.051566e-03	1.131446e-03	1.131446e-03
4.600000e+00	4.700000e+00	5.232936e-03	8.602894e-04	8.602894e-04
4.700000e+00	4.800000e+00	2.404322e-03	5.831338e-04	5.831338e-04
4.800000e+00	4.900000e+00	2.121461e-03	5.477588e-04	5.477588e-04
4.900000e+00	5.000000e+00	1.272876e-03	4.242921e-04	4.242921e-04
5.000000e+00	5.100000e+00	5.657229e-04	2.828614e-04	2.828614e-04
5.100000e+00	5.200000e+00	8.485843e-04	3.464331e-04	3.464331e-04
5.200000e+00	5.300000e+00	4.242921e-04	2.449652e-04	2.449652e-04
5.300000e+00	5.400000e+00	1.414307e-04	1.414307e-04	1.414307e-04
5.400000e+00	5.500000e+00	0.000000e+00	0.000000e+00	0.000000e+00
5.500000e+00	5.600000e+00	0.000000e+00	0.000000e+00	0.000000e+00
5.600000e+00	5.700000e+00	1.414307e-04	1.414307e-04	1.414307e-04
5.700000e+00	5.800000e+00	0.000000e+00	0.000000e+00	0.000000e+00
5.800000e+00	5.900000e+00	0.000000e+00	0.000000e+00	0.000000e+00
5.900000e+00	6.000000e+00	0.000000e+00	0.000000e+00	0.000000e+00
6.000000e+00	6.100000e+00	1.414307e-04	1.414307e-04	1.414307e-04
6.100000e+00	6.200000e+00	0.000000e+00	0.000000e+00	0.000000e+00
6.200000e+00	6.300000e+00	0.000000e+00	0.000000e+00	0.000000e+00
6.300000e+00	6.400000e+00	0.000000e+00	0.000000e+00	0.000000e+00
6.400000e+00	6.500000e+00	0.000000e+00	0.000000e+00	0.000000e+00
6.500000e+00	6.600000e+00	0.000000e+00	0.000000e+00	0.000000e+00
6.600000e+00	6.700000e+00	0.000000e+00	0.000000e+00	0.000000e+00
6.700000e+00	6.800000e+00	0.000000e+00	0.000000e+00	0.000000e+00
6.800000e+00	6.900000e+00	0.000000e+00	0.000000e+00	0.000000e+00
6.900000e+00	7.000000e+00	0.000000e+00	0.000000e+00	0.000000e+00
7.000000e+00	7.100000e+00	0.000000e+00	0.000000e+00	0.000000e+00
7.100000e+00	7.200000e+00	0.000000e+00	0.000000e+00	0.000000e+00
7.200000e+00	7.300000e+00	0.000000e+00	0.000000e+00	0.000000e+00
7.300000e+00	7.400000e+00	0.000000e+00	0.000000e+00	0.000000e+00
7.400000e+00	7.500000e+00	0.000000e+00	0.000000e+00	0.000000e+00
7.500000e+00	7.600000e+00	0.000000e+00	0.000000e+00	0.000000e+00
7.600000e+00	7.700000e+00	0.000000e+00	0.000000e+00	0.000000e+00
7.700000e+00	7.800000e+00	0.000000e+00	0.000000e+00	0.000000e+00
7.800000e+00	7.900000e+00	0.000000e+00	0.000000e+00	0.000000e+00
7.900000e+00	8.000000e+00	0.000000e+00	0.000000e+00	0.000000e+00
8.000000e+00	8.100000e+00	0.000000e+00	0.000000e+00	0.000000e+00
8.100000e+00	8.200000e+00	0.000000e+00	0.000000e+00	0.000000e+00
8.200000e+00	8.300000e+00	0.000000e+00	0.000000e+00	0.000000e+00
8.300000e+00	8.400000e+00	0.000000e+00	0.000000e+00	0.000000e+00
8.400000e+00	8.500000e+00	0.000000e+00	0.000000e+00	0.000000e+00
8.500000e+00	8.600000e+00	0.000000e+00	0.000000e+00	0.000000e+00
8.600000e+00	8.700000e+00	0.000000e+00	0.000000e+00	0.000000e+00
8.700000e+00	8.800000e+00	0.000000e+00	0.000000e+00	0.000000e+00
8.800000e+00	8.900000e+00	0.000000e+00	0.000000e+00	0.000000e+00
8.900000e+00	9.000000e+00	0.000000e+00	0.000000e+00	0.000000e+00
9.000000e+00	9.100000e+00	0.000000e+00	0.000000e+00	0.000000e+00
9.100000e+00	9.200000e+00	0.000000e+00	0.000000e+00	0.000000e+00
9.200000e+00	9.300000e+00	0.000000e+00	0.000000e+00	0.000000e+00
9.300000e+00	9.400000e+00	0.000000e+00	0.000000e+00	0.000000e+00
9.400000e+00	9.500000e+00	0.000000e+00	0.000000e+00	0.000000e+00
9.500000e+00	9.600000e+00	0.000000e+00	0.000000e+00	0.000000e+00
9.600000e+00	9.700000e+00	0.000000e+00	0.000000e+00	0.000000e+00
9.700000e+00	9.800000e+00	0.000000e+00	0.000000e+00	0.000000e+00
9.800000e+00	9.900000e+00	0.000000e+00	0.000000e+00	0.000000e+00
9.900000e+00	1.000000e+01	0.000000e+00	0.000000e+00	0.000000e+00
1.000000e+01	1.010000e+01	0.000000e+00	0.000000e+00	0.000000e+00
1.010000e+01	1.020000e+01	0.000000e+00	0.000000e+00	0.000000e+00
1.020000e+01	1.030000e+01	0.000000e+00	0.000000e+00	0.000000e+00
1.030000e+01	1.040000e+01	0.000000e+00	0.000000e+00	0.000000e+00
1.040000e+01	1.050000e+01	0.000000e+00	0.000000e+00	0.000000e+00
1.050000e+01	1.060000e+01	0.000000e+00	0.000000e+00	0.000000e+00
1.060000e+01	1.070000e+01	0.000000e+00	0.000000e+00	0.000000e+00
1.070000e+01	1.080000e+01	0.000000e+00	0.000000e+00	0.000000e+00
1.080000e+01	1.090000e+01	0.000000e+00	0.000000e+00	0.000000e+00
1.090000e+01	1.100000e+01	0.000000e+00	0.000000e+00	0.000000e+00
1.100000e+01	1.110000e+01	0.000000e+00	0.000000e+00	0.000000e+00
1.110000e+01	1.120000e+01	0.000000e+00	0.000000e+00	0.000000e+00
1.120000e+01	1.130000e+01	0.000000e+00	0.000000e+00	0.000000e+00
1.130000e+01	1.140000e+01	0.000000e+00	0.000000e+00	0.000000e+00
1.140000e+01	1.150000e+01	0.000000e+00	0.000000e+00	0.000000e+00
1.150000e+01	1.160000e+01	0.000000e+00	0.000000e+00	0.000000e+00
1.160000e+01	1.170000e+01	0.000000e+00	0.000000e+00	0.000000e+00
1.170000e+01	1.180000e+01	0.000000e+00	0.000000e+00	0.000000e+00
1.180000e+01	1.190000e+01	0.000000e+00	0.000000e+00	0.000000e+00
1.190000e+01	1.200000e+01	0.000000e+00	0.000000e+00	0.000000e+00
1.200000e+01	1.210000e+01	0.000000e+00	0.000000e+00	0.000000e+00
1.210000e+01	1.220000e+01	0.000000e+00	0.000000e+00	0.000000e+00
1.220000e+01	1.230000e+01	0.000000e+00	0.000000e+00	0.000000e+00
1.230000e+01	1.240000e+01	0.000000e+00	0.000000e+00	0.000000e+00
1.240000e+01	1.250000e+01	0.000000e+00	0.000000e+00	0.000000e+00
1.250000e+01	1.260000e+01	0.000000e+00	0.000000e+00	0.000000e+00
1.260000e+01	1.270000e+01	0.000000e+00	0.000000e+00	0.000000e+00
1.270000e+01	1.280000e+01	0.000000e+00	0.000000e+00	0.000000e+00
1.280000e+01	1.290000e+01	0.000000e+00	0.000000e+00	0.000000e+00
1.290000e+01	1.300000e+01	0.000000e+00	0.000000e+00	0.000000e+00
1.300000e+01	1.310000e+01	0.000000e+00	0.000000e+00	0.000000e+00
1.310000e+01	1.320000e+01	0.000000e+00	0.000000e+00	0.000000e+00
1.320000e+01	1.330000e+01	0.000000e+00	0.000000e+00	0.000000e+00
1.330000e+01	1.340000e+01	0.000000e+00	0.000000e+00	0.000000e+00
1.340000e+01	1.350000e+01	0.000000e+00	0.000000e+00	0.000000e+00
1.350000e+01	1.360000e+01	0.000000e+00	0.000000e+00	0.000000e+00
1.360000e+01	1.370000e+01	0.000000e+00	0.000000e+00	0.000000e+00
1.370000e+01	1.380000e+01	0.000000e+00	0.000000e+00	0.000000e+00
1.380000e+01	1.390000e+01	0.000000e+00	0.000000e+00	0.000000e+00
1.390000e+01	1.400000e+01	0.000000e+00	0.000000e+00	0.000000e+00
1.400000e+01	1.410000e+01	0.000000e+00	0.000000e+00	0.000000e+00
1.410000e+01	1.420000e+01	0.000000e+00	0.000000e+00	0.000000e+00
1.420000e+01	1.430000e+01	0.000000e+00	0.000000e+00	0.000000e+00
1.430000e+01	1.440000e+01	0.000000e+00	0.000000e+00	0.000000e+00
1.440000e+01	1.450000e+01	0.000000e+00	0.000000e+00	0.000000e+00
1.450000e+01	1.460000e+01	0.000000e+00	0.000000e+00	0.000000e+00
1.460000e+01	1.470000e+01	0.000000e+00	0.000000e+00	0.000000e+00
1.470000e+01	1.480000e+01	0.000000e+00	0.000000e+00	0.000000e+00
1.480000e+01	1.490000e+01	0.000000e+00	0.000000e+00	0.000000e+00
1.490000e+01	1.500000e+01	0.000000e+00	0.000000e+00	0.000000e+00
# END HISTO1D

# BEGIN HISTO1D //home/frederic/Work/Software/LesHouches2017/lh2017-alphas/rivet-analysis/gluon-as015015-parton.yoda/MC_LHJSS_Zjet/log_Angularity_zcut_0.1_beta_0_alpha_0.5
LineColor=green
LineStyle=solid
NormalizeToSum=1
Path=//home/frederic/Work/Software/LesHouches2017/lh2017-alphas/rivet-analysis/gluon-as015015-parton.yoda/MC_LHJSS_Zjet/log_Angularity_zcut_0.1_beta_0_alpha_0.5
ScaledBy=1.43133185429041716e-05
Title=gluon-as015015-parton
XLabel=
YLabel=
# xlow	 xhigh	 val	 errminus	 errplus
0.000000e+00	1.000000e-01	0.000000e+00	0.000000e+00	0.000000e+00
1.000000e-01	2.000000e-01	2.862664e-04	2.024209e-04	2.024209e-04
2.000000e-01	3.000000e-01	3.005797e-03	6.559187e-04	6.559187e-04
3.000000e-01	4.000000e-01	1.502898e-02	1.466679e-03	1.466679e-03
4.000000e-01	5.000000e-01	4.981035e-02	2.670115e-03	2.670115e-03
5.000000e-01	6.000000e-01	1.150791e-01	4.058527e-03	4.058527e-03
6.000000e-01	7.000000e-01	2.021041e-01	5.378457e-03	5.378457e-03
7.000000e-01	8.000000e-01	2.978602e-01	6.529446e-03	6.529446e-03
8.000000e-01	9.000000e-01	3.918987e-01	7.489573e-03	7.489573e-03
9.000000e-01	1.000000e+00	4.774923e-01	8.267103e-03	8.267103e-03
1.000000e+00	1.100000e+00	5.281615e-01	8.694678e-03	8.694678e-03
1.100000e+00	1.200000e+00	5.761111e-01	9.080782e-03	9.080782e-03
1.200000e+00	1.300000e+00	6.297860e-01	9.494381e-03	9.494381e-03
1.300000e+00	1.400000e+00	6.332212e-01	9.520240e-03	9.520240e-03
1.400000e+00	1.500000e+00	6.269234e-01	9.472779e-03	9.472779e-03
1.500000e+00	1.600000e+00	5.845559e-01	9.147095e-03	9.147095e-03
1.600000e+00	1.700000e+00	5.484864e-01	8.860395e-03	8.860395e-03
1.700000e+00	1.800000e+00	5.045445e-01	8.498062e-03	8.498062e-03
1.800000e+00	1.900000e+00	4.869391e-01	8.348481e-03	8.348481e-03
1.900000e+00	2.000000e+00	4.452873e-01	7.983445e-03	7.983445e-03
2.000000e+00	2.100000e+00	4.014886e-01	7.580656e-03	7.580656e-03
2.100000e+00	2.200000e+00	3.446647e-01	7.023743e-03	7.023743e-03
2.200000e+00	2.300000e+00	3.143205e-01	6.707435e-03	6.707435e-03
2.300000e+00	2.400000e+00	2.769627e-01	6.296234e-03	6.296234e-03
2.400000e+00	2.500000e+00	2.501968e-01	5.984269e-03	5.984269e-03
2.500000e+00	2.600000e+00	2.141272e-01	5.536128e-03	5.536128e-03
2.600000e+00	2.700000e+00	1.753382e-01	5.009662e-03	5.009662e-03
2.700000e+00	2.800000e+00	1.541544e-01	4.697299e-03	4.697299e-03
2.800000e+00	2.900000e+00	1.295355e-01	4.305906e-03	4.305906e-03
2.900000e+00	3.000000e+00	1.030559e-01	3.840667e-03	3.840667e-03
3.000000e+00	3.100000e+00	8.330351e-02	3.453042e-03	3.453042e-03
3.100000e+00	3.200000e+00	6.712946e-02	3.099751e-03	3.099751e-03
3.200000e+00	3.300000e+00	5.782581e-02	2.876941e-03	2.876941e-03
3.300000e+00	3.400000e+00	4.365562e-02	2.499714e-03	2.499714e-03
3.400000e+00	3.500000e+00	3.249123e-02	2.156519e-03	2.156519e-03
3.500000e+00	3.600000e+00	2.690904e-02	1.962543e-03	1.962543e-03
3.600000e+00	3.700000e+00	2.189938e-02	1.770460e-03	1.770460e-03
3.700000e+00	3.800000e+00	1.789165e-02	1.600278e-03	1.600278e-03
3.800000e+00	3.900000e+00	1.531525e-02	1.480581e-03	1.480581e-03
3.900000e+00	4.000000e+00	1.273885e-02	1.350316e-03	1.350316e-03
4.000000e+00	4.100000e+00	1.116439e-02	1.264118e-03	1.264118e-03
4.100000e+00	4.200000e+00	9.160524e-03	1.145066e-03	1.145066e-03
4.200000e+00	4.300000e+00	7.442926e-03	1.032148e-03	1.032148e-03
4.300000e+00	4.400000e+00	6.870393e-03	9.916558e-04	9.916558e-04
4.400000e+00	4.500000e+00	4.580262e-03	8.096836e-04	8.096836e-04
4.500000e+00	4.600000e+00	2.433264e-03	5.901532e-04	5.901532e-04
4.600000e+00	4.700000e+00	1.431332e-03	4.526269e-04	4.526269e-04
4.700000e+00	4.800000e+00	1.288199e-03	4.293996e-04	4.293996e-04
4.800000e+00	4.900000e+00	8.587991e-04	3.506033e-04	3.506033e-04
4.900000e+00	5.000000e+00	1.431332e-04	1.431332e-04	1.431332e-04
5.000000e+00	5.100000e+00	5.725327e-04	2.862664e-04	2.862664e-04
5.100000e+00	5.200000e+00	1.431332e-04	1.431332e-04	1.431332e-04
5.200000e+00	5.300000e+00	2.862664e-04	2.024209e-04	2.024209e-04
5.300000e+00	5.400000e+00	0.000000e+00	0.000000e+00	0.000000e+00
5.400000e+00	5.500000e+00	0.000000e+00	0.000000e+00	0.000000e+00
5.500000e+00	5.600000e+00	0.000000e+00	0.000000e+00	0.000000e+00
5.600000e+00	5.700000e+00	0.000000e+00	0.000000e+00	0.000000e+00
5.700000e+00	5.800000e+00	0.000000e+00	0.000000e+00	0.000000e+00
5.800000e+00	5.900000e+00	0.000000e+00	0.000000e+00	0.000000e+00
5.900000e+00	6.000000e+00	0.000000e+00	0.000000e+00	0.000000e+00
6.000000e+00	6.100000e+00	0.000000e+00	0.000000e+00	0.000000e+00
6.100000e+00	6.200000e+00	0.000000e+00	0.000000e+00	0.000000e+00
6.200000e+00	6.300000e+00	0.000000e+00	0.000000e+00	0.000000e+00
6.300000e+00	6.400000e+00	0.000000e+00	0.000000e+00	0.000000e+00
6.400000e+00	6.500000e+00	0.000000e+00	0.000000e+00	0.000000e+00
6.500000e+00	6.600000e+00	0.000000e+00	0.000000e+00	0.000000e+00
6.600000e+00	6.700000e+00	0.000000e+00	0.000000e+00	0.000000e+00
6.700000e+00	6.800000e+00	0.000000e+00	0.000000e+00	0.000000e+00
6.800000e+00	6.900000e+00	0.000000e+00	0.000000e+00	0.000000e+00
6.900000e+00	7.000000e+00	0.000000e+00	0.000000e+00	0.000000e+00
7.000000e+00	7.100000e+00	0.000000e+00	0.000000e+00	0.000000e+00
7.100000e+00	7.200000e+00	0.000000e+00	0.000000e+00	0.000000e+00
7.200000e+00	7.300000e+00	0.000000e+00	0.000000e+00	0.000000e+00
7.300000e+00	7.400000e+00	0.000000e+00	0.000000e+00	0.000000e+00
7.400000e+00	7.500000e+00	0.000000e+00	0.000000e+00	0.000000e+00
7.500000e+00	7.600000e+00	0.000000e+00	0.000000e+00	0.000000e+00
7.600000e+00	7.700000e+00	0.000000e+00	0.000000e+00	0.000000e+00
7.700000e+00	7.800000e+00	0.000000e+00	0.000000e+00	0.000000e+00
7.800000e+00	7.900000e+00	0.000000e+00	0.000000e+00	0.000000e+00
7.900000e+00	8.000000e+00	0.000000e+00	0.000000e+00	0.000000e+00
8.000000e+00	8.100000e+00	0.000000e+00	0.000000e+00	0.000000e+00
8.100000e+00	8.200000e+00	0.000000e+00	0.000000e+00	0.000000e+00
8.200000e+00	8.300000e+00	0.000000e+00	0.000000e+00	0.000000e+00
8.300000e+00	8.400000e+00	0.000000e+00	0.000000e+00	0.000000e+00
8.400000e+00	8.500000e+00	0.000000e+00	0.000000e+00	0.000000e+00
8.500000e+00	8.600000e+00	0.000000e+00	0.000000e+00	0.000000e+00
8.600000e+00	8.700000e+00	0.000000e+00	0.000000e+00	0.000000e+00
8.700000e+00	8.800000e+00	0.000000e+00	0.000000e+00	0.000000e+00
8.800000e+00	8.900000e+00	0.000000e+00	0.000000e+00	0.000000e+00
8.900000e+00	9.000000e+00	0.000000e+00	0.000000e+00	0.000000e+00
9.000000e+00	9.100000e+00	0.000000e+00	0.000000e+00	0.000000e+00
9.100000e+00	9.200000e+00	0.000000e+00	0.000000e+00	0.000000e+00
9.200000e+00	9.300000e+00	0.000000e+00	0.000000e+00	0.000000e+00
9.300000e+00	9.400000e+00	0.000000e+00	0.000000e+00	0.000000e+00
9.400000e+00	9.500000e+00	0.000000e+00	0.000000e+00	0.000000e+00
9.500000e+00	9.600000e+00	0.000000e+00	0.000000e+00	0.000000e+00
9.600000e+00	9.700000e+00	0.000000e+00	0.000000e+00	0.000000e+00
9.700000e+00	9.800000e+00	0.000000e+00	0.000000e+00	0.000000e+00
9.800000e+00	9.900000e+00	0.000000e+00	0.000000e+00	0.000000e+00
9.900000e+00	1.000000e+01	0.000000e+00	0.000000e+00	0.000000e+00
1.000000e+01	1.010000e+01	0.000000e+00	0.000000e+00	0.000000e+00
1.010000e+01	1.020000e+01	0.000000e+00	0.000000e+00	0.000000e+00
1.020000e+01	1.030000e+01	0.000000e+00	0.000000e+00	0.000000e+00
1.030000e+01	1.040000e+01	0.000000e+00	0.000000e+00	0.000000e+00
1.040000e+01	1.050000e+01	0.000000e+00	0.000000e+00	0.000000e+00
1.050000e+01	1.060000e+01	0.000000e+00	0.000000e+00	0.000000e+00
1.060000e+01	1.070000e+01	0.000000e+00	0.000000e+00	0.000000e+00
1.070000e+01	1.080000e+01	0.000000e+00	0.000000e+00	0.000000e+00
1.080000e+01	1.090000e+01	0.000000e+00	0.000000e+00	0.000000e+00
1.090000e+01	1.100000e+01	0.000000e+00	0.000000e+00	0.000000e+00
1.100000e+01	1.110000e+01	0.000000e+00	0.000000e+00	0.000000e+00
1.110000e+01	1.120000e+01	0.000000e+00	0.000000e+00	0.000000e+00
1.120000e+01	1.130000e+01	0.000000e+00	0.000000e+00	0.000000e+00
1.130000e+01	1.140000e+01	0.000000e+00	0.000000e+00	0.000000e+00
1.140000e+01	1.150000e+01	0.000000e+00	0.000000e+00	0.000000e+00
1.150000e+01	1.160000e+01	0.000000e+00	0.000000e+00	0.000000e+00
1.160000e+01	1.170000e+01	0.000000e+00	0.000000e+00	0.000000e+00
1.170000e+01	1.180000e+01	0.000000e+00	0.000000e+00	0.000000e+00
1.180000e+01	1.190000e+01	0.000000e+00	0.000000e+00	0.000000e+00
1.190000e+01	1.200000e+01	0.000000e+00	0.000000e+00	0.000000e+00
1.200000e+01	1.210000e+01	0.000000e+00	0.000000e+00	0.000000e+00
1.210000e+01	1.220000e+01	0.000000e+00	0.000000e+00	0.000000e+00
1.220000e+01	1.230000e+01	0.000000e+00	0.000000e+00	0.000000e+00
1.230000e+01	1.240000e+01	0.000000e+00	0.000000e+00	0.000000e+00
1.240000e+01	1.250000e+01	0.000000e+00	0.000000e+00	0.000000e+00
1.250000e+01	1.260000e+01	0.000000e+00	0.000000e+00	0.000000e+00
1.260000e+01	1.270000e+01	0.000000e+00	0.000000e+00	0.000000e+00
1.270000e+01	1.280000e+01	0.000000e+00	0.000000e+00	0.000000e+00
1.280000e+01	1.290000e+01	0.000000e+00	0.000000e+00	0.000000e+00
1.290000e+01	1.300000e+01	0.000000e+00	0.000000e+00	0.000000e+00
1.300000e+01	1.310000e+01	0.000000e+00	0.000000e+00	0.000000e+00
1.310000e+01	1.320000e+01	0.000000e+00	0.000000e+00	0.000000e+00
1.320000e+01	1.330000e+01	0.000000e+00	0.000000e+00	0.000000e+00
1.330000e+01	1.340000e+01	0.000000e+00	0.000000e+00	0.000000e+00
1.340000e+01	1.350000e+01	0.000000e+00	0.000000e+00	0.000000e+00
1.350000e+01	1.360000e+01	0.000000e+00	0.000000e+00	0.000000e+00
1.360000e+01	1.370000e+01	0.000000e+00	0.000000e+00	0.000000e+00
1.370000e+01	1.380000e+01	0.000000e+00	0.000000e+00	0.000000e+00
1.380000e+01	1.390000e+01	0.000000e+00	0.000000e+00	0.000000e+00
1.390000e+01	1.400000e+01	0.000000e+00	0.000000e+00	0.000000e+00
1.400000e+01	1.410000e+01	0.000000e+00	0.000000e+00	0.000000e+00
1.410000e+01	1.420000e+01	0.000000e+00	0.000000e+00	0.000000e+00
1.420000e+01	1.430000e+01	0.000000e+00	0.000000e+00	0.000000e+00
1.430000e+01	1.440000e+01	0.000000e+00	0.000000e+00	0.000000e+00
1.440000e+01	1.450000e+01	0.000000e+00	0.000000e+00	0.000000e+00
1.450000e+01	1.460000e+01	0.000000e+00	0.000000e+00	0.000000e+00
1.460000e+01	1.470000e+01	0.000000e+00	0.000000e+00	0.000000e+00
1.470000e+01	1.480000e+01	0.000000e+00	0.000000e+00	0.000000e+00
1.480000e+01	1.490000e+01	0.000000e+00	0.000000e+00	0.000000e+00
1.490000e+01	1.500000e+01	0.000000e+00	0.000000e+00	0.000000e+00
# END HISTO1D

