# BEGIN PLOT
LegendOnly=//home/frederic/Work/Software/LesHouches2017/lh2017-alphas/rivet-analysis/gluon-as013650-parton.yoda/MC_LHJSS_Zjet/log_Angularity_zcut_0.1_beta_2_alpha_0.5 //home/frederic/Work/Software/LesHouches2017/lh2017-alphas/rivet-analysis/gluon-as012285-parton.yoda/MC_LHJSS_Zjet/log_Angularity_zcut_0.1_beta_2_alpha_0.5 //home/frederic/Work/Software/LesHouches2017/lh2017-alphas/rivet-analysis/gluon-as015015-parton.yoda/MC_LHJSS_Zjet/log_Angularity_zcut_0.1_beta_2_alpha_0.5
DrawOnly=//home/frederic/Work/Software/LesHouches2017/lh2017-alphas/rivet-analysis/gluon-as013650-parton.yoda/MC_LHJSS_Zjet/log_Angularity_zcut_0.1_beta_2_alpha_0.5 //home/frederic/Work/Software/LesHouches2017/lh2017-alphas/rivet-analysis/gluon-as012285-parton.yoda/MC_LHJSS_Zjet/log_Angularity_zcut_0.1_beta_2_alpha_0.5 //home/frederic/Work/Software/LesHouches2017/lh2017-alphas/rivet-analysis/gluon-as015015-parton.yoda/MC_LHJSS_Zjet/log_Angularity_zcut_0.1_beta_2_alpha_0.5
Title=Angularity, $\alpha$ = 0.5 $z_{cut}$ = 0.1 $\beta$ = 2
RatioPlot=1
LogX=0
LogY=0
RatioPlotYLabel=Ratio
RatioPlotReference=//home/frederic/Work/Software/LesHouches2017/lh2017-alphas/rivet-analysis/gluon-as013650-parton.yoda/MC_LHJSS_Zjet/log_Angularity_zcut_0.1_beta_2_alpha_0.5
XLabel=$e_\alpha$
YLabel=$1/\sigma \text{d}\sigma/\text{d}e_\alpha$
Legend=1
# END PLOT

# BEGIN HISTO1D //home/frederic/Work/Software/LesHouches2017/lh2017-alphas/rivet-analysis/gluon-as013650-parton.yoda/MC_LHJSS_Zjet/log_Angularity_zcut_0.1_beta_2_alpha_0.5
LineColor=red
LineStyle=solid
NormalizeToSum=1
Path=//home/frederic/Work/Software/LesHouches2017/lh2017-alphas/rivet-analysis/gluon-as013650-parton.yoda/MC_LHJSS_Zjet/log_Angularity_zcut_0.1_beta_2_alpha_0.5
ScaledBy=1.42364966828962723e-05
Title=gluon-as013650-parton
XLabel=
YLabel=
# xlow	 xhigh	 val	 errminus	 errplus
0.000000e+00	1.000000e-01	0.000000e+00	0.000000e+00	0.000000e+00
1.000000e-01	2.000000e-01	0.000000e+00	0.000000e+00	0.000000e+00
2.000000e-01	3.000000e-01	1.566015e-03	4.721712e-04	4.721712e-04
3.000000e-01	4.000000e-01	9.396088e-03	1.156579e-03	1.156579e-03
4.000000e-01	5.000000e-01	3.630307e-02	2.273386e-03	2.273386e-03
5.000000e-01	6.000000e-01	8.712736e-02	3.521914e-03	3.521914e-03
6.000000e-01	7.000000e-01	1.585946e-01	4.751664e-03	4.751664e-03
7.000000e-01	8.000000e-01	2.455796e-01	5.912861e-03	5.912861e-03
8.000000e-01	9.000000e-01	3.358390e-01	6.914600e-03	6.914600e-03
9.000000e-01	1.000000e+00	4.125737e-01	7.663944e-03	7.663944e-03
1.000000e+00	1.100000e+00	4.898779e-01	8.351134e-03	8.351134e-03
1.100000e+00	1.200000e+00	5.536574e-01	8.878142e-03	8.878142e-03
1.200000e+00	1.300000e+00	6.198571e-01	9.393930e-03	9.393930e-03
1.300000e+00	1.400000e+00	6.437744e-01	9.573449e-03	9.573449e-03
1.400000e+00	1.500000e+00	6.563025e-01	9.666151e-03	9.666151e-03
1.500000e+00	1.600000e+00	6.706814e-01	9.771465e-03	9.771465e-03
1.600000e+00	1.700000e+00	6.662680e-01	9.739262e-03	9.739262e-03
1.700000e+00	1.800000e+00	6.473335e-01	9.599876e-03	9.599876e-03
1.800000e+00	1.900000e+00	5.829845e-01	9.110245e-03	9.110245e-03
1.900000e+00	2.000000e+00	5.451155e-01	8.809389e-03	8.809389e-03
2.000000e+00	2.100000e+00	4.888813e-01	8.342636e-03	8.342636e-03
2.100000e+00	2.200000e+00	4.159904e-01	7.695613e-03	7.695613e-03
2.200000e+00	2.300000e+00	3.757011e-01	7.313459e-03	7.313459e-03
2.300000e+00	2.400000e+00	3.025256e-01	6.562701e-03	6.562701e-03
2.400000e+00	2.500000e+00	2.424475e-01	5.875035e-03	5.875035e-03
2.500000e+00	2.600000e+00	1.863557e-01	5.150780e-03	5.150780e-03
2.600000e+00	2.700000e+00	1.523305e-01	4.656880e-03	4.656880e-03
2.700000e+00	2.800000e+00	1.089092e-01	3.937620e-03	3.937620e-03
2.800000e+00	2.900000e+00	8.926283e-02	3.564814e-03	3.564814e-03
2.900000e+00	3.000000e+00	6.207113e-02	2.972668e-03	2.972668e-03
3.000000e+00	3.100000e+00	4.669571e-02	2.578339e-03	2.578339e-03
3.100000e+00	3.200000e+00	3.687253e-02	2.291147e-03	2.291147e-03
3.200000e+00	3.300000e+00	2.847299e-02	2.013345e-03	2.013345e-03
3.300000e+00	3.400000e+00	1.779562e-02	1.591689e-03	1.591689e-03
3.400000e+00	3.500000e+00	1.352467e-02	1.387602e-03	1.387602e-03
3.500000e+00	3.600000e+00	1.252812e-02	1.335502e-03	1.335502e-03
3.600000e+00	3.700000e+00	8.826628e-03	1.120983e-03	1.120983e-03
3.700000e+00	3.800000e+00	7.260613e-03	1.016689e-03	1.016689e-03
3.800000e+00	3.900000e+00	6.264059e-03	9.443424e-04	9.443424e-04
3.900000e+00	4.000000e+00	4.698044e-03	8.178245e-04	8.178245e-04
4.000000e+00	4.100000e+00	4.840409e-03	8.301232e-04	8.301232e-04
4.100000e+00	4.200000e+00	2.420204e-03	5.869858e-04	5.869858e-04
4.200000e+00	4.300000e+00	2.135475e-03	5.513772e-04	5.513772e-04
4.300000e+00	4.400000e+00	2.277839e-03	5.694598e-04	5.694598e-04
4.400000e+00	4.500000e+00	1.993110e-03	5.326810e-04	5.326810e-04
4.500000e+00	4.600000e+00	2.277839e-03	5.694598e-04	5.694598e-04
4.600000e+00	4.700000e+00	9.965548e-04	3.766623e-04	3.766623e-04
4.700000e+00	4.800000e+00	9.965548e-04	3.766623e-04	3.766623e-04
4.800000e+00	4.900000e+00	5.694599e-04	2.847299e-04	2.847299e-04
4.900000e+00	5.000000e+00	1.281285e-03	4.270950e-04	4.270950e-04
5.000000e+00	5.100000e+00	7.118248e-04	3.183377e-04	3.183377e-04
5.100000e+00	5.200000e+00	5.694599e-04	2.847299e-04	2.847299e-04
5.200000e+00	5.300000e+00	9.965548e-04	3.766623e-04	3.766623e-04
5.300000e+00	5.400000e+00	2.847299e-04	2.013345e-04	2.013345e-04
5.400000e+00	5.500000e+00	2.847299e-04	2.013345e-04	2.013345e-04
5.500000e+00	5.600000e+00	1.423650e-04	1.423650e-04	1.423650e-04
5.600000e+00	5.700000e+00	4.270949e-04	2.465834e-04	2.465834e-04
5.700000e+00	5.800000e+00	2.847299e-04	2.013345e-04	2.013345e-04
5.800000e+00	5.900000e+00	2.847299e-04	2.013345e-04	2.013345e-04
5.900000e+00	6.000000e+00	1.423650e-04	1.423650e-04	1.423650e-04
6.000000e+00	6.100000e+00	0.000000e+00	0.000000e+00	0.000000e+00
6.100000e+00	6.200000e+00	2.847299e-04	2.013345e-04	2.013345e-04
6.200000e+00	6.300000e+00	0.000000e+00	0.000000e+00	0.000000e+00
6.300000e+00	6.400000e+00	0.000000e+00	0.000000e+00	0.000000e+00
6.400000e+00	6.500000e+00	0.000000e+00	0.000000e+00	0.000000e+00
6.500000e+00	6.600000e+00	0.000000e+00	0.000000e+00	0.000000e+00
6.600000e+00	6.700000e+00	2.847299e-04	2.013345e-04	2.013345e-04
6.700000e+00	6.800000e+00	1.423650e-04	1.423650e-04	1.423650e-04
6.800000e+00	6.900000e+00	0.000000e+00	0.000000e+00	0.000000e+00
6.900000e+00	7.000000e+00	0.000000e+00	0.000000e+00	0.000000e+00
7.000000e+00	7.100000e+00	1.423650e-04	1.423650e-04	1.423650e-04
7.100000e+00	7.200000e+00	0.000000e+00	0.000000e+00	0.000000e+00
7.200000e+00	7.300000e+00	0.000000e+00	0.000000e+00	0.000000e+00
7.300000e+00	7.400000e+00	0.000000e+00	0.000000e+00	0.000000e+00
7.400000e+00	7.500000e+00	0.000000e+00	0.000000e+00	0.000000e+00
7.500000e+00	7.600000e+00	0.000000e+00	0.000000e+00	0.000000e+00
7.600000e+00	7.700000e+00	0.000000e+00	0.000000e+00	0.000000e+00
7.700000e+00	7.800000e+00	0.000000e+00	0.000000e+00	0.000000e+00
7.800000e+00	7.900000e+00	0.000000e+00	0.000000e+00	0.000000e+00
7.900000e+00	8.000000e+00	0.000000e+00	0.000000e+00	0.000000e+00
8.000000e+00	8.100000e+00	0.000000e+00	0.000000e+00	0.000000e+00
8.100000e+00	8.200000e+00	0.000000e+00	0.000000e+00	0.000000e+00
8.200000e+00	8.300000e+00	0.000000e+00	0.000000e+00	0.000000e+00
8.300000e+00	8.400000e+00	0.000000e+00	0.000000e+00	0.000000e+00
8.400000e+00	8.500000e+00	0.000000e+00	0.000000e+00	0.000000e+00
8.500000e+00	8.600000e+00	0.000000e+00	0.000000e+00	0.000000e+00
8.600000e+00	8.700000e+00	0.000000e+00	0.000000e+00	0.000000e+00
8.700000e+00	8.800000e+00	0.000000e+00	0.000000e+00	0.000000e+00
8.800000e+00	8.900000e+00	0.000000e+00	0.000000e+00	0.000000e+00
8.900000e+00	9.000000e+00	0.000000e+00	0.000000e+00	0.000000e+00
9.000000e+00	9.100000e+00	0.000000e+00	0.000000e+00	0.000000e+00
9.100000e+00	9.200000e+00	0.000000e+00	0.000000e+00	0.000000e+00
9.200000e+00	9.300000e+00	0.000000e+00	0.000000e+00	0.000000e+00
9.300000e+00	9.400000e+00	0.000000e+00	0.000000e+00	0.000000e+00
9.400000e+00	9.500000e+00	0.000000e+00	0.000000e+00	0.000000e+00
9.500000e+00	9.600000e+00	0.000000e+00	0.000000e+00	0.000000e+00
9.600000e+00	9.700000e+00	0.000000e+00	0.000000e+00	0.000000e+00
9.700000e+00	9.800000e+00	0.000000e+00	0.000000e+00	0.000000e+00
9.800000e+00	9.900000e+00	0.000000e+00	0.000000e+00	0.000000e+00
9.900000e+00	1.000000e+01	0.000000e+00	0.000000e+00	0.000000e+00
1.000000e+01	1.010000e+01	0.000000e+00	0.000000e+00	0.000000e+00
1.010000e+01	1.020000e+01	0.000000e+00	0.000000e+00	0.000000e+00
1.020000e+01	1.030000e+01	0.000000e+00	0.000000e+00	0.000000e+00
1.030000e+01	1.040000e+01	0.000000e+00	0.000000e+00	0.000000e+00
1.040000e+01	1.050000e+01	0.000000e+00	0.000000e+00	0.000000e+00
1.050000e+01	1.060000e+01	0.000000e+00	0.000000e+00	0.000000e+00
1.060000e+01	1.070000e+01	0.000000e+00	0.000000e+00	0.000000e+00
1.070000e+01	1.080000e+01	0.000000e+00	0.000000e+00	0.000000e+00
1.080000e+01	1.090000e+01	0.000000e+00	0.000000e+00	0.000000e+00
1.090000e+01	1.100000e+01	0.000000e+00	0.000000e+00	0.000000e+00
1.100000e+01	1.110000e+01	0.000000e+00	0.000000e+00	0.000000e+00
1.110000e+01	1.120000e+01	0.000000e+00	0.000000e+00	0.000000e+00
1.120000e+01	1.130000e+01	0.000000e+00	0.000000e+00	0.000000e+00
1.130000e+01	1.140000e+01	0.000000e+00	0.000000e+00	0.000000e+00
1.140000e+01	1.150000e+01	0.000000e+00	0.000000e+00	0.000000e+00
1.150000e+01	1.160000e+01	0.000000e+00	0.000000e+00	0.000000e+00
1.160000e+01	1.170000e+01	0.000000e+00	0.000000e+00	0.000000e+00
1.170000e+01	1.180000e+01	0.000000e+00	0.000000e+00	0.000000e+00
1.180000e+01	1.190000e+01	0.000000e+00	0.000000e+00	0.000000e+00
1.190000e+01	1.200000e+01	0.000000e+00	0.000000e+00	0.000000e+00
1.200000e+01	1.210000e+01	0.000000e+00	0.000000e+00	0.000000e+00
1.210000e+01	1.220000e+01	0.000000e+00	0.000000e+00	0.000000e+00
1.220000e+01	1.230000e+01	0.000000e+00	0.000000e+00	0.000000e+00
1.230000e+01	1.240000e+01	0.000000e+00	0.000000e+00	0.000000e+00
1.240000e+01	1.250000e+01	0.000000e+00	0.000000e+00	0.000000e+00
1.250000e+01	1.260000e+01	0.000000e+00	0.000000e+00	0.000000e+00
1.260000e+01	1.270000e+01	0.000000e+00	0.000000e+00	0.000000e+00
1.270000e+01	1.280000e+01	0.000000e+00	0.000000e+00	0.000000e+00
1.280000e+01	1.290000e+01	0.000000e+00	0.000000e+00	0.000000e+00
1.290000e+01	1.300000e+01	0.000000e+00	0.000000e+00	0.000000e+00
1.300000e+01	1.310000e+01	0.000000e+00	0.000000e+00	0.000000e+00
1.310000e+01	1.320000e+01	0.000000e+00	0.000000e+00	0.000000e+00
1.320000e+01	1.330000e+01	0.000000e+00	0.000000e+00	0.000000e+00
1.330000e+01	1.340000e+01	0.000000e+00	0.000000e+00	0.000000e+00
1.340000e+01	1.350000e+01	0.000000e+00	0.000000e+00	0.000000e+00
1.350000e+01	1.360000e+01	0.000000e+00	0.000000e+00	0.000000e+00
1.360000e+01	1.370000e+01	0.000000e+00	0.000000e+00	0.000000e+00
1.370000e+01	1.380000e+01	0.000000e+00	0.000000e+00	0.000000e+00
1.380000e+01	1.390000e+01	0.000000e+00	0.000000e+00	0.000000e+00
1.390000e+01	1.400000e+01	0.000000e+00	0.000000e+00	0.000000e+00
1.400000e+01	1.410000e+01	0.000000e+00	0.000000e+00	0.000000e+00
1.410000e+01	1.420000e+01	0.000000e+00	0.000000e+00	0.000000e+00
1.420000e+01	1.430000e+01	0.000000e+00	0.000000e+00	0.000000e+00
1.430000e+01	1.440000e+01	0.000000e+00	0.000000e+00	0.000000e+00
1.440000e+01	1.450000e+01	0.000000e+00	0.000000e+00	0.000000e+00
1.450000e+01	1.460000e+01	0.000000e+00	0.000000e+00	0.000000e+00
1.460000e+01	1.470000e+01	0.000000e+00	0.000000e+00	0.000000e+00
1.470000e+01	1.480000e+01	0.000000e+00	0.000000e+00	0.000000e+00
1.480000e+01	1.490000e+01	0.000000e+00	0.000000e+00	0.000000e+00
1.490000e+01	1.500000e+01	0.000000e+00	0.000000e+00	0.000000e+00
# END HISTO1D

# BEGIN HISTO1D //home/frederic/Work/Software/LesHouches2017/lh2017-alphas/rivet-analysis/gluon-as012285-parton.yoda/MC_LHJSS_Zjet/log_Angularity_zcut_0.1_beta_2_alpha_0.5
LineColor=blue
LineStyle=solid
NormalizeToSum=1
Path=//home/frederic/Work/Software/LesHouches2017/lh2017-alphas/rivet-analysis/gluon-as012285-parton.yoda/MC_LHJSS_Zjet/log_Angularity_zcut_0.1_beta_2_alpha_0.5
ScaledBy=1.41430713093655423e-05
Title=gluon-as012285-parton
XLabel=
YLabel=
# xlow	 xhigh	 val	 errminus	 errplus
0.000000e+00	1.000000e-01	0.000000e+00	0.000000e+00	0.000000e+00
1.000000e-01	2.000000e-01	2.828614e-04	2.000132e-04	2.000132e-04
2.000000e-01	3.000000e-01	5.657229e-04	2.828614e-04	2.828614e-04
3.000000e-01	4.000000e-01	5.798659e-03	9.055984e-04	9.055984e-04
4.000000e-01	5.000000e-01	2.376036e-02	1.833152e-03	1.833152e-03
5.000000e-01	6.000000e-01	5.940090e-02	2.898467e-03	2.898467e-03
6.000000e-01	7.000000e-01	1.223376e-01	4.159602e-03	4.159602e-03
7.000000e-01	8.000000e-01	1.881028e-01	5.157860e-03	5.157860e-03
8.000000e-01	9.000000e-01	2.704155e-01	6.184259e-03	6.184259e-03
9.000000e-01	1.000000e+00	3.356151e-01	6.889578e-03	6.889578e-03
1.000000e+00	1.100000e+00	4.003903e-01	7.525124e-03	7.525124e-03
1.100000e+00	1.200000e+00	4.517297e-01	7.993025e-03	7.993025e-03
1.200000e+00	1.300000e+00	4.943003e-01	8.361175e-03	8.361175e-03
1.300000e+00	1.400000e+00	5.479026e-01	8.802855e-03	8.802855e-03
1.400000e+00	1.500000e+00	5.826945e-01	9.078045e-03	9.078045e-03
1.500000e+00	1.600000e+00	5.863717e-01	9.106644e-03	9.106644e-03
1.600000e+00	1.700000e+00	6.081521e-01	9.274232e-03	9.274232e-03
1.700000e+00	1.800000e+00	5.893418e-01	9.129679e-03	9.129679e-03
1.800000e+00	1.900000e+00	5.626114e-01	8.920231e-03	8.920231e-03
1.900000e+00	2.000000e+00	5.447911e-01	8.777824e-03	8.777824e-03
2.000000e+00	2.100000e+00	4.935932e-01	8.355192e-03	8.355192e-03
2.100000e+00	2.200000e+00	4.716714e-01	8.167547e-03	8.167547e-03
2.200000e+00	2.300000e+00	4.108562e-01	7.622840e-03	7.622840e-03
2.300000e+00	2.400000e+00	3.848330e-01	7.377479e-03	7.377479e-03
2.400000e+00	2.500000e+00	3.186434e-01	6.713119e-03	6.713119e-03
2.500000e+00	2.600000e+00	2.827200e-01	6.323392e-03	6.323392e-03
2.600000e+00	2.700000e+00	2.333607e-01	5.744943e-03	5.744943e-03
2.700000e+00	2.800000e+00	1.886686e-01	5.165610e-03	5.165610e-03
2.800000e+00	2.900000e+00	1.571295e-01	4.714121e-03	4.714121e-03
2.900000e+00	3.000000e+00	1.285605e-01	4.264084e-03	4.264084e-03
3.000000e+00	3.100000e+00	1.014058e-01	3.787070e-03	3.787070e-03
3.100000e+00	3.200000e+00	8.358555e-02	3.438250e-03	3.438250e-03
3.200000e+00	3.300000e+00	6.534099e-02	3.039938e-03	3.039938e-03
3.300000e+00	3.400000e+00	5.614799e-02	2.817987e-03	2.817987e-03
3.400000e+00	3.500000e+00	3.917631e-02	2.353876e-03	2.353876e-03
3.500000e+00	3.600000e+00	3.450909e-02	2.209218e-03	2.209218e-03
3.600000e+00	3.700000e+00	2.814471e-02	1.995126e-03	1.995126e-03
3.700000e+00	3.800000e+00	2.262891e-02	1.788973e-03	1.788973e-03
3.800000e+00	3.900000e+00	1.895172e-02	1.637179e-03	1.637179e-03
3.900000e+00	4.000000e+00	1.400164e-02	1.407218e-03	1.407218e-03
4.000000e+00	4.100000e+00	1.301163e-02	1.356556e-03	1.356556e-03
4.100000e+00	4.200000e+00	9.475858e-03	1.157660e-03	1.157660e-03
4.200000e+00	4.300000e+00	8.910135e-03	1.122572e-03	1.122572e-03
4.300000e+00	4.400000e+00	6.647244e-03	9.696001e-04	9.696001e-04
4.400000e+00	4.500000e+00	5.798659e-03	9.055984e-04	9.055984e-04
4.500000e+00	4.600000e+00	3.818629e-03	7.348956e-04	7.348956e-04
4.600000e+00	4.700000e+00	4.101491e-03	7.616277e-04	7.616277e-04
4.700000e+00	4.800000e+00	3.677199e-03	7.211580e-04	7.211580e-04
4.800000e+00	4.900000e+00	2.687184e-03	6.164822e-04	6.164822e-04
4.900000e+00	5.000000e+00	2.404322e-03	5.831338e-04	5.831338e-04
5.000000e+00	5.100000e+00	2.121461e-03	5.477588e-04	5.477588e-04
5.100000e+00	5.200000e+00	1.980030e-03	5.291853e-04	5.291853e-04
5.200000e+00	5.300000e+00	1.980030e-03	5.291853e-04	5.291853e-04
5.300000e+00	5.400000e+00	1.131446e-03	4.000265e-04	4.000265e-04
5.400000e+00	5.500000e+00	1.697169e-03	4.899304e-04	4.899304e-04
5.500000e+00	5.600000e+00	1.555738e-03	4.690726e-04	4.690726e-04
5.600000e+00	5.700000e+00	1.414307e-03	4.472432e-04	4.472432e-04
5.700000e+00	5.800000e+00	1.272876e-03	4.242921e-04	4.242921e-04
5.800000e+00	5.900000e+00	4.242921e-04	2.449652e-04	2.449652e-04
5.900000e+00	6.000000e+00	4.242921e-04	2.449652e-04	2.449652e-04
6.000000e+00	6.100000e+00	4.242921e-04	2.449652e-04	2.449652e-04
6.100000e+00	6.200000e+00	1.414307e-04	1.414307e-04	1.414307e-04
6.200000e+00	6.300000e+00	1.414307e-04	1.414307e-04	1.414307e-04
6.300000e+00	6.400000e+00	1.414307e-04	1.414307e-04	1.414307e-04
6.400000e+00	6.500000e+00	2.828614e-04	2.000132e-04	2.000132e-04
6.500000e+00	6.600000e+00	2.828614e-04	2.000132e-04	2.000132e-04
6.600000e+00	6.700000e+00	2.828614e-04	2.000132e-04	2.000132e-04
6.700000e+00	6.800000e+00	1.414307e-04	1.414307e-04	1.414307e-04
6.800000e+00	6.900000e+00	0.000000e+00	0.000000e+00	0.000000e+00
6.900000e+00	7.000000e+00	0.000000e+00	0.000000e+00	0.000000e+00
7.000000e+00	7.100000e+00	1.414307e-04	1.414307e-04	1.414307e-04
7.100000e+00	7.200000e+00	0.000000e+00	0.000000e+00	0.000000e+00
7.200000e+00	7.300000e+00	0.000000e+00	0.000000e+00	0.000000e+00
7.300000e+00	7.400000e+00	0.000000e+00	0.000000e+00	0.000000e+00
7.400000e+00	7.500000e+00	0.000000e+00	0.000000e+00	0.000000e+00
7.500000e+00	7.600000e+00	1.414307e-04	1.414307e-04	1.414307e-04
7.600000e+00	7.700000e+00	0.000000e+00	0.000000e+00	0.000000e+00
7.700000e+00	7.800000e+00	0.000000e+00	0.000000e+00	0.000000e+00
7.800000e+00	7.900000e+00	0.000000e+00	0.000000e+00	0.000000e+00
7.900000e+00	8.000000e+00	0.000000e+00	0.000000e+00	0.000000e+00
8.000000e+00	8.100000e+00	0.000000e+00	0.000000e+00	0.000000e+00
8.100000e+00	8.200000e+00	0.000000e+00	0.000000e+00	0.000000e+00
8.200000e+00	8.300000e+00	0.000000e+00	0.000000e+00	0.000000e+00
8.300000e+00	8.400000e+00	0.000000e+00	0.000000e+00	0.000000e+00
8.400000e+00	8.500000e+00	0.000000e+00	0.000000e+00	0.000000e+00
8.500000e+00	8.600000e+00	0.000000e+00	0.000000e+00	0.000000e+00
8.600000e+00	8.700000e+00	0.000000e+00	0.000000e+00	0.000000e+00
8.700000e+00	8.800000e+00	0.000000e+00	0.000000e+00	0.000000e+00
8.800000e+00	8.900000e+00	0.000000e+00	0.000000e+00	0.000000e+00
8.900000e+00	9.000000e+00	0.000000e+00	0.000000e+00	0.000000e+00
9.000000e+00	9.100000e+00	0.000000e+00	0.000000e+00	0.000000e+00
9.100000e+00	9.200000e+00	0.000000e+00	0.000000e+00	0.000000e+00
9.200000e+00	9.300000e+00	0.000000e+00	0.000000e+00	0.000000e+00
9.300000e+00	9.400000e+00	0.000000e+00	0.000000e+00	0.000000e+00
9.400000e+00	9.500000e+00	0.000000e+00	0.000000e+00	0.000000e+00
9.500000e+00	9.600000e+00	0.000000e+00	0.000000e+00	0.000000e+00
9.600000e+00	9.700000e+00	0.000000e+00	0.000000e+00	0.000000e+00
9.700000e+00	9.800000e+00	0.000000e+00	0.000000e+00	0.000000e+00
9.800000e+00	9.900000e+00	0.000000e+00	0.000000e+00	0.000000e+00
9.900000e+00	1.000000e+01	0.000000e+00	0.000000e+00	0.000000e+00
1.000000e+01	1.010000e+01	0.000000e+00	0.000000e+00	0.000000e+00
1.010000e+01	1.020000e+01	0.000000e+00	0.000000e+00	0.000000e+00
1.020000e+01	1.030000e+01	0.000000e+00	0.000000e+00	0.000000e+00
1.030000e+01	1.040000e+01	0.000000e+00	0.000000e+00	0.000000e+00
1.040000e+01	1.050000e+01	0.000000e+00	0.000000e+00	0.000000e+00
1.050000e+01	1.060000e+01	0.000000e+00	0.000000e+00	0.000000e+00
1.060000e+01	1.070000e+01	0.000000e+00	0.000000e+00	0.000000e+00
1.070000e+01	1.080000e+01	0.000000e+00	0.000000e+00	0.000000e+00
1.080000e+01	1.090000e+01	0.000000e+00	0.000000e+00	0.000000e+00
1.090000e+01	1.100000e+01	0.000000e+00	0.000000e+00	0.000000e+00
1.100000e+01	1.110000e+01	0.000000e+00	0.000000e+00	0.000000e+00
1.110000e+01	1.120000e+01	0.000000e+00	0.000000e+00	0.000000e+00
1.120000e+01	1.130000e+01	0.000000e+00	0.000000e+00	0.000000e+00
1.130000e+01	1.140000e+01	0.000000e+00	0.000000e+00	0.000000e+00
1.140000e+01	1.150000e+01	0.000000e+00	0.000000e+00	0.000000e+00
1.150000e+01	1.160000e+01	0.000000e+00	0.000000e+00	0.000000e+00
1.160000e+01	1.170000e+01	0.000000e+00	0.000000e+00	0.000000e+00
1.170000e+01	1.180000e+01	0.000000e+00	0.000000e+00	0.000000e+00
1.180000e+01	1.190000e+01	0.000000e+00	0.000000e+00	0.000000e+00
1.190000e+01	1.200000e+01	0.000000e+00	0.000000e+00	0.000000e+00
1.200000e+01	1.210000e+01	0.000000e+00	0.000000e+00	0.000000e+00
1.210000e+01	1.220000e+01	0.000000e+00	0.000000e+00	0.000000e+00
1.220000e+01	1.230000e+01	0.000000e+00	0.000000e+00	0.000000e+00
1.230000e+01	1.240000e+01	0.000000e+00	0.000000e+00	0.000000e+00
1.240000e+01	1.250000e+01	0.000000e+00	0.000000e+00	0.000000e+00
1.250000e+01	1.260000e+01	0.000000e+00	0.000000e+00	0.000000e+00
1.260000e+01	1.270000e+01	0.000000e+00	0.000000e+00	0.000000e+00
1.270000e+01	1.280000e+01	0.000000e+00	0.000000e+00	0.000000e+00
1.280000e+01	1.290000e+01	0.000000e+00	0.000000e+00	0.000000e+00
1.290000e+01	1.300000e+01	0.000000e+00	0.000000e+00	0.000000e+00
1.300000e+01	1.310000e+01	0.000000e+00	0.000000e+00	0.000000e+00
1.310000e+01	1.320000e+01	0.000000e+00	0.000000e+00	0.000000e+00
1.320000e+01	1.330000e+01	0.000000e+00	0.000000e+00	0.000000e+00
1.330000e+01	1.340000e+01	0.000000e+00	0.000000e+00	0.000000e+00
1.340000e+01	1.350000e+01	0.000000e+00	0.000000e+00	0.000000e+00
1.350000e+01	1.360000e+01	0.000000e+00	0.000000e+00	0.000000e+00
1.360000e+01	1.370000e+01	0.000000e+00	0.000000e+00	0.000000e+00
1.370000e+01	1.380000e+01	0.000000e+00	0.000000e+00	0.000000e+00
1.380000e+01	1.390000e+01	0.000000e+00	0.000000e+00	0.000000e+00
1.390000e+01	1.400000e+01	0.000000e+00	0.000000e+00	0.000000e+00
1.400000e+01	1.410000e+01	0.000000e+00	0.000000e+00	0.000000e+00
1.410000e+01	1.420000e+01	0.000000e+00	0.000000e+00	0.000000e+00
1.420000e+01	1.430000e+01	0.000000e+00	0.000000e+00	0.000000e+00
1.430000e+01	1.440000e+01	0.000000e+00	0.000000e+00	0.000000e+00
1.440000e+01	1.450000e+01	0.000000e+00	0.000000e+00	0.000000e+00
1.450000e+01	1.460000e+01	0.000000e+00	0.000000e+00	0.000000e+00
1.460000e+01	1.470000e+01	0.000000e+00	0.000000e+00	0.000000e+00
1.470000e+01	1.480000e+01	0.000000e+00	0.000000e+00	0.000000e+00
1.480000e+01	1.490000e+01	0.000000e+00	0.000000e+00	0.000000e+00
1.490000e+01	1.500000e+01	0.000000e+00	0.000000e+00	0.000000e+00
# END HISTO1D

# BEGIN HISTO1D //home/frederic/Work/Software/LesHouches2017/lh2017-alphas/rivet-analysis/gluon-as015015-parton.yoda/MC_LHJSS_Zjet/log_Angularity_zcut_0.1_beta_2_alpha_0.5
LineColor=green
LineStyle=solid
NormalizeToSum=1
Path=//home/frederic/Work/Software/LesHouches2017/lh2017-alphas/rivet-analysis/gluon-as015015-parton.yoda/MC_LHJSS_Zjet/log_Angularity_zcut_0.1_beta_2_alpha_0.5
ScaledBy=1.43133185429041716e-05
Title=gluon-as015015-parton
XLabel=
YLabel=
# xlow	 xhigh	 val	 errminus	 errplus
0.000000e+00	1.000000e-01	0.000000e+00	0.000000e+00	0.000000e+00
1.000000e-01	2.000000e-01	2.862664e-04	2.024209e-04	2.024209e-04
2.000000e-01	3.000000e-01	3.005797e-03	6.559187e-04	6.559187e-04
3.000000e-01	4.000000e-01	1.502898e-02	1.466679e-03	1.466679e-03
4.000000e-01	5.000000e-01	4.981035e-02	2.670115e-03	2.670115e-03
5.000000e-01	6.000000e-01	1.155085e-01	4.066091e-03	4.066091e-03
6.000000e-01	7.000000e-01	2.066843e-01	5.439061e-03	5.439061e-03
7.000000e-01	8.000000e-01	3.084520e-01	6.644526e-03	6.644526e-03
8.000000e-01	9.000000e-01	4.109354e-01	7.669321e-03	7.669321e-03
9.000000e-01	1.000000e+00	5.098404e-01	8.542545e-03	8.542545e-03
1.000000e+00	1.100000e+00	5.776855e-01	9.093183e-03	9.093183e-03
1.100000e+00	1.200000e+00	6.552637e-01	9.684523e-03	9.684523e-03
1.200000e+00	1.300000e+00	7.158091e-01	1.012206e-02	1.012206e-02
1.300000e+00	1.400000e+00	7.524512e-01	1.037789e-02	1.037789e-02
1.400000e+00	1.500000e+00	7.649037e-01	1.046342e-02	1.046342e-02
1.500000e+00	1.600000e+00	7.357046e-01	1.026176e-02	1.026176e-02
1.600000e+00	1.700000e+00	6.847492e-01	9.900017e-03	9.900017e-03
1.700000e+00	1.800000e+00	6.651399e-01	9.757233e-03	9.757233e-03
1.800000e+00	1.900000e+00	5.988692e-01	9.258405e-03	9.258405e-03
1.900000e+00	2.000000e+00	5.085522e-01	8.531747e-03	8.531747e-03
2.000000e+00	2.100000e+00	4.166607e-01	7.722562e-03	7.722562e-03
2.100000e+00	2.200000e+00	3.316396e-01	6.889748e-03	6.889748e-03
2.200000e+00	2.300000e+00	2.627925e-01	6.133052e-03	6.133052e-03
2.300000e+00	2.400000e+00	1.996708e-01	5.345982e-03	5.345982e-03
2.400000e+00	2.500000e+00	1.474272e-01	4.593661e-03	4.593661e-03
2.500000e+00	2.600000e+00	1.080656e-01	3.932909e-03	3.932909e-03
2.600000e+00	2.700000e+00	6.684320e-02	3.093134e-03	3.093134e-03
2.700000e+00	2.800000e+00	4.852215e-02	2.635361e-03	2.635361e-03
2.800000e+00	2.900000e+00	3.478136e-02	2.231225e-03	2.231225e-03
2.900000e+00	3.000000e+00	2.132684e-02	1.747163e-03	1.747163e-03
3.000000e+00	3.100000e+00	1.517212e-02	1.473646e-03	1.473646e-03
3.100000e+00	3.200000e+00	1.316825e-02	1.372885e-03	1.372885e-03
3.200000e+00	3.300000e+00	1.116439e-02	1.264118e-03	1.264118e-03
3.300000e+00	3.400000e+00	6.584127e-03	9.707765e-04	9.707765e-04
3.400000e+00	3.500000e+00	5.582194e-03	8.938664e-04	8.938664e-04
3.500000e+00	3.600000e+00	4.150862e-03	7.707958e-04	7.707958e-04
3.600000e+00	3.700000e+00	4.580262e-03	8.096836e-04	8.096836e-04
3.700000e+00	3.800000e+00	3.005797e-03	6.559187e-04	6.559187e-04
3.800000e+00	3.900000e+00	3.005797e-03	6.559187e-04	6.559187e-04
3.900000e+00	4.000000e+00	1.145065e-03	4.048418e-04	4.048418e-04
4.000000e+00	4.100000e+00	1.574465e-03	4.747191e-04	4.747191e-04
4.100000e+00	4.200000e+00	1.288199e-03	4.293996e-04	4.293996e-04
4.200000e+00	4.300000e+00	1.431332e-03	4.526269e-04	4.526269e-04
4.300000e+00	4.400000e+00	1.288199e-03	4.293996e-04	4.293996e-04
4.400000e+00	4.500000e+00	1.145065e-03	4.048418e-04	4.048418e-04
4.500000e+00	4.600000e+00	1.001932e-03	3.786949e-04	3.786949e-04
4.600000e+00	4.700000e+00	1.145065e-03	4.048418e-04	4.048418e-04
4.700000e+00	4.800000e+00	7.156659e-04	3.200555e-04	3.200555e-04
4.800000e+00	4.900000e+00	5.725327e-04	2.862664e-04	2.862664e-04
4.900000e+00	5.000000e+00	8.587991e-04	3.506033e-04	3.506033e-04
5.000000e+00	5.100000e+00	1.431332e-04	1.431332e-04	1.431332e-04
5.100000e+00	5.200000e+00	4.293996e-04	2.479140e-04	2.479140e-04
5.200000e+00	5.300000e+00	1.001932e-03	3.786949e-04	3.786949e-04
5.300000e+00	5.400000e+00	2.862664e-04	2.024209e-04	2.024209e-04
5.400000e+00	5.500000e+00	1.431332e-04	1.431332e-04	1.431332e-04
5.500000e+00	5.600000e+00	5.725327e-04	2.862664e-04	2.862664e-04
5.600000e+00	5.700000e+00	1.431332e-04	1.431332e-04	1.431332e-04
5.700000e+00	5.800000e+00	2.862664e-04	2.024209e-04	2.024209e-04
5.800000e+00	5.900000e+00	1.431332e-04	1.431332e-04	1.431332e-04
5.900000e+00	6.000000e+00	2.862664e-04	2.024209e-04	2.024209e-04
6.000000e+00	6.100000e+00	1.431332e-04	1.431332e-04	1.431332e-04
6.100000e+00	6.200000e+00	2.862664e-04	2.024209e-04	2.024209e-04
6.200000e+00	6.300000e+00	1.431332e-04	1.431332e-04	1.431332e-04
6.300000e+00	6.400000e+00	0.000000e+00	0.000000e+00	0.000000e+00
6.400000e+00	6.500000e+00	1.431332e-04	1.431332e-04	1.431332e-04
6.500000e+00	6.600000e+00	0.000000e+00	0.000000e+00	0.000000e+00
6.600000e+00	6.700000e+00	0.000000e+00	0.000000e+00	0.000000e+00
6.700000e+00	6.800000e+00	1.431332e-04	1.431332e-04	1.431332e-04
6.800000e+00	6.900000e+00	0.000000e+00	0.000000e+00	0.000000e+00
6.900000e+00	7.000000e+00	0.000000e+00	0.000000e+00	0.000000e+00
7.000000e+00	7.100000e+00	0.000000e+00	0.000000e+00	0.000000e+00
7.100000e+00	7.200000e+00	0.000000e+00	0.000000e+00	0.000000e+00
7.200000e+00	7.300000e+00	0.000000e+00	0.000000e+00	0.000000e+00
7.300000e+00	7.400000e+00	0.000000e+00	0.000000e+00	0.000000e+00
7.400000e+00	7.500000e+00	0.000000e+00	0.000000e+00	0.000000e+00
7.500000e+00	7.600000e+00	0.000000e+00	0.000000e+00	0.000000e+00
7.600000e+00	7.700000e+00	0.000000e+00	0.000000e+00	0.000000e+00
7.700000e+00	7.800000e+00	0.000000e+00	0.000000e+00	0.000000e+00
7.800000e+00	7.900000e+00	0.000000e+00	0.000000e+00	0.000000e+00
7.900000e+00	8.000000e+00	0.000000e+00	0.000000e+00	0.000000e+00
8.000000e+00	8.100000e+00	0.000000e+00	0.000000e+00	0.000000e+00
8.100000e+00	8.200000e+00	0.000000e+00	0.000000e+00	0.000000e+00
8.200000e+00	8.300000e+00	0.000000e+00	0.000000e+00	0.000000e+00
8.300000e+00	8.400000e+00	0.000000e+00	0.000000e+00	0.000000e+00
8.400000e+00	8.500000e+00	0.000000e+00	0.000000e+00	0.000000e+00
8.500000e+00	8.600000e+00	0.000000e+00	0.000000e+00	0.000000e+00
8.600000e+00	8.700000e+00	0.000000e+00	0.000000e+00	0.000000e+00
8.700000e+00	8.800000e+00	0.000000e+00	0.000000e+00	0.000000e+00
8.800000e+00	8.900000e+00	0.000000e+00	0.000000e+00	0.000000e+00
8.900000e+00	9.000000e+00	0.000000e+00	0.000000e+00	0.000000e+00
9.000000e+00	9.100000e+00	0.000000e+00	0.000000e+00	0.000000e+00
9.100000e+00	9.200000e+00	0.000000e+00	0.000000e+00	0.000000e+00
9.200000e+00	9.300000e+00	0.000000e+00	0.000000e+00	0.000000e+00
9.300000e+00	9.400000e+00	0.000000e+00	0.000000e+00	0.000000e+00
9.400000e+00	9.500000e+00	0.000000e+00	0.000000e+00	0.000000e+00
9.500000e+00	9.600000e+00	0.000000e+00	0.000000e+00	0.000000e+00
9.600000e+00	9.700000e+00	0.000000e+00	0.000000e+00	0.000000e+00
9.700000e+00	9.800000e+00	0.000000e+00	0.000000e+00	0.000000e+00
9.800000e+00	9.900000e+00	0.000000e+00	0.000000e+00	0.000000e+00
9.900000e+00	1.000000e+01	0.000000e+00	0.000000e+00	0.000000e+00
1.000000e+01	1.010000e+01	0.000000e+00	0.000000e+00	0.000000e+00
1.010000e+01	1.020000e+01	0.000000e+00	0.000000e+00	0.000000e+00
1.020000e+01	1.030000e+01	0.000000e+00	0.000000e+00	0.000000e+00
1.030000e+01	1.040000e+01	0.000000e+00	0.000000e+00	0.000000e+00
1.040000e+01	1.050000e+01	0.000000e+00	0.000000e+00	0.000000e+00
1.050000e+01	1.060000e+01	0.000000e+00	0.000000e+00	0.000000e+00
1.060000e+01	1.070000e+01	0.000000e+00	0.000000e+00	0.000000e+00
1.070000e+01	1.080000e+01	0.000000e+00	0.000000e+00	0.000000e+00
1.080000e+01	1.090000e+01	0.000000e+00	0.000000e+00	0.000000e+00
1.090000e+01	1.100000e+01	0.000000e+00	0.000000e+00	0.000000e+00
1.100000e+01	1.110000e+01	0.000000e+00	0.000000e+00	0.000000e+00
1.110000e+01	1.120000e+01	0.000000e+00	0.000000e+00	0.000000e+00
1.120000e+01	1.130000e+01	0.000000e+00	0.000000e+00	0.000000e+00
1.130000e+01	1.140000e+01	0.000000e+00	0.000000e+00	0.000000e+00
1.140000e+01	1.150000e+01	0.000000e+00	0.000000e+00	0.000000e+00
1.150000e+01	1.160000e+01	0.000000e+00	0.000000e+00	0.000000e+00
1.160000e+01	1.170000e+01	0.000000e+00	0.000000e+00	0.000000e+00
1.170000e+01	1.180000e+01	0.000000e+00	0.000000e+00	0.000000e+00
1.180000e+01	1.190000e+01	0.000000e+00	0.000000e+00	0.000000e+00
1.190000e+01	1.200000e+01	0.000000e+00	0.000000e+00	0.000000e+00
1.200000e+01	1.210000e+01	0.000000e+00	0.000000e+00	0.000000e+00
1.210000e+01	1.220000e+01	0.000000e+00	0.000000e+00	0.000000e+00
1.220000e+01	1.230000e+01	0.000000e+00	0.000000e+00	0.000000e+00
1.230000e+01	1.240000e+01	0.000000e+00	0.000000e+00	0.000000e+00
1.240000e+01	1.250000e+01	0.000000e+00	0.000000e+00	0.000000e+00
1.250000e+01	1.260000e+01	0.000000e+00	0.000000e+00	0.000000e+00
1.260000e+01	1.270000e+01	0.000000e+00	0.000000e+00	0.000000e+00
1.270000e+01	1.280000e+01	0.000000e+00	0.000000e+00	0.000000e+00
1.280000e+01	1.290000e+01	0.000000e+00	0.000000e+00	0.000000e+00
1.290000e+01	1.300000e+01	0.000000e+00	0.000000e+00	0.000000e+00
1.300000e+01	1.310000e+01	0.000000e+00	0.000000e+00	0.000000e+00
1.310000e+01	1.320000e+01	0.000000e+00	0.000000e+00	0.000000e+00
1.320000e+01	1.330000e+01	0.000000e+00	0.000000e+00	0.000000e+00
1.330000e+01	1.340000e+01	0.000000e+00	0.000000e+00	0.000000e+00
1.340000e+01	1.350000e+01	0.000000e+00	0.000000e+00	0.000000e+00
1.350000e+01	1.360000e+01	0.000000e+00	0.000000e+00	0.000000e+00
1.360000e+01	1.370000e+01	0.000000e+00	0.000000e+00	0.000000e+00
1.370000e+01	1.380000e+01	0.000000e+00	0.000000e+00	0.000000e+00
1.380000e+01	1.390000e+01	0.000000e+00	0.000000e+00	0.000000e+00
1.390000e+01	1.400000e+01	0.000000e+00	0.000000e+00	0.000000e+00
1.400000e+01	1.410000e+01	0.000000e+00	0.000000e+00	0.000000e+00
1.410000e+01	1.420000e+01	0.000000e+00	0.000000e+00	0.000000e+00
1.420000e+01	1.430000e+01	0.000000e+00	0.000000e+00	0.000000e+00
1.430000e+01	1.440000e+01	0.000000e+00	0.000000e+00	0.000000e+00
1.440000e+01	1.450000e+01	0.000000e+00	0.000000e+00	0.000000e+00
1.450000e+01	1.460000e+01	0.000000e+00	0.000000e+00	0.000000e+00
1.460000e+01	1.470000e+01	0.000000e+00	0.000000e+00	0.000000e+00
1.470000e+01	1.480000e+01	0.000000e+00	0.000000e+00	0.000000e+00
1.480000e+01	1.490000e+01	0.000000e+00	0.000000e+00	0.000000e+00
1.490000e+01	1.500000e+01	0.000000e+00	0.000000e+00	0.000000e+00
# END HISTO1D

