# BEGIN PLOT
RatioPlotYLabel=Ratio
LegendOnly=//home/frederic/Work/Software/LesHouches2017/lh2017-alphas/pythia-alphas/robustness/eff-as012285-quark.yoda/MC_LHJSS_Zjet/Angularity_zcut_0.2_beta_1_alpha_2 //home/frederic/Work/Software/LesHouches2017/lh2017-alphas/pythia-alphas/robustness/eff-as012285-gluon.yoda/MC_LHJSS_Zjet/Angularity_zcut_0.2_beta_1_alpha_2
XLabel=$e_\alpha$
RatioPlotReference=//home/frederic/Work/Software/LesHouches2017/lh2017-alphas/pythia-alphas/robustness/eff-as012285-quark.yoda/MC_LHJSS_Zjet/Angularity_zcut_0.2_beta_1_alpha_2
YLabel=$1/\sigma \text{d}\sigma/\text{d}e_{\alpha}$
DrawOnly=//home/frederic/Work/Software/LesHouches2017/lh2017-alphas/pythia-alphas/robustness/eff-as012285-quark.yoda/MC_LHJSS_Zjet/Angularity_zcut_0.2_beta_1_alpha_2 //home/frederic/Work/Software/LesHouches2017/lh2017-alphas/pythia-alphas/robustness/eff-as012285-gluon.yoda/MC_LHJSS_Zjet/Angularity_zcut_0.2_beta_1_alpha_2
RatioPlot=1
Title=Angularity, $\alpha$ = 2 $z_{cut}$ = 0.2 $\beta$ = 1
Legend=1
LogY=0
# END PLOT

# BEGIN HISTO1D //home/frederic/Work/Software/LesHouches2017/lh2017-alphas/pythia-alphas/robustness/eff-as012285-quark.yoda/MC_LHJSS_Zjet/Angularity_zcut_0.2_beta_1_alpha_2
LineColor=red
LineStyle=solid
NormalizeToSum=1
Path=//home/frederic/Work/Software/LesHouches2017/lh2017-alphas/pythia-alphas/robustness/eff-as012285-quark.yoda/MC_LHJSS_Zjet/Angularity_zcut_0.2_beta_1_alpha_2
ScaledBy=1.0
Title=eff-as012285-quark
XLabel=
YLabel=
# xlow	 xhigh	 val	 errminus	 errplus
0.000000e+00	1.000000e-02	1.980828e-06	1.243050e-04	1.243050e-04
1.000000e-02	2.000000e-02	2.491241e-03	4.407632e-03	4.407632e-03
2.000000e-02	3.000000e-02	2.488088e-03	4.404328e-03	4.404328e-03
3.000000e-02	4.000000e-02	7.517325e-06	2.421567e-04	2.421567e-04
4.000000e-02	5.000000e-02	1.214990e-03	3.077727e-03	3.077727e-03
5.000000e-02	6.000000e-02	1.699524e-03	3.639216e-03	3.639216e-03
6.000000e-02	7.000000e-02	5.458187e-04	2.062990e-03	2.062990e-03
7.000000e-02	8.000000e-02	3.408749e-04	1.630424e-03	1.630424e-03
8.000000e-02	9.000000e-02	1.617336e-03	3.549071e-03	3.549071e-03
9.000000e-02	1.000000e-01	9.281662e-04	2.689345e-03	2.689345e-03
1.000000e-01	1.100000e-01	9.103079e-06	2.664752e-04	2.664752e-04
1.100000e-01	1.200000e-01	4.175764e-03	5.688968e-03	5.688968e-03
1.200000e-01	1.300000e-01	3.417842e-04	1.632414e-03	1.632414e-03
1.300000e-01	1.400000e-01	1.457899e-03	3.368115e-03	3.368115e-03
1.400000e-01	1.500000e-01	5.640635e-03	6.597781e-03	6.597781e-03
1.500000e-01	1.600000e-01	3.736108e-03	5.380313e-03	5.380313e-03
1.600000e-01	1.700000e-01	2.252798e-03	4.183783e-03	4.183783e-03
1.700000e-01	1.800000e-01	2.418250e-03	4.333131e-03	4.333131e-03
1.800000e-01	1.900000e-01	7.617014e-04	2.435061e-03	2.435061e-03
1.900000e-01	2.000000e-01	6.851542e-03	7.254718e-03	7.254718e-03
2.000000e-01	2.100000e-01	3.138404e-03	4.924343e-03	4.924343e-03
2.100000e-01	2.200000e-01	1.538467e-03	3.456486e-03	3.456486e-03
2.200000e-01	2.300000e-01	1.545569e-03	3.460992e-03	3.460992e-03
2.300000e-01	2.400000e-01	6.134796e-03	6.831827e-03	6.831827e-03
2.400000e-01	2.500000e-01	1.471652e-03	3.379118e-03	3.379118e-03
2.500000e-01	2.600000e-01	1.279640e-03	3.150424e-03	3.150424e-03
2.600000e-01	2.700000e-01	8.936116e-04	2.635849e-03	2.635849e-03
2.700000e-01	2.800000e-01	4.160699e-03	5.647230e-03	5.647230e-03
2.800000e-01	2.900000e-01	7.435997e-04	2.404183e-03	2.404183e-03
2.900000e-01	3.000000e-01	1.150565e-03	2.986345e-03	2.986345e-03
3.000000e-01	3.100000e-01	1.345346e-05	3.239395e-04	3.239395e-04
3.100000e-01	3.200000e-01	2.362967e-03	4.257127e-03	4.257127e-03
3.200000e-01	3.300000e-01	5.039581e-05	6.268471e-04	6.268471e-04
3.300000e-01	3.400000e-01	3.389428e-04	1.623863e-03	1.623863e-03
3.400000e-01	3.500000e-01	2.110202e-04	1.281782e-03	1.281782e-03
3.500000e-01	3.600000e-01	7.759970e-05	7.776787e-04	7.776787e-04
3.600000e-01	3.700000e-01	8.157064e-05	7.973613e-04	7.973613e-04
3.700000e-01	3.800000e-01	6.771277e-04	2.289679e-03	2.289679e-03
3.800000e-01	3.900000e-01	1.636729e-03	3.539525e-03	3.539525e-03
3.900000e-01	4.000000e-01	1.526046e-04	1.089278e-03	1.089278e-03
4.000000e-01	4.100000e-01	4.226603e-05	5.740060e-04	5.740060e-04
4.100000e-01	4.200000e-01	2.545939e-05	4.455366e-04	4.455366e-04
4.200000e-01	4.300000e-01	7.601736e-04	2.422480e-03	2.422480e-03
4.300000e-01	4.400000e-01	3.915089e-03	5.119729e-03	5.119729e-03
4.400000e-01	4.500000e-01	1.783877e-03	3.640492e-03	3.640492e-03
4.500000e-01	4.600000e-01	6.524951e-06	2.255804e-04	2.255804e-04
4.600000e-01	4.700000e-01	3.709734e-04	1.691385e-03	1.691385e-03
4.700000e-01	4.800000e-01	1.066559e-04	9.104029e-04	9.104029e-04
4.800000e-01	4.900000e-01	4.028481e-03	5.270793e-03	5.270793e-03
4.900000e-01	5.000000e-01	3.447166e-03	1.407300e-03	1.407300e-03
5.000000e-01	5.100000e-01	3.755875e-04	1.691036e-03	1.691036e-03
5.100000e-01	5.200000e-01	6.480061e-04	2.199552e-03	2.199552e-03
5.200000e-01	5.300000e-01	3.312947e-05	5.073590e-04	5.073590e-04
5.300000e-01	5.400000e-01	1.723583e-03	9.951112e-04	9.951112e-04
5.400000e-01	5.500000e-01	1.723583e-03	9.951112e-04	9.951112e-04
5.500000e-01	5.600000e-01	1.723583e-03	9.951112e-04	9.951112e-04
5.600000e-01	5.700000e-01	5.083959e-04	1.920595e-03	1.920595e-03
5.700000e-01	5.800000e-01	5.083959e-04	1.920595e-03	1.920595e-03
5.800000e-01	5.900000e-01	3.312947e-05	5.073590e-04	5.073590e-04
5.900000e-01	6.000000e-01	2.872638e-03	1.284683e-03	1.284683e-03
6.000000e-01	6.100000e-01	5.745275e-04	5.745276e-04	5.745276e-04
6.100000e-01	6.200000e-01	5.083959e-04	1.920595e-03	1.920595e-03
6.200000e-01	6.300000e-01	5.745275e-04	5.745276e-04	5.745276e-04
6.300000e-01	6.400000e-01	5.745275e-04	5.745276e-04	5.745276e-04
6.400000e-01	6.500000e-01	0.000000e+00	0.000000e+00	0.000000e+00
6.500000e-01	6.600000e-01	5.745275e-04	5.745276e-04	5.745276e-04
6.600000e-01	6.700000e-01	1.149055e-03	8.125049e-04	8.125049e-04
6.700000e-01	6.800000e-01	0.000000e+00	0.000000e+00	0.000000e+00
6.800000e-01	6.900000e-01	0.000000e+00	0.000000e+00	0.000000e+00
6.900000e-01	7.000000e-01	3.325795e-03	3.325795e-03	3.325795e-03
7.000000e-01	7.100000e-01	0.000000e+00	0.000000e+00	0.000000e+00
7.100000e-01	7.200000e-01	0.000000e+00	0.000000e+00	0.000000e+00
7.200000e-01	7.300000e-01	0.000000e+00	0.000000e+00	0.000000e+00
7.300000e-01	7.400000e-01	0.000000e+00	0.000000e+00	0.000000e+00
7.400000e-01	7.500000e-01	3.325795e-03	3.325795e-03	3.325795e-03
7.500000e-01	7.600000e-01	5.745275e-04	5.745276e-04	5.745276e-04
7.600000e-01	7.700000e-01	5.745275e-04	5.745276e-04	5.745276e-04
7.700000e-01	7.800000e-01	0.000000e+00	0.000000e+00	0.000000e+00
7.800000e-01	7.900000e-01	0.000000e+00	0.000000e+00	0.000000e+00
7.900000e-01	8.000000e-01	0.000000e+00	0.000000e+00	0.000000e+00
8.000000e-01	8.100000e-01	0.000000e+00	0.000000e+00	0.000000e+00
8.100000e-01	8.200000e-01	0.000000e+00	0.000000e+00	0.000000e+00
8.200000e-01	8.300000e-01	0.000000e+00	0.000000e+00	0.000000e+00
8.300000e-01	8.400000e-01	0.000000e+00	0.000000e+00	0.000000e+00
8.400000e-01	8.500000e-01	0.000000e+00	0.000000e+00	0.000000e+00
8.500000e-01	8.600000e-01	0.000000e+00	0.000000e+00	0.000000e+00
8.600000e-01	8.700000e-01	5.745275e-04	5.745276e-04	5.745276e-04
8.700000e-01	8.800000e-01	0.000000e+00	0.000000e+00	0.000000e+00
8.800000e-01	8.900000e-01	0.000000e+00	0.000000e+00	0.000000e+00
8.900000e-01	9.000000e-01	0.000000e+00	0.000000e+00	0.000000e+00
9.000000e-01	9.100000e-01	0.000000e+00	0.000000e+00	0.000000e+00
9.100000e-01	9.200000e-01	0.000000e+00	0.000000e+00	0.000000e+00
9.200000e-01	9.300000e-01	0.000000e+00	0.000000e+00	0.000000e+00
9.300000e-01	9.400000e-01	0.000000e+00	0.000000e+00	0.000000e+00
9.400000e-01	9.500000e-01	0.000000e+00	0.000000e+00	0.000000e+00
9.500000e-01	9.600000e-01	0.000000e+00	0.000000e+00	0.000000e+00
9.600000e-01	9.700000e-01	0.000000e+00	0.000000e+00	0.000000e+00
9.700000e-01	9.800000e-01	0.000000e+00	0.000000e+00	0.000000e+00
9.800000e-01	9.900000e-01	0.000000e+00	0.000000e+00	0.000000e+00
9.900000e-01	1.000000e+00	0.000000e+00	0.000000e+00	0.000000e+00
# END HISTO1D

# BEGIN HISTO1D //home/frederic/Work/Software/LesHouches2017/lh2017-alphas/pythia-alphas/robustness/eff-as012285-gluon.yoda/MC_LHJSS_Zjet/Angularity_zcut_0.2_beta_1_alpha_2
LineColor=blue
LineStyle=solid
NormalizeToSum=1
Path=//home/frederic/Work/Software/LesHouches2017/lh2017-alphas/pythia-alphas/robustness/eff-as012285-gluon.yoda/MC_LHJSS_Zjet/Angularity_zcut_0.2_beta_1_alpha_2
ScaledBy=1.0
Title=eff-as012285-gluon
XLabel=
YLabel=
# xlow	 xhigh	 val	 errminus	 errplus
0.000000e+00	1.000000e-02	2.672766e-03	4.763345e-03	4.763345e-03
1.000000e-02	2.000000e-02	5.670779e-04	2.194081e-03	2.194081e-03
2.000000e-02	3.000000e-02	6.586533e-05	7.477671e-04	7.477671e-04
3.000000e-02	4.000000e-02	3.773589e-03	5.658145e-03	5.658145e-03
4.000000e-02	5.000000e-02	1.862702e-03	3.975702e-03	3.975702e-03
5.000000e-02	6.000000e-02	8.728396e-04	2.721738e-03	2.721738e-03
6.000000e-02	7.000000e-02	1.656217e-04	1.185727e-03	1.185727e-03
7.000000e-02	8.000000e-02	1.683037e-04	1.195280e-03	1.195280e-03
8.000000e-02	9.000000e-02	4.819237e-05	6.396216e-04	6.396216e-04
9.000000e-02	1.000000e-01	1.679167e-03	3.773758e-03	3.773758e-03
1.000000e-01	1.100000e-01	1.593503e-03	3.676134e-03	3.676134e-03
1.100000e-01	1.200000e-01	1.964250e-03	4.080511e-03	4.080511e-03
1.200000e-01	1.300000e-01	7.800769e-04	2.572569e-03	2.572569e-03
1.300000e-01	1.400000e-01	1.077393e-03	3.022782e-03	3.022782e-03
1.400000e-01	1.500000e-01	1.020164e-03	2.941269e-03	2.941269e-03
1.500000e-01	1.600000e-01	1.724596e-04	1.209870e-03	1.209870e-03
1.600000e-01	1.700000e-01	2.850938e-03	4.911497e-03	4.911497e-03
1.700000e-01	1.800000e-01	1.017512e-02	9.231914e-03	9.231914e-03
1.800000e-01	1.900000e-01	1.864412e-03	3.973408e-03	3.973408e-03
1.900000e-01	2.000000e-01	2.208370e-03	4.322867e-03	4.322867e-03
2.000000e-01	2.100000e-01	2.924683e-05	4.982744e-04	4.982744e-04
2.100000e-01	2.200000e-01	4.633397e-03	6.241844e-03	6.241844e-03
2.200000e-01	2.300000e-01	2.104435e-03	4.218595e-03	4.218595e-03
2.300000e-01	2.400000e-01	6.867093e-05	7.634728e-04	7.634728e-04
2.400000e-01	2.500000e-01	1.008888e-04	9.253607e-04	9.253607e-04
2.500000e-01	2.600000e-01	1.339185e-06	1.066250e-04	1.066250e-04
2.600000e-01	2.700000e-01	3.875813e-04	1.813004e-03	1.813004e-03
2.700000e-01	2.800000e-01	1.651555e-08	1.184094e-05	1.184094e-05
2.800000e-01	2.900000e-01	4.595171e-03	6.205901e-03	6.205901e-03
2.900000e-01	3.000000e-01	2.231693e-03	4.338131e-03	4.338131e-03
3.000000e-01	3.100000e-01	2.981602e-03	4.997175e-03	4.997175e-03
3.100000e-01	3.200000e-01	1.286808e-03	3.295640e-03	3.295640e-03
3.200000e-01	3.300000e-01	8.045758e-05	8.262976e-04	8.262976e-04
3.300000e-01	3.400000e-01	2.747712e-05	4.829441e-04	4.829441e-04
3.400000e-01	3.500000e-01	1.080912e-02	9.333814e-03	9.333814e-03
3.500000e-01	3.600000e-01	3.812965e-04	1.796690e-03	1.796690e-03
3.600000e-01	3.700000e-01	4.456856e-04	1.942320e-03	1.942320e-03
3.700000e-01	3.800000e-01	1.024419e-03	2.937496e-03	2.937496e-03
3.800000e-01	3.900000e-01	1.342164e-03	3.360189e-03	3.360189e-03
3.900000e-01	4.000000e-01	5.549600e-05	6.862176e-04	6.862176e-04
4.000000e-01	4.100000e-01	1.082123e-04	9.579543e-04	9.579543e-04
4.100000e-01	4.200000e-01	6.405321e-04	2.322786e-03	2.322786e-03
4.200000e-01	4.300000e-01	2.702584e-04	1.511310e-03	1.511310e-03
4.300000e-01	4.400000e-01	1.503544e-04	1.128618e-03	1.128618e-03
4.400000e-01	4.500000e-01	1.096307e-02	8.192037e-03	8.192037e-03
4.500000e-01	4.600000e-01	8.375877e-05	8.427648e-04	8.427648e-04
4.600000e-01	4.700000e-01	6.664762e-05	7.515579e-04	7.515579e-04
4.700000e-01	4.800000e-01	6.572165e-03	7.041705e-03	7.041705e-03
4.800000e-01	4.900000e-01	3.018670e-03	4.895357e-03	4.895357e-03
4.900000e-01	5.000000e-01	3.012597e-03	4.563160e-03	4.563160e-03
5.000000e-01	5.100000e-01	1.613999e-03	3.579286e-03	3.579286e-03
5.100000e-01	5.200000e-01	7.167213e-03	6.942960e-03	6.942960e-03
5.200000e-01	5.300000e-01	7.071535e-03	2.236216e-03	2.236216e-03
5.300000e-01	5.400000e-01	2.350680e-04	1.397359e-03	1.397359e-03
5.400000e-01	5.500000e-01	5.657230e-03	2.000132e-03	2.000132e-03
5.500000e-01	5.600000e-01	6.394483e-05	7.344676e-04	7.344676e-04
5.600000e-01	5.700000e-01	2.668262e-03	4.279377e-03	4.279377e-03
5.700000e-01	5.800000e-01	5.657230e-03	2.000132e-03	2.000132e-03
5.800000e-01	5.900000e-01	0.000000e+00	0.000000e+00	0.000000e+00
5.900000e-01	6.000000e-01	3.543652e-04	1.695564e-03	1.695564e-03
6.000000e-01	6.100000e-01	3.543652e-04	1.695564e-03	1.695564e-03
6.100000e-01	6.200000e-01	3.543652e-04	1.695564e-03	1.695564e-03
6.200000e-01	6.300000e-01	2.121460e-03	1.224826e-03	1.224826e-03
6.300000e-01	6.400000e-01	7.071535e-04	7.071536e-04	7.071536e-04
6.400000e-01	6.500000e-01	9.104108e-04	2.600909e-03	2.600909e-03
6.500000e-01	6.600000e-01	7.071535e-04	7.071536e-04	7.071536e-04
6.600000e-01	6.700000e-01	7.071535e-04	7.071536e-04	7.071536e-04
6.700000e-01	6.800000e-01	1.414307e-03	1.000066e-03	1.000066e-03
6.800000e-01	6.900000e-01	3.537569e-03	3.537569e-03	3.537569e-03
6.900000e-01	7.000000e-01	1.414307e-03	1.000066e-03	1.000066e-03
7.000000e-01	7.100000e-01	0.000000e+00	0.000000e+00	0.000000e+00
7.100000e-01	7.200000e-01	7.071535e-04	7.071536e-04	7.071536e-04
7.200000e-01	7.300000e-01	0.000000e+00	0.000000e+00	0.000000e+00
7.300000e-01	7.400000e-01	0.000000e+00	0.000000e+00	0.000000e+00
7.400000e-01	7.500000e-01	3.537569e-03	3.537569e-03	3.537569e-03
7.500000e-01	7.600000e-01	0.000000e+00	0.000000e+00	0.000000e+00
7.600000e-01	7.700000e-01	3.537569e-03	3.537569e-03	3.537569e-03
7.700000e-01	7.800000e-01	7.071535e-04	7.071536e-04	7.071536e-04
7.800000e-01	7.900000e-01	0.000000e+00	0.000000e+00	0.000000e+00
7.900000e-01	8.000000e-01	0.000000e+00	0.000000e+00	0.000000e+00
8.000000e-01	8.100000e-01	0.000000e+00	0.000000e+00	0.000000e+00
8.100000e-01	8.200000e-01	0.000000e+00	0.000000e+00	0.000000e+00
8.200000e-01	8.300000e-01	0.000000e+00	0.000000e+00	0.000000e+00
8.300000e-01	8.400000e-01	0.000000e+00	0.000000e+00	0.000000e+00
8.400000e-01	8.500000e-01	7.071535e-04	7.071536e-04	7.071536e-04
8.500000e-01	8.600000e-01	0.000000e+00	0.000000e+00	0.000000e+00
8.600000e-01	8.700000e-01	9.104108e-04	2.600909e-03	2.600909e-03
8.700000e-01	8.800000e-01	0.000000e+00	0.000000e+00	0.000000e+00
8.800000e-01	8.900000e-01	0.000000e+00	0.000000e+00	0.000000e+00
8.900000e-01	9.000000e-01	0.000000e+00	0.000000e+00	0.000000e+00
9.000000e-01	9.100000e-01	0.000000e+00	0.000000e+00	0.000000e+00
9.100000e-01	9.200000e-01	0.000000e+00	0.000000e+00	0.000000e+00
9.200000e-01	9.300000e-01	0.000000e+00	0.000000e+00	0.000000e+00
9.300000e-01	9.400000e-01	0.000000e+00	0.000000e+00	0.000000e+00
9.400000e-01	9.500000e-01	0.000000e+00	0.000000e+00	0.000000e+00
9.500000e-01	9.600000e-01	0.000000e+00	0.000000e+00	0.000000e+00
9.600000e-01	9.700000e-01	0.000000e+00	0.000000e+00	0.000000e+00
9.700000e-01	9.800000e-01	0.000000e+00	0.000000e+00	0.000000e+00
9.800000e-01	9.900000e-01	0.000000e+00	0.000000e+00	0.000000e+00
9.900000e-01	1.000000e+00	0.000000e+00	0.000000e+00	0.000000e+00
# END HISTO1D

