# BEGIN PLOT
LegendOnly=//home/frederic/Work/Software/LesHouches2017/lh2017-alphas/pythia-alphas/robustness/eff-as012285-quark.yoda/MC_LHJSS_Zjet/log_theta_g_zcut_0.05_beta_0_alpha_0.5 //home/frederic/Work/Software/LesHouches2017/lh2017-alphas/pythia-alphas/robustness/eff-as012285-gluon.yoda/MC_LHJSS_Zjet/log_theta_g_zcut_0.05_beta_0_alpha_0.5
DrawOnly=//home/frederic/Work/Software/LesHouches2017/lh2017-alphas/pythia-alphas/robustness/eff-as012285-quark.yoda/MC_LHJSS_Zjet/log_theta_g_zcut_0.05_beta_0_alpha_0.5 //home/frederic/Work/Software/LesHouches2017/lh2017-alphas/pythia-alphas/robustness/eff-as012285-gluon.yoda/MC_LHJSS_Zjet/log_theta_g_zcut_0.05_beta_0_alpha_0.5
Title=$\theta_g$, $\alpha$ = 0.5 $z_{cut}$ = 0.05 $\beta$ = 0
RatioPlot=1
LogX=0
LogY=0
RatioPlotYLabel=Ratio
RatioPlotReference=//home/frederic/Work/Software/LesHouches2017/lh2017-alphas/pythia-alphas/robustness/eff-as012285-quark.yoda/MC_LHJSS_Zjet/log_theta_g_zcut_0.05_beta_0_alpha_0.5
XLabel=$\theta_g$
YLabel=$1/\sigma \text{d}\sigma/\text{d}\theta_g$
Legend=1
# END PLOT

# BEGIN HISTO1D //home/frederic/Work/Software/LesHouches2017/lh2017-alphas/pythia-alphas/robustness/eff-as012285-quark.yoda/MC_LHJSS_Zjet/log_theta_g_zcut_0.05_beta_0_alpha_0.5
LineColor=red
LineStyle=solid
NormalizeToSum=1
Path=//home/frederic/Work/Software/LesHouches2017/lh2017-alphas/pythia-alphas/robustness/eff-as012285-quark.yoda/MC_LHJSS_Zjet/log_theta_g_zcut_0.05_beta_0_alpha_0.5
ScaledBy=1.0
Title=eff-as012285-quark
XLabel=
YLabel=
# xlow	 xhigh	 val	 errminus	 errplus
0.000000e+00	1.000000e-01	1.843969e-04	3.752121e-04	3.752121e-04
1.000000e-01	2.000000e-01	7.262903e-04	7.491349e-04	7.491349e-04
2.000000e-01	3.000000e-01	5.511411e-06	6.556814e-05	6.556814e-05
3.000000e-01	4.000000e-01	3.544672e-05	1.662777e-04	1.662777e-04
4.000000e-01	5.000000e-01	1.977247e-04	3.926216e-04	3.926216e-04
5.000000e-01	6.000000e-01	7.976248e-06	7.887869e-05	7.887869e-05
6.000000e-01	7.000000e-01	4.276498e-05	1.826341e-04	1.826341e-04
7.000000e-01	8.000000e-01	6.024983e-06	6.855498e-05	6.855498e-05
8.000000e-01	9.000000e-01	3.353466e-05	1.617292e-04	1.617292e-04
9.000000e-01	1.000000e+00	7.431591e-06	7.613783e-05	7.613783e-05
1.000000e+00	1.100000e+00	2.933019e-05	1.512518e-04	1.512518e-04
1.100000e+00	1.200000e+00	8.126547e-04	7.949497e-04	7.949497e-04
1.200000e+00	1.300000e+00	4.388372e-04	5.845824e-04	5.845824e-04
1.300000e+00	1.400000e+00	7.030897e-04	7.395222e-04	7.395222e-04
1.400000e+00	1.500000e+00	4.048368e-04	5.614770e-04	5.614770e-04
1.500000e+00	1.600000e+00	1.847875e-04	3.795196e-04	3.795196e-04
1.600000e+00	1.700000e+00	1.993779e-04	3.942051e-04	3.942051e-04
1.700000e+00	1.800000e+00	1.026972e-03	8.930998e-04	8.930998e-04
1.800000e+00	1.900000e+00	7.577526e-04	7.675449e-04	7.675449e-04
1.900000e+00	2.000000e+00	1.463208e-03	1.064681e-03	1.064681e-03
2.000000e+00	2.100000e+00	6.800770e-04	7.272316e-04	7.272316e-04
2.100000e+00	2.200000e+00	4.832127e-04	6.132727e-04	6.132727e-04
2.200000e+00	2.300000e+00	3.645046e-06	5.332284e-05	5.332284e-05
2.300000e+00	2.400000e+00	5.986397e-04	6.824729e-04	6.824729e-04
2.400000e+00	2.500000e+00	2.440317e-04	4.360554e-04	4.360554e-04
2.500000e+00	2.600000e+00	1.302781e-03	1.004772e-03	1.004772e-03
2.600000e+00	2.700000e+00	4.242586e-04	5.746971e-04	5.746971e-04
2.700000e+00	2.800000e+00	4.927533e-04	6.192692e-04	6.192692e-04
2.800000e+00	2.900000e+00	1.250390e-05	9.875871e-05	9.875871e-05
2.900000e+00	3.000000e+00	4.148570e-04	5.683230e-04	5.683230e-04
3.000000e+00	3.100000e+00	9.426604e-05	2.711134e-04	2.711134e-04
3.100000e+00	3.200000e+00	2.602898e-03	1.417698e-03	1.417698e-03
3.200000e+00	3.300000e+00	1.083016e-04	2.905887e-04	2.905887e-04
3.300000e+00	3.400000e+00	1.066482e-03	9.101318e-04	9.101318e-04
3.400000e+00	3.500000e+00	1.599773e-03	1.113628e-03	1.113628e-03
3.500000e+00	3.600000e+00	2.197523e-03	1.303743e-03	1.303743e-03
3.600000e+00	3.700000e+00	3.453315e-03	1.630514e-03	1.630514e-03
3.700000e+00	3.800000e+00	1.265398e-02	3.074139e-03	3.074139e-03
3.800000e+00	3.900000e+00	1.449071e-02	3.277922e-03	3.277922e-03
3.900000e+00	4.000000e+00	5.646971e-03	2.076252e-03	2.076252e-03
4.000000e+00	4.100000e+00	1.689431e-02	3.523873e-03	3.523873e-03
4.100000e+00	4.200000e+00	2.065778e-02	3.870164e-03	3.870164e-03
4.200000e+00	4.300000e+00	1.749989e-02	3.577626e-03	3.577626e-03
4.300000e+00	4.400000e+00	1.723517e-02	3.545031e-03	3.545031e-03
4.400000e+00	4.500000e+00	1.430298e-02	3.238965e-03	3.238965e-03
4.500000e+00	4.600000e+00	9.053894e-03	2.598922e-03	2.598922e-03
4.600000e+00	4.700000e+00	1.189331e-02	2.955309e-03	2.955309e-03
4.700000e+00	4.800000e+00	6.759865e-03	2.251747e-03	2.251747e-03
4.800000e+00	4.900000e+00	8.508709e-03	2.510177e-03	2.510177e-03
4.900000e+00	5.000000e+00	2.768621e-03	1.455510e-03	1.455510e-03
5.000000e+00	5.100000e+00	1.457532e-03	1.059447e-03	1.059447e-03
5.100000e+00	5.200000e+00	5.865437e-04	6.742604e-04	6.742604e-04
5.200000e+00	5.300000e+00	2.842297e-04	4.700416e-04	4.700416e-04
5.300000e+00	5.400000e+00	4.947677e-04	6.192309e-04	6.192309e-04
5.400000e+00	5.500000e+00	6.575903e-04	7.108288e-04	7.108288e-04
5.500000e+00	5.600000e+00	1.575447e-06	3.505561e-05	3.505561e-05
5.600000e+00	5.700000e+00	8.848170e-04	8.181845e-04	8.181845e-04
5.700000e+00	5.800000e+00	2.704469e-04	4.557751e-04	4.557751e-04
5.800000e+00	5.900000e+00	5.126453e-05	1.996365e-04	1.996365e-04
5.900000e+00	6.000000e+00	2.864178e-04	4.664335e-04	4.664335e-04
6.000000e+00	6.100000e+00	1.789993e-03	1.101988e-03	1.101988e-03
6.100000e+00	6.200000e+00	7.947767e-04	7.497240e-04	7.497240e-04
6.200000e+00	6.300000e+00	5.067511e-04	5.890723e-04	5.890723e-04
6.300000e+00	6.400000e+00	1.184890e-04	2.993201e-04	2.993201e-04
6.400000e+00	6.500000e+00	1.159868e-03	8.380558e-04	8.380558e-04
6.500000e+00	6.600000e+00	2.533756e-04	4.165370e-04	4.165370e-04
6.600000e+00	6.700000e+00	1.854867e-05	1.195990e-04	1.195990e-04
6.700000e+00	6.800000e+00	3.312947e-06	5.073590e-05	5.073590e-05
6.800000e+00	6.900000e+00	3.312947e-06	5.073590e-05	5.073590e-05
6.900000e+00	7.000000e+00	1.723583e-04	9.951112e-05	9.951112e-05
7.000000e+00	7.100000e+00	1.723583e-04	9.951112e-05	9.951112e-05
7.100000e+00	7.200000e+00	2.872638e-04	1.284683e-04	1.284683e-04
7.200000e+00	7.300000e+00	0.000000e+00	0.000000e+00	0.000000e+00
7.300000e+00	7.400000e+00	5.745275e-05	5.745276e-05	5.745276e-05
7.400000e+00	7.500000e+00	6.651590e-04	4.703384e-04	4.703384e-04
7.500000e+00	7.600000e+00	3.325795e-04	3.325795e-04	3.325795e-04
7.600000e+00	7.700000e+00	5.745275e-05	5.745276e-05	5.745276e-05
7.700000e+00	7.800000e+00	0.000000e+00	0.000000e+00	0.000000e+00
7.800000e+00	7.900000e+00	0.000000e+00	0.000000e+00	0.000000e+00
7.900000e+00	8.000000e+00	0.000000e+00	0.000000e+00	0.000000e+00
8.000000e+00	8.100000e+00	0.000000e+00	0.000000e+00	0.000000e+00
8.100000e+00	8.200000e+00	5.745275e-05	5.745276e-05	5.745276e-05
8.200000e+00	8.300000e+00	5.745275e-05	5.745276e-05	5.745276e-05
8.300000e+00	8.400000e+00	0.000000e+00	0.000000e+00	0.000000e+00
8.400000e+00	8.500000e+00	0.000000e+00	0.000000e+00	0.000000e+00
8.500000e+00	8.600000e+00	0.000000e+00	0.000000e+00	0.000000e+00
8.600000e+00	8.700000e+00	0.000000e+00	0.000000e+00	0.000000e+00
8.700000e+00	8.800000e+00	0.000000e+00	0.000000e+00	0.000000e+00
8.800000e+00	8.900000e+00	0.000000e+00	0.000000e+00	0.000000e+00
8.900000e+00	9.000000e+00	0.000000e+00	0.000000e+00	0.000000e+00
9.000000e+00	9.100000e+00	0.000000e+00	0.000000e+00	0.000000e+00
9.100000e+00	9.200000e+00	0.000000e+00	0.000000e+00	0.000000e+00
9.200000e+00	9.300000e+00	0.000000e+00	0.000000e+00	0.000000e+00
9.300000e+00	9.400000e+00	0.000000e+00	0.000000e+00	0.000000e+00
9.400000e+00	9.500000e+00	0.000000e+00	0.000000e+00	0.000000e+00
9.500000e+00	9.600000e+00	0.000000e+00	0.000000e+00	0.000000e+00
9.600000e+00	9.700000e+00	0.000000e+00	0.000000e+00	0.000000e+00
9.700000e+00	9.800000e+00	0.000000e+00	0.000000e+00	0.000000e+00
9.800000e+00	9.900000e+00	0.000000e+00	0.000000e+00	0.000000e+00
9.900000e+00	1.000000e+01	0.000000e+00	0.000000e+00	0.000000e+00
1.000000e+01	1.010000e+01	0.000000e+00	0.000000e+00	0.000000e+00
1.010000e+01	1.020000e+01	0.000000e+00	0.000000e+00	0.000000e+00
1.020000e+01	1.030000e+01	0.000000e+00	0.000000e+00	0.000000e+00
1.030000e+01	1.040000e+01	0.000000e+00	0.000000e+00	0.000000e+00
1.040000e+01	1.050000e+01	0.000000e+00	0.000000e+00	0.000000e+00
1.050000e+01	1.060000e+01	0.000000e+00	0.000000e+00	0.000000e+00
1.060000e+01	1.070000e+01	0.000000e+00	0.000000e+00	0.000000e+00
1.070000e+01	1.080000e+01	0.000000e+00	0.000000e+00	0.000000e+00
1.080000e+01	1.090000e+01	0.000000e+00	0.000000e+00	0.000000e+00
1.090000e+01	1.100000e+01	0.000000e+00	0.000000e+00	0.000000e+00
1.100000e+01	1.110000e+01	0.000000e+00	0.000000e+00	0.000000e+00
1.110000e+01	1.120000e+01	0.000000e+00	0.000000e+00	0.000000e+00
1.120000e+01	1.130000e+01	0.000000e+00	0.000000e+00	0.000000e+00
1.130000e+01	1.140000e+01	0.000000e+00	0.000000e+00	0.000000e+00
1.140000e+01	1.150000e+01	0.000000e+00	0.000000e+00	0.000000e+00
1.150000e+01	1.160000e+01	0.000000e+00	0.000000e+00	0.000000e+00
1.160000e+01	1.170000e+01	0.000000e+00	0.000000e+00	0.000000e+00
1.170000e+01	1.180000e+01	0.000000e+00	0.000000e+00	0.000000e+00
1.180000e+01	1.190000e+01	0.000000e+00	0.000000e+00	0.000000e+00
1.190000e+01	1.200000e+01	0.000000e+00	0.000000e+00	0.000000e+00
1.200000e+01	1.210000e+01	0.000000e+00	0.000000e+00	0.000000e+00
1.210000e+01	1.220000e+01	0.000000e+00	0.000000e+00	0.000000e+00
1.220000e+01	1.230000e+01	0.000000e+00	0.000000e+00	0.000000e+00
1.230000e+01	1.240000e+01	0.000000e+00	0.000000e+00	0.000000e+00
1.240000e+01	1.250000e+01	0.000000e+00	0.000000e+00	0.000000e+00
1.250000e+01	1.260000e+01	0.000000e+00	0.000000e+00	0.000000e+00
1.260000e+01	1.270000e+01	0.000000e+00	0.000000e+00	0.000000e+00
1.270000e+01	1.280000e+01	0.000000e+00	0.000000e+00	0.000000e+00
1.280000e+01	1.290000e+01	0.000000e+00	0.000000e+00	0.000000e+00
1.290000e+01	1.300000e+01	0.000000e+00	0.000000e+00	0.000000e+00
1.300000e+01	1.310000e+01	0.000000e+00	0.000000e+00	0.000000e+00
1.310000e+01	1.320000e+01	0.000000e+00	0.000000e+00	0.000000e+00
1.320000e+01	1.330000e+01	0.000000e+00	0.000000e+00	0.000000e+00
1.330000e+01	1.340000e+01	0.000000e+00	0.000000e+00	0.000000e+00
1.340000e+01	1.350000e+01	0.000000e+00	0.000000e+00	0.000000e+00
1.350000e+01	1.360000e+01	0.000000e+00	0.000000e+00	0.000000e+00
1.360000e+01	1.370000e+01	0.000000e+00	0.000000e+00	0.000000e+00
1.370000e+01	1.380000e+01	0.000000e+00	0.000000e+00	0.000000e+00
1.380000e+01	1.390000e+01	0.000000e+00	0.000000e+00	0.000000e+00
1.390000e+01	1.400000e+01	0.000000e+00	0.000000e+00	0.000000e+00
1.400000e+01	1.410000e+01	0.000000e+00	0.000000e+00	0.000000e+00
1.410000e+01	1.420000e+01	0.000000e+00	0.000000e+00	0.000000e+00
1.420000e+01	1.430000e+01	0.000000e+00	0.000000e+00	0.000000e+00
1.430000e+01	1.440000e+01	0.000000e+00	0.000000e+00	0.000000e+00
1.440000e+01	1.450000e+01	0.000000e+00	0.000000e+00	0.000000e+00
1.450000e+01	1.460000e+01	0.000000e+00	0.000000e+00	0.000000e+00
1.460000e+01	1.470000e+01	0.000000e+00	0.000000e+00	0.000000e+00
1.470000e+01	1.480000e+01	0.000000e+00	0.000000e+00	0.000000e+00
1.480000e+01	1.490000e+01	0.000000e+00	0.000000e+00	0.000000e+00
1.490000e+01	1.500000e+01	0.000000e+00	0.000000e+00	0.000000e+00
# END HISTO1D

# BEGIN HISTO1D //home/frederic/Work/Software/LesHouches2017/lh2017-alphas/pythia-alphas/robustness/eff-as012285-gluon.yoda/MC_LHJSS_Zjet/log_theta_g_zcut_0.05_beta_0_alpha_0.5
LineColor=blue
LineStyle=solid
NormalizeToSum=1
Path=//home/frederic/Work/Software/LesHouches2017/lh2017-alphas/pythia-alphas/robustness/eff-as012285-gluon.yoda/MC_LHJSS_Zjet/log_theta_g_zcut_0.05_beta_0_alpha_0.5
ScaledBy=1.0
Title=eff-as012285-gluon
XLabel=
YLabel=
# xlow	 xhigh	 val	 errminus	 errplus
0.000000e+00	1.000000e-01	3.493661e-04	5.398995e-04	5.398995e-04
1.000000e-01	2.000000e-01	4.108867e-04	5.896437e-04	5.896437e-04
2.000000e-01	3.000000e-01	3.051117e-06	5.089411e-05	5.089411e-05
3.000000e-01	4.000000e-01	8.816220e-04	8.644010e-04	8.644010e-04
4.000000e-01	5.000000e-01	4.370452e-04	6.088863e-04	6.088863e-04
5.000000e-01	6.000000e-01	2.740684e-05	1.525312e-04	1.525312e-04
6.000000e-01	7.000000e-01	5.090249e-06	6.573658e-05	6.573658e-05
7.000000e-01	8.000000e-01	6.589437e-04	7.474478e-04	7.474478e-04
8.000000e-01	9.000000e-01	4.608525e-09	1.977974e-06	1.977974e-06
9.000000e-01	1.000000e+00	2.024601e-04	4.144945e-04	4.144945e-04
1.000000e+00	1.100000e+00	6.620447e-05	2.370575e-04	2.370575e-04
1.100000e+00	1.200000e+00	1.031894e-03	9.348643e-04	9.348643e-04
1.200000e+00	1.300000e+00	7.458885e-06	7.957431e-05	7.957431e-05
1.300000e+00	1.400000e+00	2.848651e-04	4.916060e-04	4.916060e-04
1.400000e+00	1.500000e+00	2.882467e-04	4.945015e-04	4.945015e-04
1.500000e+00	1.600000e+00	3.575255e-04	5.506656e-04	5.506656e-04
1.600000e+00	1.700000e+00	1.216427e-04	3.213013e-04	3.213013e-04
1.700000e+00	1.800000e+00	1.509463e-05	1.131989e-04	1.131989e-04
1.800000e+00	1.900000e+00	9.032926e-05	2.768830e-04	2.768830e-04
1.900000e+00	2.000000e+00	3.543690e-04	5.481856e-04	5.481856e-04
2.000000e+00	2.100000e+00	2.732228e-04	4.814101e-04	4.814101e-04
2.100000e+00	2.200000e+00	3.710799e-05	1.774790e-04	1.774790e-04
2.200000e+00	2.300000e+00	1.418095e-05	1.097191e-04	1.097191e-04
2.300000e+00	2.400000e+00	8.003217e-05	2.606202e-04	2.606202e-04
2.400000e+00	2.500000e+00	4.850218e-04	6.410842e-04	6.410842e-04
2.500000e+00	2.600000e+00	5.056198e-07	2.071817e-05	2.071817e-05
2.600000e+00	2.700000e+00	3.582828e-04	5.511360e-04	5.511360e-04
2.700000e+00	2.800000e+00	1.511780e-04	3.581325e-04	3.581325e-04
2.800000e+00	2.900000e+00	3.920350e-04	5.764185e-04	5.764185e-04
2.900000e+00	3.000000e+00	1.401499e-03	1.087480e-03	1.087480e-03
3.000000e+00	3.100000e+00	3.236705e-04	5.237732e-04	5.237732e-04
3.100000e+00	3.200000e+00	2.109276e-03	1.331636e-03	1.331636e-03
3.200000e+00	3.300000e+00	6.014529e-04	7.134909e-04	7.134909e-04
3.300000e+00	3.400000e+00	2.436257e-03	1.428600e-03	1.428600e-03
3.400000e+00	3.500000e+00	1.982921e-03	1.290310e-03	1.290310e-03
3.500000e+00	3.600000e+00	4.680348e-03	1.967047e-03	1.967047e-03
3.600000e+00	3.700000e+00	4.198095e-03	1.864411e-03	1.864411e-03
3.700000e+00	3.800000e+00	1.921294e-03	1.268130e-03	1.268130e-03
3.800000e+00	3.900000e+00	4.496851e-03	1.922737e-03	1.922737e-03
3.900000e+00	4.000000e+00	2.042905e-03	1.305175e-03	1.305175e-03
4.000000e+00	4.100000e+00	7.650687e-04	8.028501e-04	8.028501e-04
4.100000e+00	4.200000e+00	7.324022e-04	7.853085e-04	7.853085e-04
4.200000e+00	4.300000e+00	3.732762e-04	5.613083e-04	5.613083e-04
4.300000e+00	4.400000e+00	1.051509e-06	2.987738e-05	2.987738e-05
4.400000e+00	4.500000e+00	3.532289e-03	1.650160e-03	1.650160e-03
4.500000e+00	4.600000e+00	5.953228e-06	7.108617e-05	7.108617e-05
4.600000e+00	4.700000e+00	1.394495e-03	1.060102e-03	1.060102e-03
4.700000e+00	4.800000e+00	3.482041e-03	1.600686e-03	1.600686e-03
4.800000e+00	4.900000e+00	1.133285e-03	9.590866e-04	9.590866e-04
4.900000e+00	5.000000e+00	3.060701e-03	1.463774e-03	1.463774e-03
5.000000e+00	5.100000e+00	2.961589e-03	1.432734e-03	1.432734e-03
5.100000e+00	5.200000e+00	1.402709e-03	1.021721e-03	1.021721e-03
5.200000e+00	5.300000e+00	5.274786e-03	1.345364e-03	1.345364e-03
5.300000e+00	5.400000e+00	7.063133e-04	7.389355e-04	7.389355e-04
5.400000e+00	5.500000e+00	2.671613e-03	9.544745e-04	9.544745e-04
5.500000e+00	5.600000e+00	1.007332e-03	8.266963e-04	8.266963e-04
5.600000e+00	5.700000e+00	2.753441e-10	4.834789e-07	4.834789e-07
5.700000e+00	5.800000e+00	2.036479e-04	3.858948e-04	3.858948e-04
5.800000e+00	5.900000e+00	8.069987e-05	2.530937e-04	2.530937e-04
5.900000e+00	6.000000e+00	7.778690e-04	2.345363e-04	2.345363e-04
6.000000e+00	6.100000e+00	5.657230e-04	2.000132e-04	2.000132e-04
6.100000e+00	6.200000e+00	4.585673e-11	1.973064e-07	1.973064e-07
6.200000e+00	6.300000e+00	6.394483e-06	7.344676e-05	7.344676e-05
6.300000e+00	6.400000e+00	1.414307e-04	1.000066e-04	1.000066e-04
6.400000e+00	6.500000e+00	7.071535e-05	7.071536e-05	7.071536e-05
6.500000e+00	6.600000e+00	7.071535e-05	7.071536e-05	7.071536e-05
6.600000e+00	6.700000e+00	0.000000e+00	0.000000e+00	0.000000e+00
6.700000e+00	6.800000e+00	0.000000e+00	0.000000e+00	0.000000e+00
6.800000e+00	6.900000e+00	0.000000e+00	0.000000e+00	0.000000e+00
6.900000e+00	7.000000e+00	7.071535e-05	7.071536e-05	7.071536e-05
7.000000e+00	7.100000e+00	0.000000e+00	0.000000e+00	0.000000e+00
7.100000e+00	7.200000e+00	0.000000e+00	0.000000e+00	0.000000e+00
7.200000e+00	7.300000e+00	0.000000e+00	0.000000e+00	0.000000e+00
7.300000e+00	7.400000e+00	0.000000e+00	0.000000e+00	0.000000e+00
7.400000e+00	7.500000e+00	0.000000e+00	0.000000e+00	0.000000e+00
7.500000e+00	7.600000e+00	0.000000e+00	0.000000e+00	0.000000e+00
7.600000e+00	7.700000e+00	3.537569e-04	3.537569e-04	3.537569e-04
7.700000e+00	7.800000e+00	0.000000e+00	0.000000e+00	0.000000e+00
7.800000e+00	7.900000e+00	0.000000e+00	0.000000e+00	0.000000e+00
7.900000e+00	8.000000e+00	7.071535e-05	7.071536e-05	7.071536e-05
8.000000e+00	8.100000e+00	0.000000e+00	0.000000e+00	0.000000e+00
8.100000e+00	8.200000e+00	0.000000e+00	0.000000e+00	0.000000e+00
8.200000e+00	8.300000e+00	0.000000e+00	0.000000e+00	0.000000e+00
8.300000e+00	8.400000e+00	0.000000e+00	0.000000e+00	0.000000e+00
8.400000e+00	8.500000e+00	0.000000e+00	0.000000e+00	0.000000e+00
8.500000e+00	8.600000e+00	0.000000e+00	0.000000e+00	0.000000e+00
8.600000e+00	8.700000e+00	0.000000e+00	0.000000e+00	0.000000e+00
8.700000e+00	8.800000e+00	0.000000e+00	0.000000e+00	0.000000e+00
8.800000e+00	8.900000e+00	0.000000e+00	0.000000e+00	0.000000e+00
8.900000e+00	9.000000e+00	0.000000e+00	0.000000e+00	0.000000e+00
9.000000e+00	9.100000e+00	0.000000e+00	0.000000e+00	0.000000e+00
9.100000e+00	9.200000e+00	0.000000e+00	0.000000e+00	0.000000e+00
9.200000e+00	9.300000e+00	0.000000e+00	0.000000e+00	0.000000e+00
9.300000e+00	9.400000e+00	0.000000e+00	0.000000e+00	0.000000e+00
9.400000e+00	9.500000e+00	0.000000e+00	0.000000e+00	0.000000e+00
9.500000e+00	9.600000e+00	0.000000e+00	0.000000e+00	0.000000e+00
9.600000e+00	9.700000e+00	0.000000e+00	0.000000e+00	0.000000e+00
9.700000e+00	9.800000e+00	0.000000e+00	0.000000e+00	0.000000e+00
9.800000e+00	9.900000e+00	0.000000e+00	0.000000e+00	0.000000e+00
9.900000e+00	1.000000e+01	0.000000e+00	0.000000e+00	0.000000e+00
1.000000e+01	1.010000e+01	0.000000e+00	0.000000e+00	0.000000e+00
1.010000e+01	1.020000e+01	0.000000e+00	0.000000e+00	0.000000e+00
1.020000e+01	1.030000e+01	0.000000e+00	0.000000e+00	0.000000e+00
1.030000e+01	1.040000e+01	0.000000e+00	0.000000e+00	0.000000e+00
1.040000e+01	1.050000e+01	0.000000e+00	0.000000e+00	0.000000e+00
1.050000e+01	1.060000e+01	0.000000e+00	0.000000e+00	0.000000e+00
1.060000e+01	1.070000e+01	0.000000e+00	0.000000e+00	0.000000e+00
1.070000e+01	1.080000e+01	0.000000e+00	0.000000e+00	0.000000e+00
1.080000e+01	1.090000e+01	0.000000e+00	0.000000e+00	0.000000e+00
1.090000e+01	1.100000e+01	0.000000e+00	0.000000e+00	0.000000e+00
1.100000e+01	1.110000e+01	0.000000e+00	0.000000e+00	0.000000e+00
1.110000e+01	1.120000e+01	0.000000e+00	0.000000e+00	0.000000e+00
1.120000e+01	1.130000e+01	0.000000e+00	0.000000e+00	0.000000e+00
1.130000e+01	1.140000e+01	0.000000e+00	0.000000e+00	0.000000e+00
1.140000e+01	1.150000e+01	0.000000e+00	0.000000e+00	0.000000e+00
1.150000e+01	1.160000e+01	0.000000e+00	0.000000e+00	0.000000e+00
1.160000e+01	1.170000e+01	0.000000e+00	0.000000e+00	0.000000e+00
1.170000e+01	1.180000e+01	0.000000e+00	0.000000e+00	0.000000e+00
1.180000e+01	1.190000e+01	0.000000e+00	0.000000e+00	0.000000e+00
1.190000e+01	1.200000e+01	0.000000e+00	0.000000e+00	0.000000e+00
1.200000e+01	1.210000e+01	0.000000e+00	0.000000e+00	0.000000e+00
1.210000e+01	1.220000e+01	0.000000e+00	0.000000e+00	0.000000e+00
1.220000e+01	1.230000e+01	0.000000e+00	0.000000e+00	0.000000e+00
1.230000e+01	1.240000e+01	0.000000e+00	0.000000e+00	0.000000e+00
1.240000e+01	1.250000e+01	0.000000e+00	0.000000e+00	0.000000e+00
1.250000e+01	1.260000e+01	0.000000e+00	0.000000e+00	0.000000e+00
1.260000e+01	1.270000e+01	0.000000e+00	0.000000e+00	0.000000e+00
1.270000e+01	1.280000e+01	0.000000e+00	0.000000e+00	0.000000e+00
1.280000e+01	1.290000e+01	0.000000e+00	0.000000e+00	0.000000e+00
1.290000e+01	1.300000e+01	0.000000e+00	0.000000e+00	0.000000e+00
1.300000e+01	1.310000e+01	0.000000e+00	0.000000e+00	0.000000e+00
1.310000e+01	1.320000e+01	0.000000e+00	0.000000e+00	0.000000e+00
1.320000e+01	1.330000e+01	0.000000e+00	0.000000e+00	0.000000e+00
1.330000e+01	1.340000e+01	0.000000e+00	0.000000e+00	0.000000e+00
1.340000e+01	1.350000e+01	0.000000e+00	0.000000e+00	0.000000e+00
1.350000e+01	1.360000e+01	0.000000e+00	0.000000e+00	0.000000e+00
1.360000e+01	1.370000e+01	0.000000e+00	0.000000e+00	0.000000e+00
1.370000e+01	1.380000e+01	0.000000e+00	0.000000e+00	0.000000e+00
1.380000e+01	1.390000e+01	0.000000e+00	0.000000e+00	0.000000e+00
1.390000e+01	1.400000e+01	0.000000e+00	0.000000e+00	0.000000e+00
1.400000e+01	1.410000e+01	0.000000e+00	0.000000e+00	0.000000e+00
1.410000e+01	1.420000e+01	0.000000e+00	0.000000e+00	0.000000e+00
1.420000e+01	1.430000e+01	0.000000e+00	0.000000e+00	0.000000e+00
1.430000e+01	1.440000e+01	0.000000e+00	0.000000e+00	0.000000e+00
1.440000e+01	1.450000e+01	0.000000e+00	0.000000e+00	0.000000e+00
1.450000e+01	1.460000e+01	0.000000e+00	0.000000e+00	0.000000e+00
1.460000e+01	1.470000e+01	0.000000e+00	0.000000e+00	0.000000e+00
1.470000e+01	1.480000e+01	0.000000e+00	0.000000e+00	0.000000e+00
1.480000e+01	1.490000e+01	0.000000e+00	0.000000e+00	0.000000e+00
1.490000e+01	1.500000e+01	0.000000e+00	0.000000e+00	0.000000e+00
# END HISTO1D

