# BEGIN PLOT
RatioPlotYLabel=Ratio
LegendOnly=//home/frederic/Work/Software/LesHouches2017/lh2017-alphas/rivet-analysis/quark-as013650-truth.yoda/MC_LHJSS_Zjet/Angularity_zcut_0.2_beta_1_alpha_2 //home/frederic/Work/Software/LesHouches2017/lh2017-alphas/rivet-analysis/quark-as012285-truth.yoda/MC_LHJSS_Zjet/Angularity_zcut_0.2_beta_1_alpha_2 //home/frederic/Work/Software/LesHouches2017/lh2017-alphas/rivet-analysis/quark-as015015-truth.yoda/MC_LHJSS_Zjet/Angularity_zcut_0.2_beta_1_alpha_2
XLabel=$e_\alpha$
RatioPlotReference=//home/frederic/Work/Software/LesHouches2017/lh2017-alphas/rivet-analysis/quark-as013650-truth.yoda/MC_LHJSS_Zjet/Angularity_zcut_0.2_beta_1_alpha_2
YLabel=$1/\sigma \text{d}\sigma/\text{d}e_{\alpha}$
DrawOnly=//home/frederic/Work/Software/LesHouches2017/lh2017-alphas/rivet-analysis/quark-as013650-truth.yoda/MC_LHJSS_Zjet/Angularity_zcut_0.2_beta_1_alpha_2 //home/frederic/Work/Software/LesHouches2017/lh2017-alphas/rivet-analysis/quark-as012285-truth.yoda/MC_LHJSS_Zjet/Angularity_zcut_0.2_beta_1_alpha_2 //home/frederic/Work/Software/LesHouches2017/lh2017-alphas/rivet-analysis/quark-as015015-truth.yoda/MC_LHJSS_Zjet/Angularity_zcut_0.2_beta_1_alpha_2
RatioPlot=1
Title=Angularity, $\alpha$ = 2 $z_{cut}$ = 0.2 $\beta$ = 1
Legend=1
LogY=0
# END PLOT

# BEGIN HISTO1D //home/frederic/Work/Software/LesHouches2017/lh2017-alphas/rivet-analysis/quark-as013650-truth.yoda/MC_LHJSS_Zjet/Angularity_zcut_0.2_beta_1_alpha_2
LineColor=red
LineStyle=solid
NormalizeToSum=1
Path=//home/frederic/Work/Software/LesHouches2017/lh2017-alphas/rivet-analysis/quark-as013650-truth.yoda/MC_LHJSS_Zjet/Angularity_zcut_0.2_beta_1_alpha_2
ScaledBy=2.55102040816326554e-04
Title=quark-as013650-truth
XLabel=
YLabel=
# xlow	 xhigh	 val	 errminus	 errplus
0.000000e+00	1.000000e-02	7.290816e+01	1.363782e+00	1.363782e+00
1.000000e-02	2.000000e-02	6.607143e+00	4.105479e-01	4.105479e-01
2.000000e-02	3.000000e-02	3.443878e+00	2.964018e-01	2.964018e-01
3.000000e-02	4.000000e-02	2.193878e+00	2.365719e-01	2.365719e-01
4.000000e-02	5.000000e-02	2.193878e+00	2.365719e-01	2.365719e-01
5.000000e-02	6.000000e-02	9.183673e-01	1.530612e-01	1.530612e-01
6.000000e-02	7.000000e-02	1.275510e+00	1.803844e-01	1.803844e-01
7.000000e-02	8.000000e-02	9.438776e-01	1.551725e-01	1.551725e-01
8.000000e-02	9.000000e-02	8.163265e-01	1.443075e-01	1.443075e-01
9.000000e-02	1.000000e-01	8.418367e-01	1.465450e-01	1.465450e-01
1.000000e-01	1.100000e-01	6.122449e-01	1.249740e-01	1.249740e-01
1.100000e-01	1.200000e-01	5.867347e-01	1.223426e-01	1.223426e-01
1.200000e-01	1.300000e-01	4.081633e-01	1.020408e-01	1.020408e-01
1.300000e-01	1.400000e-01	4.846939e-01	1.111964e-01	1.111964e-01
1.400000e-01	1.500000e-01	4.846939e-01	1.111964e-01	1.111964e-01
1.500000e-01	1.600000e-01	3.826531e-01	9.880060e-02	9.880060e-02
1.600000e-01	1.700000e-01	4.591837e-01	1.082306e-01	1.082306e-01
1.700000e-01	1.800000e-01	2.040816e-01	7.215375e-02	7.215375e-02
1.800000e-01	1.900000e-01	3.571429e-01	9.545044e-02	9.545044e-02
1.900000e-01	2.000000e-01	2.551020e-01	8.067035e-02	8.067035e-02
2.000000e-01	2.100000e-01	2.806122e-01	8.460778e-02	8.460778e-02
2.100000e-01	2.200000e-01	2.040816e-01	7.215375e-02	7.215375e-02
2.200000e-01	2.300000e-01	2.040816e-01	7.215375e-02	7.215375e-02
2.300000e-01	2.400000e-01	2.295918e-01	7.653061e-02	7.653061e-02
2.400000e-01	2.500000e-01	1.785714e-01	6.749366e-02	6.749366e-02
2.500000e-01	2.600000e-01	7.653061e-02	4.418497e-02	4.418497e-02
2.600000e-01	2.700000e-01	1.275510e-01	5.704255e-02	5.704255e-02
2.700000e-01	2.800000e-01	1.020408e-01	5.102041e-02	5.102041e-02
2.800000e-01	2.900000e-01	2.295918e-01	7.653061e-02	7.653061e-02
2.900000e-01	3.000000e-01	1.785714e-01	6.749366e-02	6.749366e-02
3.000000e-01	3.100000e-01	2.295918e-01	7.653061e-02	7.653061e-02
3.100000e-01	3.200000e-01	1.530612e-01	6.248698e-02	6.248698e-02
3.200000e-01	3.300000e-01	5.102041e-02	3.607688e-02	3.607688e-02
3.300000e-01	3.400000e-01	2.040816e-01	7.215375e-02	7.215375e-02
3.400000e-01	3.500000e-01	2.295918e-01	7.653061e-02	7.653061e-02
3.500000e-01	3.600000e-01	1.020408e-01	5.102041e-02	5.102041e-02
3.600000e-01	3.700000e-01	5.102041e-02	3.607688e-02	3.607688e-02
3.700000e-01	3.800000e-01	1.275510e-01	5.704255e-02	5.704255e-02
3.800000e-01	3.900000e-01	1.020408e-01	5.102041e-02	5.102041e-02
3.900000e-01	4.000000e-01	5.102041e-02	3.607688e-02	3.607688e-02
4.000000e-01	4.100000e-01	1.020408e-01	5.102041e-02	5.102041e-02
4.100000e-01	4.200000e-01	7.653061e-02	4.418497e-02	4.418497e-02
4.200000e-01	4.300000e-01	7.653061e-02	4.418497e-02	4.418497e-02
4.300000e-01	4.400000e-01	2.551020e-02	2.551020e-02	2.551020e-02
4.400000e-01	4.500000e-01	7.653061e-02	4.418497e-02	4.418497e-02
4.500000e-01	4.600000e-01	0.000000e+00	0.000000e+00	0.000000e+00
4.600000e-01	4.700000e-01	2.551020e-02	2.551020e-02	2.551020e-02
4.700000e-01	4.800000e-01	2.551020e-02	2.551020e-02	2.551020e-02
4.800000e-01	4.900000e-01	0.000000e+00	0.000000e+00	0.000000e+00
4.900000e-01	5.000000e-01	2.551020e-02	2.551020e-02	2.551020e-02
5.000000e-01	5.100000e-01	0.000000e+00	0.000000e+00	0.000000e+00
5.100000e-01	5.200000e-01	2.551020e-02	2.551020e-02	2.551020e-02
5.200000e-01	5.300000e-01	0.000000e+00	0.000000e+00	0.000000e+00
5.300000e-01	5.400000e-01	0.000000e+00	0.000000e+00	0.000000e+00
5.400000e-01	5.500000e-01	0.000000e+00	0.000000e+00	0.000000e+00
5.500000e-01	5.600000e-01	0.000000e+00	0.000000e+00	0.000000e+00
5.600000e-01	5.700000e-01	5.102041e-02	3.607688e-02	3.607688e-02
5.700000e-01	5.800000e-01	0.000000e+00	0.000000e+00	0.000000e+00
5.800000e-01	5.900000e-01	0.000000e+00	0.000000e+00	0.000000e+00
5.900000e-01	6.000000e-01	0.000000e+00	0.000000e+00	0.000000e+00
6.000000e-01	6.100000e-01	0.000000e+00	0.000000e+00	0.000000e+00
6.100000e-01	6.200000e-01	0.000000e+00	0.000000e+00	0.000000e+00
6.200000e-01	6.300000e-01	0.000000e+00	0.000000e+00	0.000000e+00
6.300000e-01	6.400000e-01	0.000000e+00	0.000000e+00	0.000000e+00
6.400000e-01	6.500000e-01	0.000000e+00	0.000000e+00	0.000000e+00
6.500000e-01	6.600000e-01	0.000000e+00	0.000000e+00	0.000000e+00
6.600000e-01	6.700000e-01	0.000000e+00	0.000000e+00	0.000000e+00
6.700000e-01	6.800000e-01	0.000000e+00	0.000000e+00	0.000000e+00
6.800000e-01	6.900000e-01	0.000000e+00	0.000000e+00	0.000000e+00
6.900000e-01	7.000000e-01	0.000000e+00	0.000000e+00	0.000000e+00
7.000000e-01	7.100000e-01	0.000000e+00	0.000000e+00	0.000000e+00
7.100000e-01	7.200000e-01	0.000000e+00	0.000000e+00	0.000000e+00
7.200000e-01	7.300000e-01	0.000000e+00	0.000000e+00	0.000000e+00
7.300000e-01	7.400000e-01	0.000000e+00	0.000000e+00	0.000000e+00
7.400000e-01	7.500000e-01	0.000000e+00	0.000000e+00	0.000000e+00
7.500000e-01	7.600000e-01	0.000000e+00	0.000000e+00	0.000000e+00
7.600000e-01	7.700000e-01	0.000000e+00	0.000000e+00	0.000000e+00
7.700000e-01	7.800000e-01	0.000000e+00	0.000000e+00	0.000000e+00
7.800000e-01	7.900000e-01	0.000000e+00	0.000000e+00	0.000000e+00
7.900000e-01	8.000000e-01	0.000000e+00	0.000000e+00	0.000000e+00
8.000000e-01	8.100000e-01	0.000000e+00	0.000000e+00	0.000000e+00
8.100000e-01	8.200000e-01	0.000000e+00	0.000000e+00	0.000000e+00
8.200000e-01	8.300000e-01	0.000000e+00	0.000000e+00	0.000000e+00
8.300000e-01	8.400000e-01	0.000000e+00	0.000000e+00	0.000000e+00
8.400000e-01	8.500000e-01	0.000000e+00	0.000000e+00	0.000000e+00
8.500000e-01	8.600000e-01	0.000000e+00	0.000000e+00	0.000000e+00
8.600000e-01	8.700000e-01	0.000000e+00	0.000000e+00	0.000000e+00
8.700000e-01	8.800000e-01	0.000000e+00	0.000000e+00	0.000000e+00
8.800000e-01	8.900000e-01	0.000000e+00	0.000000e+00	0.000000e+00
8.900000e-01	9.000000e-01	0.000000e+00	0.000000e+00	0.000000e+00
9.000000e-01	9.100000e-01	0.000000e+00	0.000000e+00	0.000000e+00
9.100000e-01	9.200000e-01	0.000000e+00	0.000000e+00	0.000000e+00
9.200000e-01	9.300000e-01	0.000000e+00	0.000000e+00	0.000000e+00
9.300000e-01	9.400000e-01	0.000000e+00	0.000000e+00	0.000000e+00
9.400000e-01	9.500000e-01	0.000000e+00	0.000000e+00	0.000000e+00
9.500000e-01	9.600000e-01	0.000000e+00	0.000000e+00	0.000000e+00
9.600000e-01	9.700000e-01	0.000000e+00	0.000000e+00	0.000000e+00
9.700000e-01	9.800000e-01	0.000000e+00	0.000000e+00	0.000000e+00
9.800000e-01	9.900000e-01	0.000000e+00	0.000000e+00	0.000000e+00
9.900000e-01	1.000000e+00	0.000000e+00	0.000000e+00	0.000000e+00
# END HISTO1D

# BEGIN HISTO1D //home/frederic/Work/Software/LesHouches2017/lh2017-alphas/rivet-analysis/quark-as012285-truth.yoda/MC_LHJSS_Zjet/Angularity_zcut_0.2_beta_1_alpha_2
LineColor=blue
LineStyle=solid
NormalizeToSum=1
Path=//home/frederic/Work/Software/LesHouches2017/lh2017-alphas/rivet-analysis/quark-as012285-truth.yoda/MC_LHJSS_Zjet/Angularity_zcut_0.2_beta_1_alpha_2
ScaledBy=6.65158972994545696e-05
Title=quark-as012285-truth
XLabel=
YLabel=
# xlow	 xhigh	 val	 errminus	 errplus
0.000000e+00	1.000000e-02	7.494346e+01	7.060405e-01	7.060405e-01
1.000000e-02	2.000000e-02	5.886657e+00	1.978778e-01	1.978778e-01
2.000000e-02	3.000000e-02	3.492085e+00	1.524071e-01	1.524071e-01
3.000000e-02	4.000000e-02	2.201676e+00	1.210151e-01	1.210151e-01
4.000000e-02	5.000000e-02	1.662897e+00	1.051709e-01	1.051709e-01
5.000000e-02	6.000000e-02	1.217241e+00	8.998104e-02	8.998104e-02
6.000000e-02	7.000000e-02	9.445257e-01	7.926284e-02	7.926284e-02
7.000000e-02	8.000000e-02	9.046162e-01	7.757020e-02	7.757020e-02
8.000000e-02	9.000000e-02	7.250233e-01	6.944463e-02	6.944463e-02
9.000000e-02	1.000000e-01	6.718106e-01	6.684765e-02	6.684765e-02
1.000000e-01	1.100000e-01	5.653851e-01	6.132463e-02	6.132463e-02
1.100000e-01	1.200000e-01	4.523081e-01	5.485041e-02	5.485041e-02
1.200000e-01	1.300000e-01	5.121724e-01	5.836747e-02	5.836747e-02
1.300000e-01	1.400000e-01	4.190502e-01	5.279536e-02	5.279536e-02
1.400000e-01	1.500000e-01	3.591858e-01	4.887900e-02	4.887900e-02
1.500000e-01	1.600000e-01	4.456565e-01	5.444561e-02	5.444561e-02
1.600000e-01	1.700000e-01	4.523081e-01	5.485041e-02	5.485041e-02
1.700000e-01	1.800000e-01	4.123986e-01	5.237467e-02	5.237467e-02
1.800000e-01	1.900000e-01	2.660636e-01	4.206835e-02	4.206835e-02
1.900000e-01	2.000000e-01	3.724890e-01	4.977594e-02	4.977594e-02
2.000000e-01	2.100000e-01	2.261541e-01	3.878510e-02	3.878510e-02
2.100000e-01	2.200000e-01	2.727152e-01	4.259095e-02	4.259095e-02
2.200000e-01	2.300000e-01	1.662897e-01	3.325795e-02	3.325795e-02
2.300000e-01	2.400000e-01	1.596382e-01	3.258601e-02	3.258601e-02
2.400000e-01	2.500000e-01	2.195025e-01	3.821047e-02	3.821047e-02
2.500000e-01	2.600000e-01	1.795929e-01	3.456267e-02	3.456267e-02
2.600000e-01	2.700000e-01	2.128509e-01	3.762708e-02	3.762708e-02
2.700000e-01	2.800000e-01	1.995477e-01	3.643225e-02	3.643225e-02
2.800000e-01	2.900000e-01	1.662897e-01	3.325795e-02	3.325795e-02
2.900000e-01	3.000000e-01	1.263802e-01	2.899361e-02	2.899361e-02
3.000000e-01	3.100000e-01	1.197286e-01	2.822030e-02	2.822030e-02
3.100000e-01	3.200000e-01	9.312226e-02	2.488797e-02	2.488797e-02
3.200000e-01	3.300000e-01	7.981908e-02	2.304178e-02	2.304178e-02
3.300000e-01	3.400000e-01	9.977385e-02	2.576150e-02	2.576150e-02
3.400000e-01	3.500000e-01	8.647067e-02	2.398265e-02	2.398265e-02
3.500000e-01	3.600000e-01	6.651590e-02	2.103417e-02	2.103417e-02
3.600000e-01	3.700000e-01	7.316749e-02	2.206083e-02	2.206083e-02
3.700000e-01	3.800000e-01	7.316749e-02	2.206083e-02	2.206083e-02
3.800000e-01	3.900000e-01	7.316749e-02	2.206083e-02	2.206083e-02
3.900000e-01	4.000000e-01	3.325795e-02	1.487341e-02	1.487341e-02
4.000000e-01	4.100000e-01	4.656113e-02	1.759845e-02	1.759845e-02
4.100000e-01	4.200000e-01	3.990954e-02	1.629300e-02	1.629300e-02
4.200000e-01	4.300000e-01	5.986431e-02	1.995477e-02	1.995477e-02
4.300000e-01	4.400000e-01	1.330318e-02	9.406768e-03	9.406768e-03
4.400000e-01	4.500000e-01	3.325795e-02	1.487341e-02	1.487341e-02
4.500000e-01	4.600000e-01	1.995477e-02	1.152089e-02	1.152089e-02
4.600000e-01	4.700000e-01	2.660636e-02	1.330318e-02	1.330318e-02
4.700000e-01	4.800000e-01	1.995477e-02	1.152089e-02	1.152089e-02
4.800000e-01	4.900000e-01	3.325795e-02	1.487341e-02	1.487341e-02
4.900000e-01	5.000000e-01	0.000000e+00	0.000000e+00	0.000000e+00
5.000000e-01	5.100000e-01	1.330318e-02	9.406768e-03	9.406768e-03
5.100000e-01	5.200000e-01	1.330318e-02	9.406768e-03	9.406768e-03
5.200000e-01	5.300000e-01	6.651590e-03	6.651590e-03	6.651590e-03
5.300000e-01	5.400000e-01	0.000000e+00	0.000000e+00	0.000000e+00
5.400000e-01	5.500000e-01	0.000000e+00	0.000000e+00	0.000000e+00
5.500000e-01	5.600000e-01	0.000000e+00	0.000000e+00	0.000000e+00
5.600000e-01	5.700000e-01	6.651590e-03	6.651590e-03	6.651590e-03
5.700000e-01	5.800000e-01	6.651590e-03	6.651590e-03	6.651590e-03
5.800000e-01	5.900000e-01	6.651590e-03	6.651590e-03	6.651590e-03
5.900000e-01	6.000000e-01	0.000000e+00	0.000000e+00	0.000000e+00
6.000000e-01	6.100000e-01	0.000000e+00	0.000000e+00	0.000000e+00
6.100000e-01	6.200000e-01	6.651590e-03	6.651590e-03	6.651590e-03
6.200000e-01	6.300000e-01	0.000000e+00	0.000000e+00	0.000000e+00
6.300000e-01	6.400000e-01	0.000000e+00	0.000000e+00	0.000000e+00
6.400000e-01	6.500000e-01	0.000000e+00	0.000000e+00	0.000000e+00
6.500000e-01	6.600000e-01	0.000000e+00	0.000000e+00	0.000000e+00
6.600000e-01	6.700000e-01	0.000000e+00	0.000000e+00	0.000000e+00
6.700000e-01	6.800000e-01	0.000000e+00	0.000000e+00	0.000000e+00
6.800000e-01	6.900000e-01	0.000000e+00	0.000000e+00	0.000000e+00
6.900000e-01	7.000000e-01	6.651590e-03	6.651590e-03	6.651590e-03
7.000000e-01	7.100000e-01	0.000000e+00	0.000000e+00	0.000000e+00
7.100000e-01	7.200000e-01	0.000000e+00	0.000000e+00	0.000000e+00
7.200000e-01	7.300000e-01	0.000000e+00	0.000000e+00	0.000000e+00
7.300000e-01	7.400000e-01	0.000000e+00	0.000000e+00	0.000000e+00
7.400000e-01	7.500000e-01	6.651590e-03	6.651590e-03	6.651590e-03
7.500000e-01	7.600000e-01	0.000000e+00	0.000000e+00	0.000000e+00
7.600000e-01	7.700000e-01	0.000000e+00	0.000000e+00	0.000000e+00
7.700000e-01	7.800000e-01	0.000000e+00	0.000000e+00	0.000000e+00
7.800000e-01	7.900000e-01	0.000000e+00	0.000000e+00	0.000000e+00
7.900000e-01	8.000000e-01	0.000000e+00	0.000000e+00	0.000000e+00
8.000000e-01	8.100000e-01	0.000000e+00	0.000000e+00	0.000000e+00
8.100000e-01	8.200000e-01	0.000000e+00	0.000000e+00	0.000000e+00
8.200000e-01	8.300000e-01	0.000000e+00	0.000000e+00	0.000000e+00
8.300000e-01	8.400000e-01	0.000000e+00	0.000000e+00	0.000000e+00
8.400000e-01	8.500000e-01	0.000000e+00	0.000000e+00	0.000000e+00
8.500000e-01	8.600000e-01	0.000000e+00	0.000000e+00	0.000000e+00
8.600000e-01	8.700000e-01	0.000000e+00	0.000000e+00	0.000000e+00
8.700000e-01	8.800000e-01	0.000000e+00	0.000000e+00	0.000000e+00
8.800000e-01	8.900000e-01	0.000000e+00	0.000000e+00	0.000000e+00
8.900000e-01	9.000000e-01	0.000000e+00	0.000000e+00	0.000000e+00
9.000000e-01	9.100000e-01	0.000000e+00	0.000000e+00	0.000000e+00
9.100000e-01	9.200000e-01	0.000000e+00	0.000000e+00	0.000000e+00
9.200000e-01	9.300000e-01	0.000000e+00	0.000000e+00	0.000000e+00
9.300000e-01	9.400000e-01	0.000000e+00	0.000000e+00	0.000000e+00
9.400000e-01	9.500000e-01	0.000000e+00	0.000000e+00	0.000000e+00
9.500000e-01	9.600000e-01	0.000000e+00	0.000000e+00	0.000000e+00
9.600000e-01	9.700000e-01	0.000000e+00	0.000000e+00	0.000000e+00
9.700000e-01	9.800000e-01	0.000000e+00	0.000000e+00	0.000000e+00
9.800000e-01	9.900000e-01	0.000000e+00	0.000000e+00	0.000000e+00
9.900000e-01	1.000000e+00	0.000000e+00	0.000000e+00	0.000000e+00
# END HISTO1D

# BEGIN HISTO1D //home/frederic/Work/Software/LesHouches2017/lh2017-alphas/rivet-analysis/quark-as015015-truth.yoda/MC_LHJSS_Zjet/Angularity_zcut_0.2_beta_1_alpha_2
LineColor=green
LineStyle=solid
NormalizeToSum=1
Path=//home/frederic/Work/Software/LesHouches2017/lh2017-alphas/rivet-analysis/quark-as015015-truth.yoda/MC_LHJSS_Zjet/Angularity_zcut_0.2_beta_1_alpha_2
ScaledBy=6.23130608175473529e-05
Title=quark-as015015-truth
XLabel=
YLabel=
# xlow	 xhigh	 val	 errminus	 errplus
0.000000e+00	1.000000e-02	7.009596e+01	6.609004e-01	6.609004e-01
1.000000e-02	2.000000e-02	7.091226e+00	2.102085e-01	2.102085e-01
2.000000e-02	3.000000e-02	3.707627e+00	1.519979e-01	1.519979e-01
3.000000e-02	4.000000e-02	2.610917e+00	1.275516e-01	1.275516e-01
4.000000e-02	5.000000e-02	1.875623e+00	1.081091e-01	1.081091e-01
5.000000e-02	6.000000e-02	1.451894e+00	9.511676e-02	9.511676e-02
6.000000e-02	7.000000e-02	1.514207e+00	9.713645e-02	9.713645e-02
7.000000e-02	8.000000e-02	1.071785e+00	8.172281e-02	8.172281e-02
8.000000e-02	9.000000e-02	7.976072e-01	7.049918e-02	7.049918e-02
9.000000e-02	1.000000e-01	7.352941e-01	6.768931e-02	6.768931e-02
1.000000e-01	1.100000e-01	6.916750e-01	6.565088e-02	6.565088e-02
1.100000e-01	1.200000e-01	6.106680e-01	6.168678e-02	6.168678e-02
1.200000e-01	1.300000e-01	6.231306e-01	6.231306e-02	6.231306e-02
1.300000e-01	1.400000e-01	5.358923e-01	5.778675e-02	5.778675e-02
1.400000e-01	1.500000e-01	5.919741e-01	6.073526e-02	6.073526e-02
1.500000e-01	1.600000e-01	4.985045e-01	5.573450e-02	5.573450e-02
1.600000e-01	1.700000e-01	4.174975e-01	5.100544e-02	5.100544e-02
1.700000e-01	1.800000e-01	5.109671e-01	5.642687e-02	5.642687e-02
1.800000e-01	1.900000e-01	3.302592e-01	4.536459e-02	4.536459e-02
1.900000e-01	2.000000e-01	2.928714e-01	4.271968e-02	4.271968e-02
2.000000e-01	2.100000e-01	2.741775e-01	4.133381e-02	4.133381e-02
2.100000e-01	2.200000e-01	3.364905e-01	4.579056e-02	4.579056e-02
2.200000e-01	2.300000e-01	2.554835e-01	3.989982e-02	3.989982e-02
2.300000e-01	2.400000e-01	3.115653e-01	4.406199e-02	4.406199e-02
2.400000e-01	2.500000e-01	2.492522e-01	3.941024e-02	3.941024e-02
2.500000e-01	2.600000e-01	2.991027e-01	4.317175e-02	4.317175e-02
2.600000e-01	2.700000e-01	1.620140e-01	3.177356e-02	3.177356e-02
2.700000e-01	2.800000e-01	1.994018e-01	3.524960e-02	3.524960e-02
2.800000e-01	2.900000e-01	1.994018e-01	3.524960e-02	3.524960e-02
2.900000e-01	3.000000e-01	1.183948e-01	2.716163e-02	2.716163e-02
3.000000e-01	3.100000e-01	1.620140e-01	3.177356e-02	3.177356e-02
3.100000e-01	3.200000e-01	1.121635e-01	2.643719e-02	2.643719e-02
3.200000e-01	3.300000e-01	1.183948e-01	2.716163e-02	2.716163e-02
3.300000e-01	3.400000e-01	1.121635e-01	2.643719e-02	2.643719e-02
3.400000e-01	3.500000e-01	1.246261e-01	2.786725e-02	2.786725e-02
3.500000e-01	3.600000e-01	1.744766e-01	3.297297e-02	3.297297e-02
3.600000e-01	3.700000e-01	8.100698e-02	2.246729e-02	2.246729e-02
3.700000e-01	3.800000e-01	4.985045e-02	1.762480e-02	1.762480e-02
3.800000e-01	3.900000e-01	6.231306e-02	1.970512e-02	1.970512e-02
3.900000e-01	4.000000e-01	6.854437e-02	2.066690e-02	2.066690e-02
4.000000e-01	4.100000e-01	4.985045e-02	1.762480e-02	1.762480e-02
4.100000e-01	4.200000e-01	6.231306e-02	1.970512e-02	1.970512e-02
4.200000e-01	4.300000e-01	6.231306e-02	1.970512e-02	1.970512e-02
4.300000e-01	4.400000e-01	4.361914e-02	1.648649e-02	1.648649e-02
4.400000e-01	4.500000e-01	3.115653e-02	1.393362e-02	1.393362e-02
4.500000e-01	4.600000e-01	4.361914e-02	1.648649e-02	1.648649e-02
4.600000e-01	4.700000e-01	1.246261e-02	8.812398e-03	8.812398e-03
4.700000e-01	4.800000e-01	2.492522e-02	1.246261e-02	1.246261e-02
4.800000e-01	4.900000e-01	2.492522e-02	1.246261e-02	1.246261e-02
4.900000e-01	5.000000e-01	1.246261e-02	8.812398e-03	8.812398e-03
5.000000e-01	5.100000e-01	1.869392e-02	1.079294e-02	1.079294e-02
5.100000e-01	5.200000e-01	1.246261e-02	8.812398e-03	8.812398e-03
5.200000e-01	5.300000e-01	6.231306e-03	6.231306e-03	6.231306e-03
5.300000e-01	5.400000e-01	2.492522e-02	1.246261e-02	1.246261e-02
5.400000e-01	5.500000e-01	0.000000e+00	0.000000e+00	0.000000e+00
5.500000e-01	5.600000e-01	1.869392e-02	1.079294e-02	1.079294e-02
5.600000e-01	5.700000e-01	0.000000e+00	0.000000e+00	0.000000e+00
5.700000e-01	5.800000e-01	0.000000e+00	0.000000e+00	0.000000e+00
5.800000e-01	5.900000e-01	0.000000e+00	0.000000e+00	0.000000e+00
5.900000e-01	6.000000e-01	0.000000e+00	0.000000e+00	0.000000e+00
6.000000e-01	6.100000e-01	6.231306e-03	6.231306e-03	6.231306e-03
6.100000e-01	6.200000e-01	0.000000e+00	0.000000e+00	0.000000e+00
6.200000e-01	6.300000e-01	6.231306e-03	6.231306e-03	6.231306e-03
6.300000e-01	6.400000e-01	0.000000e+00	0.000000e+00	0.000000e+00
6.400000e-01	6.500000e-01	0.000000e+00	0.000000e+00	0.000000e+00
6.500000e-01	6.600000e-01	0.000000e+00	0.000000e+00	0.000000e+00
6.600000e-01	6.700000e-01	0.000000e+00	0.000000e+00	0.000000e+00
6.700000e-01	6.800000e-01	0.000000e+00	0.000000e+00	0.000000e+00
6.800000e-01	6.900000e-01	0.000000e+00	0.000000e+00	0.000000e+00
6.900000e-01	7.000000e-01	0.000000e+00	0.000000e+00	0.000000e+00
7.000000e-01	7.100000e-01	0.000000e+00	0.000000e+00	0.000000e+00
7.100000e-01	7.200000e-01	0.000000e+00	0.000000e+00	0.000000e+00
7.200000e-01	7.300000e-01	0.000000e+00	0.000000e+00	0.000000e+00
7.300000e-01	7.400000e-01	6.231306e-03	6.231306e-03	6.231306e-03
7.400000e-01	7.500000e-01	0.000000e+00	0.000000e+00	0.000000e+00
7.500000e-01	7.600000e-01	0.000000e+00	0.000000e+00	0.000000e+00
7.600000e-01	7.700000e-01	0.000000e+00	0.000000e+00	0.000000e+00
7.700000e-01	7.800000e-01	0.000000e+00	0.000000e+00	0.000000e+00
7.800000e-01	7.900000e-01	0.000000e+00	0.000000e+00	0.000000e+00
7.900000e-01	8.000000e-01	0.000000e+00	0.000000e+00	0.000000e+00
8.000000e-01	8.100000e-01	0.000000e+00	0.000000e+00	0.000000e+00
8.100000e-01	8.200000e-01	0.000000e+00	0.000000e+00	0.000000e+00
8.200000e-01	8.300000e-01	0.000000e+00	0.000000e+00	0.000000e+00
8.300000e-01	8.400000e-01	0.000000e+00	0.000000e+00	0.000000e+00
8.400000e-01	8.500000e-01	0.000000e+00	0.000000e+00	0.000000e+00
8.500000e-01	8.600000e-01	0.000000e+00	0.000000e+00	0.000000e+00
8.600000e-01	8.700000e-01	0.000000e+00	0.000000e+00	0.000000e+00
8.700000e-01	8.800000e-01	0.000000e+00	0.000000e+00	0.000000e+00
8.800000e-01	8.900000e-01	0.000000e+00	0.000000e+00	0.000000e+00
8.900000e-01	9.000000e-01	0.000000e+00	0.000000e+00	0.000000e+00
9.000000e-01	9.100000e-01	0.000000e+00	0.000000e+00	0.000000e+00
9.100000e-01	9.200000e-01	0.000000e+00	0.000000e+00	0.000000e+00
9.200000e-01	9.300000e-01	0.000000e+00	0.000000e+00	0.000000e+00
9.300000e-01	9.400000e-01	0.000000e+00	0.000000e+00	0.000000e+00
9.400000e-01	9.500000e-01	0.000000e+00	0.000000e+00	0.000000e+00
9.500000e-01	9.600000e-01	0.000000e+00	0.000000e+00	0.000000e+00
9.600000e-01	9.700000e-01	0.000000e+00	0.000000e+00	0.000000e+00
9.700000e-01	9.800000e-01	0.000000e+00	0.000000e+00	0.000000e+00
9.800000e-01	9.900000e-01	0.000000e+00	0.000000e+00	0.000000e+00
9.900000e-01	1.000000e+00	0.000000e+00	0.000000e+00	0.000000e+00
# END HISTO1D

