# BEGIN PLOT
RatioPlotYLabel=Ratio
LegendOnly=//home/frederic/Work/Software/LesHouches2017/lh2017-alphas/rivet-analysis/quark-as013650-truth.yoda/MC_LHJSS_Zjet/Angularity_zcut_0.05_beta_1_alpha_2 //home/frederic/Work/Software/LesHouches2017/lh2017-alphas/rivet-analysis/quark-as012285-truth.yoda/MC_LHJSS_Zjet/Angularity_zcut_0.05_beta_1_alpha_2 //home/frederic/Work/Software/LesHouches2017/lh2017-alphas/rivet-analysis/quark-as015015-truth.yoda/MC_LHJSS_Zjet/Angularity_zcut_0.05_beta_1_alpha_2
XLabel=$e_\alpha$
RatioPlotReference=//home/frederic/Work/Software/LesHouches2017/lh2017-alphas/rivet-analysis/quark-as013650-truth.yoda/MC_LHJSS_Zjet/Angularity_zcut_0.05_beta_1_alpha_2
YLabel=$1/\sigma \text{d}\sigma/\text{d}e_{\alpha}$
DrawOnly=//home/frederic/Work/Software/LesHouches2017/lh2017-alphas/rivet-analysis/quark-as013650-truth.yoda/MC_LHJSS_Zjet/Angularity_zcut_0.05_beta_1_alpha_2 //home/frederic/Work/Software/LesHouches2017/lh2017-alphas/rivet-analysis/quark-as012285-truth.yoda/MC_LHJSS_Zjet/Angularity_zcut_0.05_beta_1_alpha_2 //home/frederic/Work/Software/LesHouches2017/lh2017-alphas/rivet-analysis/quark-as015015-truth.yoda/MC_LHJSS_Zjet/Angularity_zcut_0.05_beta_1_alpha_2
RatioPlot=1
Title=Angularity, $\alpha$ = 2 $z_{cut}$ = 0.05 $\beta$ = 1
Legend=1
LogY=0
# END PLOT

# BEGIN HISTO1D //home/frederic/Work/Software/LesHouches2017/lh2017-alphas/rivet-analysis/quark-as013650-truth.yoda/MC_LHJSS_Zjet/Angularity_zcut_0.05_beta_1_alpha_2
LineColor=red
LineStyle=solid
NormalizeToSum=1
Path=//home/frederic/Work/Software/LesHouches2017/lh2017-alphas/rivet-analysis/quark-as013650-truth.yoda/MC_LHJSS_Zjet/Angularity_zcut_0.05_beta_1_alpha_2
ScaledBy=2.55102040816326554e-04
Title=quark-as013650-truth
XLabel=
YLabel=
# xlow	 xhigh	 val	 errminus	 errplus
0.000000e+00	1.000000e-02	5.890306e+01	1.225818e+00	1.225818e+00
1.000000e-02	2.000000e-02	9.260204e+00	4.860347e-01	4.860347e-01
2.000000e-02	3.000000e-02	5.229592e+00	3.652506e-01	3.652506e-01
3.000000e-02	4.000000e-02	4.081633e+00	3.226814e-01	3.226814e-01
4.000000e-02	5.000000e-02	3.877551e+00	3.145109e-01	3.145109e-01
5.000000e-02	6.000000e-02	1.913265e+00	2.209249e-01	2.209249e-01
6.000000e-02	7.000000e-02	2.066327e+00	2.295918e-01	2.295918e-01
7.000000e-02	8.000000e-02	1.811224e+00	2.149528e-01	2.149528e-01
8.000000e-02	9.000000e-02	1.428571e+00	1.909009e-01	1.909009e-01
9.000000e-02	1.000000e-01	1.122449e+00	1.692155e-01	1.692155e-01
1.000000e-01	1.100000e-01	1.096939e+00	1.672816e-01	1.672816e-01
1.100000e-01	1.200000e-01	1.096939e+00	1.672816e-01	1.672816e-01
1.200000e-01	1.300000e-01	6.887755e-01	1.325549e-01	1.325549e-01
1.300000e-01	1.400000e-01	6.887755e-01	1.325549e-01	1.325549e-01
1.400000e-01	1.500000e-01	6.632653e-01	1.300770e-01	1.300770e-01
1.500000e-01	1.600000e-01	5.612245e-01	1.196535e-01	1.196535e-01
1.600000e-01	1.700000e-01	5.357143e-01	1.169024e-01	1.169024e-01
1.700000e-01	1.800000e-01	4.336735e-01	1.051813e-01	1.051813e-01
1.800000e-01	1.900000e-01	4.591837e-01	1.082306e-01	1.082306e-01
1.900000e-01	2.000000e-01	3.061224e-01	8.836994e-02	8.836994e-02
2.000000e-01	2.100000e-01	2.806122e-01	8.460778e-02	8.460778e-02
2.100000e-01	2.200000e-01	2.551020e-01	8.067035e-02	8.067035e-02
2.200000e-01	2.300000e-01	1.785714e-01	6.749366e-02	6.749366e-02
2.300000e-01	2.400000e-01	2.295918e-01	7.653061e-02	7.653061e-02
2.400000e-01	2.500000e-01	1.785714e-01	6.749366e-02	6.749366e-02
2.500000e-01	2.600000e-01	1.020408e-01	5.102041e-02	5.102041e-02
2.600000e-01	2.700000e-01	1.275510e-01	5.704255e-02	5.704255e-02
2.700000e-01	2.800000e-01	1.020408e-01	5.102041e-02	5.102041e-02
2.800000e-01	2.900000e-01	2.295918e-01	7.653061e-02	7.653061e-02
2.900000e-01	3.000000e-01	1.785714e-01	6.749366e-02	6.749366e-02
3.000000e-01	3.100000e-01	2.551020e-01	8.067035e-02	8.067035e-02
3.100000e-01	3.200000e-01	2.040816e-01	7.215375e-02	7.215375e-02
3.200000e-01	3.300000e-01	5.102041e-02	3.607688e-02	3.607688e-02
3.300000e-01	3.400000e-01	2.040816e-01	7.215375e-02	7.215375e-02
3.400000e-01	3.500000e-01	2.551020e-01	8.067035e-02	8.067035e-02
3.500000e-01	3.600000e-01	1.020408e-01	5.102041e-02	5.102041e-02
3.600000e-01	3.700000e-01	5.102041e-02	3.607688e-02	3.607688e-02
3.700000e-01	3.800000e-01	1.275510e-01	5.704255e-02	5.704255e-02
3.800000e-01	3.900000e-01	1.020408e-01	5.102041e-02	5.102041e-02
3.900000e-01	4.000000e-01	2.551020e-02	2.551020e-02	2.551020e-02
4.000000e-01	4.100000e-01	1.020408e-01	5.102041e-02	5.102041e-02
4.100000e-01	4.200000e-01	7.653061e-02	4.418497e-02	4.418497e-02
4.200000e-01	4.300000e-01	7.653061e-02	4.418497e-02	4.418497e-02
4.300000e-01	4.400000e-01	2.551020e-02	2.551020e-02	2.551020e-02
4.400000e-01	4.500000e-01	7.653061e-02	4.418497e-02	4.418497e-02
4.500000e-01	4.600000e-01	0.000000e+00	0.000000e+00	0.000000e+00
4.600000e-01	4.700000e-01	2.551020e-02	2.551020e-02	2.551020e-02
4.700000e-01	4.800000e-01	2.551020e-02	2.551020e-02	2.551020e-02
4.800000e-01	4.900000e-01	0.000000e+00	0.000000e+00	0.000000e+00
4.900000e-01	5.000000e-01	5.102041e-02	3.607688e-02	3.607688e-02
5.000000e-01	5.100000e-01	0.000000e+00	0.000000e+00	0.000000e+00
5.100000e-01	5.200000e-01	2.551020e-02	2.551020e-02	2.551020e-02
5.200000e-01	5.300000e-01	0.000000e+00	0.000000e+00	0.000000e+00
5.300000e-01	5.400000e-01	0.000000e+00	0.000000e+00	0.000000e+00
5.400000e-01	5.500000e-01	0.000000e+00	0.000000e+00	0.000000e+00
5.500000e-01	5.600000e-01	0.000000e+00	0.000000e+00	0.000000e+00
5.600000e-01	5.700000e-01	5.102041e-02	3.607688e-02	3.607688e-02
5.700000e-01	5.800000e-01	0.000000e+00	0.000000e+00	0.000000e+00
5.800000e-01	5.900000e-01	0.000000e+00	0.000000e+00	0.000000e+00
5.900000e-01	6.000000e-01	0.000000e+00	0.000000e+00	0.000000e+00
6.000000e-01	6.100000e-01	0.000000e+00	0.000000e+00	0.000000e+00
6.100000e-01	6.200000e-01	0.000000e+00	0.000000e+00	0.000000e+00
6.200000e-01	6.300000e-01	0.000000e+00	0.000000e+00	0.000000e+00
6.300000e-01	6.400000e-01	0.000000e+00	0.000000e+00	0.000000e+00
6.400000e-01	6.500000e-01	0.000000e+00	0.000000e+00	0.000000e+00
6.500000e-01	6.600000e-01	0.000000e+00	0.000000e+00	0.000000e+00
6.600000e-01	6.700000e-01	0.000000e+00	0.000000e+00	0.000000e+00
6.700000e-01	6.800000e-01	0.000000e+00	0.000000e+00	0.000000e+00
6.800000e-01	6.900000e-01	0.000000e+00	0.000000e+00	0.000000e+00
6.900000e-01	7.000000e-01	0.000000e+00	0.000000e+00	0.000000e+00
7.000000e-01	7.100000e-01	0.000000e+00	0.000000e+00	0.000000e+00
7.100000e-01	7.200000e-01	0.000000e+00	0.000000e+00	0.000000e+00
7.200000e-01	7.300000e-01	0.000000e+00	0.000000e+00	0.000000e+00
7.300000e-01	7.400000e-01	0.000000e+00	0.000000e+00	0.000000e+00
7.400000e-01	7.500000e-01	0.000000e+00	0.000000e+00	0.000000e+00
7.500000e-01	7.600000e-01	0.000000e+00	0.000000e+00	0.000000e+00
7.600000e-01	7.700000e-01	0.000000e+00	0.000000e+00	0.000000e+00
7.700000e-01	7.800000e-01	0.000000e+00	0.000000e+00	0.000000e+00
7.800000e-01	7.900000e-01	0.000000e+00	0.000000e+00	0.000000e+00
7.900000e-01	8.000000e-01	0.000000e+00	0.000000e+00	0.000000e+00
8.000000e-01	8.100000e-01	0.000000e+00	0.000000e+00	0.000000e+00
8.100000e-01	8.200000e-01	0.000000e+00	0.000000e+00	0.000000e+00
8.200000e-01	8.300000e-01	0.000000e+00	0.000000e+00	0.000000e+00
8.300000e-01	8.400000e-01	0.000000e+00	0.000000e+00	0.000000e+00
8.400000e-01	8.500000e-01	0.000000e+00	0.000000e+00	0.000000e+00
8.500000e-01	8.600000e-01	0.000000e+00	0.000000e+00	0.000000e+00
8.600000e-01	8.700000e-01	0.000000e+00	0.000000e+00	0.000000e+00
8.700000e-01	8.800000e-01	0.000000e+00	0.000000e+00	0.000000e+00
8.800000e-01	8.900000e-01	0.000000e+00	0.000000e+00	0.000000e+00
8.900000e-01	9.000000e-01	0.000000e+00	0.000000e+00	0.000000e+00
9.000000e-01	9.100000e-01	0.000000e+00	0.000000e+00	0.000000e+00
9.100000e-01	9.200000e-01	0.000000e+00	0.000000e+00	0.000000e+00
9.200000e-01	9.300000e-01	0.000000e+00	0.000000e+00	0.000000e+00
9.300000e-01	9.400000e-01	0.000000e+00	0.000000e+00	0.000000e+00
9.400000e-01	9.500000e-01	0.000000e+00	0.000000e+00	0.000000e+00
9.500000e-01	9.600000e-01	0.000000e+00	0.000000e+00	0.000000e+00
9.600000e-01	9.700000e-01	0.000000e+00	0.000000e+00	0.000000e+00
9.700000e-01	9.800000e-01	0.000000e+00	0.000000e+00	0.000000e+00
9.800000e-01	9.900000e-01	0.000000e+00	0.000000e+00	0.000000e+00
9.900000e-01	1.000000e+00	0.000000e+00	0.000000e+00	0.000000e+00
# END HISTO1D

# BEGIN HISTO1D //home/frederic/Work/Software/LesHouches2017/lh2017-alphas/rivet-analysis/quark-as012285-truth.yoda/MC_LHJSS_Zjet/Angularity_zcut_0.05_beta_1_alpha_2
LineColor=blue
LineStyle=solid
NormalizeToSum=1
Path=//home/frederic/Work/Software/LesHouches2017/lh2017-alphas/rivet-analysis/quark-as012285-truth.yoda/MC_LHJSS_Zjet/Angularity_zcut_0.05_beta_1_alpha_2
ScaledBy=6.65158972994545696e-05
Title=quark-as012285-truth
XLabel=
YLabel=
# xlow	 xhigh	 val	 errminus	 errplus
0.000000e+00	1.000000e-02	6.217906e+01	6.431093e-01	6.431093e-01
1.000000e-02	2.000000e-02	8.228016e+00	2.339431e-01	2.339431e-01
2.000000e-02	3.000000e-02	5.554077e+00	1.922068e-01	1.922068e-01
3.000000e-02	4.000000e-02	3.897832e+00	1.610179e-01	1.610179e-01
4.000000e-02	5.000000e-02	2.920048e+00	1.393663e-01	1.393663e-01
5.000000e-02	6.000000e-02	2.281495e+00	1.231892e-01	1.231892e-01
6.000000e-02	7.000000e-02	1.742717e+00	1.076654e-01	1.076654e-01
7.000000e-02	8.000000e-02	1.529866e+00	1.008764e-01	1.008764e-01
8.000000e-02	9.000000e-02	1.257150e+00	9.144424e-02	9.144424e-02
9.000000e-02	1.000000e-01	1.090861e+00	8.518191e-02	8.518191e-02
1.000000e-01	1.100000e-01	9.245710e-01	7.842109e-02	7.842109e-02
1.100000e-01	1.200000e-01	7.981908e-01	7.286452e-02	7.286452e-02
1.200000e-01	1.300000e-01	7.582812e-01	7.101955e-02	7.101955e-02
1.300000e-01	1.400000e-01	5.786883e-01	6.204190e-02	6.204190e-02
1.400000e-01	1.500000e-01	5.387788e-01	5.986430e-02	5.986430e-02
1.500000e-01	1.600000e-01	6.319010e-01	6.483167e-02	6.483167e-02
1.600000e-01	1.700000e-01	5.121724e-01	5.836747e-02	5.836747e-02
1.700000e-01	1.800000e-01	4.855661e-01	5.683121e-02	5.683121e-02
1.800000e-01	1.900000e-01	3.791406e-01	5.021840e-02	5.021840e-02
1.900000e-01	2.000000e-01	3.924438e-01	5.109183e-02	5.109183e-02
2.000000e-01	2.100000e-01	2.594120e-01	4.153916e-02	4.153916e-02
2.100000e-01	2.200000e-01	3.126247e-01	4.560100e-02	4.560100e-02
2.200000e-01	2.300000e-01	1.995477e-01	3.643225e-02	3.643225e-02
2.300000e-01	2.400000e-01	1.729413e-01	3.391659e-02	3.391659e-02
2.400000e-01	2.500000e-01	2.261541e-01	3.878510e-02	3.878510e-02
2.500000e-01	2.600000e-01	1.928961e-01	3.581991e-02	3.581991e-02
2.600000e-01	2.700000e-01	2.195025e-01	3.821047e-02	3.821047e-02
2.700000e-01	2.800000e-01	2.195025e-01	3.821047e-02	3.821047e-02
2.800000e-01	2.900000e-01	1.862445e-01	3.519690e-02	3.519690e-02
2.900000e-01	3.000000e-01	1.330318e-01	2.974681e-02	2.974681e-02
3.000000e-01	3.100000e-01	1.263802e-01	2.899361e-02	2.899361e-02
3.100000e-01	3.200000e-01	9.312226e-02	2.488797e-02	2.488797e-02
3.200000e-01	3.300000e-01	9.312226e-02	2.488797e-02	2.488797e-02
3.300000e-01	3.400000e-01	1.064254e-01	2.660636e-02	2.660636e-02
3.400000e-01	3.500000e-01	8.647067e-02	2.398265e-02	2.398265e-02
3.500000e-01	3.600000e-01	6.651590e-02	2.103417e-02	2.103417e-02
3.600000e-01	3.700000e-01	7.316749e-02	2.206083e-02	2.206083e-02
3.700000e-01	3.800000e-01	7.316749e-02	2.206083e-02	2.206083e-02
3.800000e-01	3.900000e-01	7.316749e-02	2.206083e-02	2.206083e-02
3.900000e-01	4.000000e-01	3.325795e-02	1.487341e-02	1.487341e-02
4.000000e-01	4.100000e-01	5.321272e-02	1.881354e-02	1.881354e-02
4.100000e-01	4.200000e-01	3.990954e-02	1.629300e-02	1.629300e-02
4.200000e-01	4.300000e-01	5.986431e-02	1.995477e-02	1.995477e-02
4.300000e-01	4.400000e-01	1.330318e-02	9.406768e-03	9.406768e-03
4.400000e-01	4.500000e-01	3.325795e-02	1.487341e-02	1.487341e-02
4.500000e-01	4.600000e-01	1.995477e-02	1.152089e-02	1.152089e-02
4.600000e-01	4.700000e-01	2.660636e-02	1.330318e-02	1.330318e-02
4.700000e-01	4.800000e-01	1.995477e-02	1.152089e-02	1.152089e-02
4.800000e-01	4.900000e-01	3.325795e-02	1.487341e-02	1.487341e-02
4.900000e-01	5.000000e-01	0.000000e+00	0.000000e+00	0.000000e+00
5.000000e-01	5.100000e-01	1.330318e-02	9.406768e-03	9.406768e-03
5.100000e-01	5.200000e-01	1.330318e-02	9.406768e-03	9.406768e-03
5.200000e-01	5.300000e-01	6.651590e-03	6.651590e-03	6.651590e-03
5.300000e-01	5.400000e-01	0.000000e+00	0.000000e+00	0.000000e+00
5.400000e-01	5.500000e-01	0.000000e+00	0.000000e+00	0.000000e+00
5.500000e-01	5.600000e-01	0.000000e+00	0.000000e+00	0.000000e+00
5.600000e-01	5.700000e-01	6.651590e-03	6.651590e-03	6.651590e-03
5.700000e-01	5.800000e-01	6.651590e-03	6.651590e-03	6.651590e-03
5.800000e-01	5.900000e-01	6.651590e-03	6.651590e-03	6.651590e-03
5.900000e-01	6.000000e-01	0.000000e+00	0.000000e+00	0.000000e+00
6.000000e-01	6.100000e-01	0.000000e+00	0.000000e+00	0.000000e+00
6.100000e-01	6.200000e-01	6.651590e-03	6.651590e-03	6.651590e-03
6.200000e-01	6.300000e-01	0.000000e+00	0.000000e+00	0.000000e+00
6.300000e-01	6.400000e-01	0.000000e+00	0.000000e+00	0.000000e+00
6.400000e-01	6.500000e-01	0.000000e+00	0.000000e+00	0.000000e+00
6.500000e-01	6.600000e-01	0.000000e+00	0.000000e+00	0.000000e+00
6.600000e-01	6.700000e-01	0.000000e+00	0.000000e+00	0.000000e+00
6.700000e-01	6.800000e-01	0.000000e+00	0.000000e+00	0.000000e+00
6.800000e-01	6.900000e-01	0.000000e+00	0.000000e+00	0.000000e+00
6.900000e-01	7.000000e-01	6.651590e-03	6.651590e-03	6.651590e-03
7.000000e-01	7.100000e-01	0.000000e+00	0.000000e+00	0.000000e+00
7.100000e-01	7.200000e-01	0.000000e+00	0.000000e+00	0.000000e+00
7.200000e-01	7.300000e-01	0.000000e+00	0.000000e+00	0.000000e+00
7.300000e-01	7.400000e-01	0.000000e+00	0.000000e+00	0.000000e+00
7.400000e-01	7.500000e-01	6.651590e-03	6.651590e-03	6.651590e-03
7.500000e-01	7.600000e-01	0.000000e+00	0.000000e+00	0.000000e+00
7.600000e-01	7.700000e-01	0.000000e+00	0.000000e+00	0.000000e+00
7.700000e-01	7.800000e-01	0.000000e+00	0.000000e+00	0.000000e+00
7.800000e-01	7.900000e-01	0.000000e+00	0.000000e+00	0.000000e+00
7.900000e-01	8.000000e-01	0.000000e+00	0.000000e+00	0.000000e+00
8.000000e-01	8.100000e-01	0.000000e+00	0.000000e+00	0.000000e+00
8.100000e-01	8.200000e-01	0.000000e+00	0.000000e+00	0.000000e+00
8.200000e-01	8.300000e-01	0.000000e+00	0.000000e+00	0.000000e+00
8.300000e-01	8.400000e-01	0.000000e+00	0.000000e+00	0.000000e+00
8.400000e-01	8.500000e-01	0.000000e+00	0.000000e+00	0.000000e+00
8.500000e-01	8.600000e-01	0.000000e+00	0.000000e+00	0.000000e+00
8.600000e-01	8.700000e-01	0.000000e+00	0.000000e+00	0.000000e+00
8.700000e-01	8.800000e-01	0.000000e+00	0.000000e+00	0.000000e+00
8.800000e-01	8.900000e-01	0.000000e+00	0.000000e+00	0.000000e+00
8.900000e-01	9.000000e-01	0.000000e+00	0.000000e+00	0.000000e+00
9.000000e-01	9.100000e-01	0.000000e+00	0.000000e+00	0.000000e+00
9.100000e-01	9.200000e-01	0.000000e+00	0.000000e+00	0.000000e+00
9.200000e-01	9.300000e-01	0.000000e+00	0.000000e+00	0.000000e+00
9.300000e-01	9.400000e-01	0.000000e+00	0.000000e+00	0.000000e+00
9.400000e-01	9.500000e-01	0.000000e+00	0.000000e+00	0.000000e+00
9.500000e-01	9.600000e-01	0.000000e+00	0.000000e+00	0.000000e+00
9.600000e-01	9.700000e-01	0.000000e+00	0.000000e+00	0.000000e+00
9.700000e-01	9.800000e-01	0.000000e+00	0.000000e+00	0.000000e+00
9.800000e-01	9.900000e-01	0.000000e+00	0.000000e+00	0.000000e+00
9.900000e-01	1.000000e+00	0.000000e+00	0.000000e+00	0.000000e+00
# END HISTO1D

# BEGIN HISTO1D //home/frederic/Work/Software/LesHouches2017/lh2017-alphas/rivet-analysis/quark-as015015-truth.yoda/MC_LHJSS_Zjet/Angularity_zcut_0.05_beta_1_alpha_2
LineColor=green
LineStyle=solid
NormalizeToSum=1
Path=//home/frederic/Work/Software/LesHouches2017/lh2017-alphas/rivet-analysis/quark-as015015-truth.yoda/MC_LHJSS_Zjet/Angularity_zcut_0.05_beta_1_alpha_2
ScaledBy=6.23130608175473529e-05
Title=quark-as015015-truth
XLabel=
YLabel=
# xlow	 xhigh	 val	 errminus	 errplus
0.000000e+00	1.000000e-02	5.298480e+01	5.745994e-01	5.745994e-01
1.000000e-02	2.000000e-02	1.035020e+01	2.539592e-01	2.539592e-01
2.000000e-02	3.000000e-02	6.412014e+00	1.998880e-01	1.998880e-01
3.000000e-02	4.000000e-02	4.511466e+00	1.676673e-01	1.676673e-01
4.000000e-02	5.000000e-02	3.620389e+00	1.501990e-01	1.501990e-01
5.000000e-02	6.000000e-02	2.934945e+00	1.352351e-01	1.352351e-01
6.000000e-02	7.000000e-02	2.642074e+00	1.283104e-01	1.283104e-01
7.000000e-02	8.000000e-02	2.006481e+00	1.118168e-01	1.118168e-01
8.000000e-02	9.000000e-02	1.570289e+00	9.891892e-02	9.891892e-02
9.000000e-02	1.000000e-01	1.208873e+00	8.679205e-02	8.679205e-02
1.000000e-01	1.100000e-01	1.302343e+00	9.008495e-02	9.008495e-02
1.100000e-01	1.200000e-01	9.533898e-01	7.707700e-02	7.707700e-02
1.200000e-01	1.300000e-01	8.349950e-01	7.213259e-02	7.213259e-02
1.300000e-01	1.400000e-01	8.163011e-01	7.132056e-02	7.132056e-02
1.400000e-01	1.500000e-01	7.602193e-01	6.882702e-02	6.882702e-02
1.500000e-01	1.600000e-01	7.415254e-01	6.797553e-02	6.797553e-02
1.600000e-01	1.700000e-01	5.483549e-01	5.845483e-02	5.845483e-02
1.700000e-01	1.800000e-01	6.542871e-01	6.385188e-02	6.385188e-02
1.800000e-01	1.900000e-01	4.486540e-01	5.287439e-02	5.287439e-02
1.900000e-01	2.000000e-01	4.050349e-01	5.023839e-02	5.023839e-02
2.000000e-01	2.100000e-01	3.551844e-01	4.704533e-02	4.704533e-02
2.100000e-01	2.200000e-01	3.988036e-01	4.985045e-02	4.985045e-02
2.200000e-01	2.300000e-01	2.991027e-01	4.317175e-02	4.317175e-02
2.300000e-01	2.400000e-01	3.240279e-01	4.493459e-02	4.493459e-02
2.400000e-01	2.500000e-01	2.804088e-01	4.180087e-02	4.180087e-02
2.500000e-01	2.600000e-01	3.177966e-01	4.450043e-02	4.450043e-02
2.600000e-01	2.700000e-01	1.744766e-01	3.297297e-02	3.297297e-02
2.700000e-01	2.800000e-01	2.118644e-01	3.633445e-02	3.633445e-02
2.800000e-01	2.900000e-01	2.180957e-01	3.686490e-02	3.686490e-02
2.900000e-01	3.000000e-01	1.246261e-01	2.786725e-02	2.786725e-02
3.000000e-01	3.100000e-01	1.620140e-01	3.177356e-02	3.177356e-02
3.100000e-01	3.200000e-01	1.308574e-01	2.855543e-02	2.855543e-02
3.200000e-01	3.300000e-01	1.121635e-01	2.643719e-02	2.643719e-02
3.300000e-01	3.400000e-01	1.059322e-01	2.569233e-02	2.569233e-02
3.400000e-01	3.500000e-01	1.246261e-01	2.786725e-02	2.786725e-02
3.500000e-01	3.600000e-01	1.807079e-01	3.355661e-02	3.355661e-02
3.600000e-01	3.700000e-01	8.723829e-02	2.331541e-02	2.331541e-02
3.700000e-01	3.800000e-01	6.231306e-02	1.970512e-02	1.970512e-02
3.800000e-01	3.900000e-01	7.477567e-02	2.158588e-02	2.158588e-02
3.900000e-01	4.000000e-01	6.854437e-02	2.066690e-02	2.066690e-02
4.000000e-01	4.100000e-01	4.361914e-02	1.648649e-02	1.648649e-02
4.100000e-01	4.200000e-01	6.231306e-02	1.970512e-02	1.970512e-02
4.200000e-01	4.300000e-01	6.231306e-02	1.970512e-02	1.970512e-02
4.300000e-01	4.400000e-01	5.608175e-02	1.869392e-02	1.869392e-02
4.400000e-01	4.500000e-01	3.115653e-02	1.393362e-02	1.393362e-02
4.500000e-01	4.600000e-01	4.361914e-02	1.648649e-02	1.648649e-02
4.600000e-01	4.700000e-01	1.246261e-02	8.812398e-03	8.812398e-03
4.700000e-01	4.800000e-01	2.492522e-02	1.246261e-02	1.246261e-02
4.800000e-01	4.900000e-01	2.492522e-02	1.246261e-02	1.246261e-02
4.900000e-01	5.000000e-01	1.246261e-02	8.812398e-03	8.812398e-03
5.000000e-01	5.100000e-01	1.869392e-02	1.079294e-02	1.079294e-02
5.100000e-01	5.200000e-01	1.246261e-02	8.812398e-03	8.812398e-03
5.200000e-01	5.300000e-01	6.231306e-03	6.231306e-03	6.231306e-03
5.300000e-01	5.400000e-01	2.492522e-02	1.246261e-02	1.246261e-02
5.400000e-01	5.500000e-01	0.000000e+00	0.000000e+00	0.000000e+00
5.500000e-01	5.600000e-01	1.869392e-02	1.079294e-02	1.079294e-02
5.600000e-01	5.700000e-01	0.000000e+00	0.000000e+00	0.000000e+00
5.700000e-01	5.800000e-01	0.000000e+00	0.000000e+00	0.000000e+00
5.800000e-01	5.900000e-01	0.000000e+00	0.000000e+00	0.000000e+00
5.900000e-01	6.000000e-01	0.000000e+00	0.000000e+00	0.000000e+00
6.000000e-01	6.100000e-01	6.231306e-03	6.231306e-03	6.231306e-03
6.100000e-01	6.200000e-01	0.000000e+00	0.000000e+00	0.000000e+00
6.200000e-01	6.300000e-01	6.231306e-03	6.231306e-03	6.231306e-03
6.300000e-01	6.400000e-01	0.000000e+00	0.000000e+00	0.000000e+00
6.400000e-01	6.500000e-01	0.000000e+00	0.000000e+00	0.000000e+00
6.500000e-01	6.600000e-01	0.000000e+00	0.000000e+00	0.000000e+00
6.600000e-01	6.700000e-01	0.000000e+00	0.000000e+00	0.000000e+00
6.700000e-01	6.800000e-01	0.000000e+00	0.000000e+00	0.000000e+00
6.800000e-01	6.900000e-01	0.000000e+00	0.000000e+00	0.000000e+00
6.900000e-01	7.000000e-01	0.000000e+00	0.000000e+00	0.000000e+00
7.000000e-01	7.100000e-01	0.000000e+00	0.000000e+00	0.000000e+00
7.100000e-01	7.200000e-01	0.000000e+00	0.000000e+00	0.000000e+00
7.200000e-01	7.300000e-01	0.000000e+00	0.000000e+00	0.000000e+00
7.300000e-01	7.400000e-01	6.231306e-03	6.231306e-03	6.231306e-03
7.400000e-01	7.500000e-01	0.000000e+00	0.000000e+00	0.000000e+00
7.500000e-01	7.600000e-01	0.000000e+00	0.000000e+00	0.000000e+00
7.600000e-01	7.700000e-01	0.000000e+00	0.000000e+00	0.000000e+00
7.700000e-01	7.800000e-01	0.000000e+00	0.000000e+00	0.000000e+00
7.800000e-01	7.900000e-01	0.000000e+00	0.000000e+00	0.000000e+00
7.900000e-01	8.000000e-01	0.000000e+00	0.000000e+00	0.000000e+00
8.000000e-01	8.100000e-01	0.000000e+00	0.000000e+00	0.000000e+00
8.100000e-01	8.200000e-01	0.000000e+00	0.000000e+00	0.000000e+00
8.200000e-01	8.300000e-01	0.000000e+00	0.000000e+00	0.000000e+00
8.300000e-01	8.400000e-01	0.000000e+00	0.000000e+00	0.000000e+00
8.400000e-01	8.500000e-01	0.000000e+00	0.000000e+00	0.000000e+00
8.500000e-01	8.600000e-01	0.000000e+00	0.000000e+00	0.000000e+00
8.600000e-01	8.700000e-01	0.000000e+00	0.000000e+00	0.000000e+00
8.700000e-01	8.800000e-01	0.000000e+00	0.000000e+00	0.000000e+00
8.800000e-01	8.900000e-01	0.000000e+00	0.000000e+00	0.000000e+00
8.900000e-01	9.000000e-01	0.000000e+00	0.000000e+00	0.000000e+00
9.000000e-01	9.100000e-01	0.000000e+00	0.000000e+00	0.000000e+00
9.100000e-01	9.200000e-01	0.000000e+00	0.000000e+00	0.000000e+00
9.200000e-01	9.300000e-01	0.000000e+00	0.000000e+00	0.000000e+00
9.300000e-01	9.400000e-01	0.000000e+00	0.000000e+00	0.000000e+00
9.400000e-01	9.500000e-01	0.000000e+00	0.000000e+00	0.000000e+00
9.500000e-01	9.600000e-01	0.000000e+00	0.000000e+00	0.000000e+00
9.600000e-01	9.700000e-01	0.000000e+00	0.000000e+00	0.000000e+00
9.700000e-01	9.800000e-01	0.000000e+00	0.000000e+00	0.000000e+00
9.800000e-01	9.900000e-01	0.000000e+00	0.000000e+00	0.000000e+00
9.900000e-01	1.000000e+00	0.000000e+00	0.000000e+00	0.000000e+00
# END HISTO1D

