# BEGIN PLOT
LegendOnly=//home/frederic/Work/Software/LesHouches2017/lh2017-alphas/rivet-analysis/quark-as013650-truth.yoda/MC_LHJSS_Zjet/log_Angularity_zcut_0.2_beta_1_alpha_2 //home/frederic/Work/Software/LesHouches2017/lh2017-alphas/rivet-analysis/quark-as012285-truth.yoda/MC_LHJSS_Zjet/log_Angularity_zcut_0.2_beta_1_alpha_2 //home/frederic/Work/Software/LesHouches2017/lh2017-alphas/rivet-analysis/quark-as015015-truth.yoda/MC_LHJSS_Zjet/log_Angularity_zcut_0.2_beta_1_alpha_2
DrawOnly=//home/frederic/Work/Software/LesHouches2017/lh2017-alphas/rivet-analysis/quark-as013650-truth.yoda/MC_LHJSS_Zjet/log_Angularity_zcut_0.2_beta_1_alpha_2 //home/frederic/Work/Software/LesHouches2017/lh2017-alphas/rivet-analysis/quark-as012285-truth.yoda/MC_LHJSS_Zjet/log_Angularity_zcut_0.2_beta_1_alpha_2 //home/frederic/Work/Software/LesHouches2017/lh2017-alphas/rivet-analysis/quark-as015015-truth.yoda/MC_LHJSS_Zjet/log_Angularity_zcut_0.2_beta_1_alpha_2
Title=Angularity, $\alpha$ = 2 $z_{cut}$ = 0.2 $\beta$ = 1
RatioPlot=1
LogX=0
LogY=0
RatioPlotYLabel=Ratio
RatioPlotReference=//home/frederic/Work/Software/LesHouches2017/lh2017-alphas/rivet-analysis/quark-as013650-truth.yoda/MC_LHJSS_Zjet/log_Angularity_zcut_0.2_beta_1_alpha_2
XLabel=$e_\alpha$
YLabel=$1/\sigma \text{d}\sigma/\text{d}e_\alpha$
Legend=1
# END PLOT

# BEGIN HISTO1D //home/frederic/Work/Software/LesHouches2017/lh2017-alphas/rivet-analysis/quark-as013650-truth.yoda/MC_LHJSS_Zjet/log_Angularity_zcut_0.2_beta_1_alpha_2
LineColor=red
LineStyle=solid
NormalizeToSum=1
Path=//home/frederic/Work/Software/LesHouches2017/lh2017-alphas/rivet-analysis/quark-as013650-truth.yoda/MC_LHJSS_Zjet/log_Angularity_zcut_0.2_beta_1_alpha_2
ScaledBy=2.55102040816326554e-04
Title=quark-as013650-truth
XLabel=
YLabel=
# xlow	 xhigh	 val	 errminus	 errplus
0.000000e+00	1.000000e-01	0.000000e+00	0.000000e+00	0.000000e+00
1.000000e-01	2.000000e-01	0.000000e+00	0.000000e+00	0.000000e+00
2.000000e-01	3.000000e-01	0.000000e+00	0.000000e+00	0.000000e+00
3.000000e-01	4.000000e-01	0.000000e+00	0.000000e+00	0.000000e+00
4.000000e-01	5.000000e-01	0.000000e+00	0.000000e+00	0.000000e+00
5.000000e-01	6.000000e-01	5.102041e-03	3.607688e-03	3.607688e-03
6.000000e-01	7.000000e-01	2.551020e-03	2.551020e-03	2.551020e-03
7.000000e-01	8.000000e-01	7.653061e-03	4.418497e-03	4.418497e-03
8.000000e-01	9.000000e-01	2.806122e-02	8.460778e-03	8.460778e-03
9.000000e-01	1.000000e+00	3.571429e-02	9.545044e-03	9.545044e-03
1.000000e+00	1.100000e+00	4.846939e-02	1.111964e-02	1.111964e-02
1.100000e+00	1.200000e+00	5.102041e-02	1.140851e-02	1.140851e-02
1.200000e+00	1.300000e+00	5.357143e-02	1.169024e-02	1.169024e-02
1.300000e+00	1.400000e+00	2.040816e-02	7.215375e-03	7.215375e-03
1.400000e+00	1.500000e+00	5.357143e-02	1.169024e-02	1.169024e-02
1.500000e+00	1.600000e+00	5.102041e-02	1.140851e-02	1.140851e-02
1.600000e+00	1.700000e+00	5.867347e-02	1.223426e-02	1.223426e-02
1.700000e+00	1.800000e+00	5.102041e-02	1.140851e-02	1.140851e-02
1.800000e+00	1.900000e+00	6.632653e-02	1.300770e-02	1.300770e-02
1.900000e+00	2.000000e+00	6.887755e-02	1.325549e-02	1.325549e-02
2.000000e+00	2.100000e+00	5.612245e-02	1.196535e-02	1.196535e-02
2.100000e+00	2.200000e+00	6.377551e-02	1.275510e-02	1.275510e-02
2.200000e+00	2.300000e+00	6.377551e-02	1.275510e-02	1.275510e-02
2.300000e+00	2.400000e+00	8.163265e-02	1.443075e-02	1.443075e-02
2.400000e+00	2.500000e+00	5.612245e-02	1.196535e-02	1.196535e-02
2.500000e+00	2.600000e+00	8.163265e-02	1.443075e-02	1.443075e-02
2.600000e+00	2.700000e+00	7.653061e-02	1.397252e-02	1.397252e-02
2.700000e+00	2.800000e+00	8.673469e-02	1.487488e-02	1.487488e-02
2.800000e+00	2.900000e+00	4.846939e-02	1.111964e-02	1.111964e-02
2.900000e+00	3.000000e+00	4.846939e-02	1.111964e-02	1.111964e-02
3.000000e+00	3.100000e+00	9.948980e-02	1.593112e-02	1.593112e-02
3.100000e+00	3.200000e+00	9.438776e-02	1.551725e-02	1.551725e-02
3.200000e+00	3.300000e+00	8.163265e-02	1.443075e-02	1.443075e-02
3.300000e+00	3.400000e+00	7.908163e-02	1.420348e-02	1.420348e-02
3.400000e+00	3.500000e+00	7.653061e-02	1.397252e-02	1.397252e-02
3.500000e+00	3.600000e+00	9.948980e-02	1.593112e-02	1.593112e-02
3.600000e+00	3.700000e+00	7.142857e-02	1.349873e-02	1.349873e-02
3.700000e+00	3.800000e+00	9.693878e-02	1.572555e-02	1.572555e-02
3.800000e+00	3.900000e+00	7.908163e-02	1.420348e-02	1.420348e-02
3.900000e+00	4.000000e+00	7.142857e-02	1.349873e-02	1.349873e-02
4.000000e+00	4.100000e+00	1.173469e-01	1.730186e-02	1.730186e-02
4.100000e+00	4.200000e+00	9.183673e-02	1.530612e-02	1.530612e-02
4.200000e+00	4.300000e+00	8.418367e-02	1.465450e-02	1.465450e-02
4.300000e+00	4.400000e+00	8.163265e-02	1.443075e-02	1.443075e-02
4.400000e+00	4.500000e+00	9.693878e-02	1.572555e-02	1.572555e-02
4.500000e+00	4.600000e+00	1.173469e-01	1.730186e-02	1.730186e-02
4.600000e+00	4.700000e+00	1.403061e-01	1.891887e-02	1.891887e-02
4.700000e+00	4.800000e+00	1.147959e-01	1.711276e-02	1.711276e-02
4.800000e+00	4.900000e+00	1.224490e-01	1.767399e-02	1.767399e-02
4.900000e+00	5.000000e+00	9.438776e-02	1.551725e-02	1.551725e-02
5.000000e+00	5.100000e+00	9.948980e-02	1.593112e-02	1.593112e-02
5.100000e+00	5.200000e+00	1.045918e-01	1.633450e-02	1.633450e-02
5.200000e+00	5.300000e+00	1.250000e-01	1.785714e-02	1.785714e-02
5.300000e+00	5.400000e+00	1.173469e-01	1.730186e-02	1.730186e-02
5.400000e+00	5.500000e+00	1.454082e-01	1.925978e-02	1.925978e-02
5.500000e+00	5.600000e+00	1.377551e-01	1.874610e-02	1.874610e-02
5.600000e+00	5.700000e+00	1.071429e-01	1.653250e-02	1.653250e-02
5.700000e+00	5.800000e+00	8.418367e-02	1.465450e-02	1.465450e-02
5.800000e+00	5.900000e+00	1.147959e-01	1.711276e-02	1.711276e-02
5.900000e+00	6.000000e+00	1.045918e-01	1.633450e-02	1.633450e-02
6.000000e+00	6.100000e+00	1.403061e-01	1.891887e-02	1.891887e-02
6.100000e+00	6.200000e+00	1.173469e-01	1.730186e-02	1.730186e-02
6.200000e+00	6.300000e+00	1.224490e-01	1.767399e-02	1.767399e-02
6.300000e+00	6.400000e+00	1.428571e-01	1.909009e-02	1.909009e-02
6.400000e+00	6.500000e+00	1.454082e-01	1.925978e-02	1.925978e-02
6.500000e+00	6.600000e+00	1.505102e-01	1.959476e-02	1.959476e-02
6.600000e+00	6.700000e+00	1.989796e-01	2.253000e-02	2.253000e-02
6.700000e+00	6.800000e+00	1.403061e-01	1.891887e-02	1.891887e-02
6.800000e+00	6.900000e+00	1.198980e-01	1.748891e-02	1.748891e-02
6.900000e+00	7.000000e+00	1.709184e-01	2.088100e-02	2.088100e-02
7.000000e+00	7.100000e+00	1.275510e-01	1.803844e-02	1.803844e-02
7.100000e+00	7.200000e+00	1.683673e-01	2.072459e-02	2.072459e-02
7.200000e+00	7.300000e+00	1.428571e-01	1.909009e-02	1.909009e-02
7.300000e+00	7.400000e+00	1.607143e-01	2.024810e-02	2.024810e-02
7.400000e+00	7.500000e+00	1.479592e-01	1.942799e-02	1.942799e-02
7.500000e+00	7.600000e+00	1.683673e-01	2.072459e-02	2.072459e-02
7.600000e+00	7.700000e+00	1.683673e-01	2.072459e-02	2.072459e-02
7.700000e+00	7.800000e+00	1.964286e-01	2.238511e-02	2.238511e-02
7.800000e+00	7.900000e+00	1.811224e-01	2.149528e-02	2.149528e-02
7.900000e+00	8.000000e+00	1.887755e-01	2.194471e-02	2.194471e-02
8.000000e+00	8.100000e+00	2.168367e-01	2.351925e-02	2.351925e-02
8.100000e+00	8.200000e+00	1.683673e-01	2.072459e-02	2.072459e-02
8.200000e+00	8.300000e+00	2.193878e-01	2.365719e-02	2.365719e-02
8.300000e+00	8.400000e+00	1.887755e-01	2.194471e-02	2.194471e-02
8.400000e+00	8.500000e+00	2.397959e-01	2.473306e-02	2.473306e-02
8.500000e+00	8.600000e+00	1.760204e-01	2.119037e-02	2.119037e-02
8.600000e+00	8.700000e+00	1.556122e-01	1.992411e-02	1.992411e-02
8.700000e+00	8.800000e+00	1.326531e-01	1.839567e-02	1.839567e-02
8.800000e+00	8.900000e+00	1.454082e-01	1.925978e-02	1.925978e-02
8.900000e+00	9.000000e+00	1.301020e-01	1.821793e-02	1.821793e-02
9.000000e+00	9.100000e+00	1.198980e-01	1.748891e-02	1.748891e-02
9.100000e+00	9.200000e+00	1.147959e-01	1.711276e-02	1.711276e-02
9.200000e+00	9.300000e+00	9.438776e-02	1.551725e-02	1.551725e-02
9.300000e+00	9.400000e+00	1.020408e-01	1.613407e-02	1.613407e-02
9.400000e+00	9.500000e+00	5.612245e-02	1.196535e-02	1.196535e-02
9.500000e+00	9.600000e+00	5.867347e-02	1.223426e-02	1.223426e-02
9.600000e+00	9.700000e+00	4.846939e-02	1.111964e-02	1.111964e-02
9.700000e+00	9.800000e+00	2.295918e-02	7.653061e-03	7.653061e-03
9.800000e+00	9.900000e+00	5.612245e-02	1.196535e-02	1.196535e-02
9.900000e+00	1.000000e+01	3.061224e-02	8.836994e-03	8.836994e-03
1.000000e+01	1.010000e+01	1.020408e-02	5.102041e-03	5.102041e-03
1.010000e+01	1.020000e+01	1.275510e-02	5.704255e-03	5.704255e-03
1.020000e+01	1.030000e+01	1.020408e-02	5.102041e-03	5.102041e-03
1.030000e+01	1.040000e+01	1.275510e-02	5.704255e-03	5.704255e-03
1.040000e+01	1.050000e+01	1.530612e-02	6.248698e-03	6.248698e-03
1.050000e+01	1.060000e+01	1.020408e-02	5.102041e-03	5.102041e-03
1.060000e+01	1.070000e+01	5.102041e-03	3.607688e-03	3.607688e-03
1.070000e+01	1.080000e+01	2.551020e-03	2.551020e-03	2.551020e-03
1.080000e+01	1.090000e+01	2.551020e-03	2.551020e-03	2.551020e-03
1.090000e+01	1.100000e+01	5.102041e-03	3.607688e-03	3.607688e-03
1.100000e+01	1.110000e+01	0.000000e+00	0.000000e+00	0.000000e+00
1.110000e+01	1.120000e+01	0.000000e+00	0.000000e+00	0.000000e+00
1.120000e+01	1.130000e+01	2.551020e-03	2.551020e-03	2.551020e-03
1.130000e+01	1.140000e+01	2.551020e-03	2.551020e-03	2.551020e-03
1.140000e+01	1.150000e+01	0.000000e+00	0.000000e+00	0.000000e+00
1.150000e+01	1.160000e+01	2.551020e-03	2.551020e-03	2.551020e-03
1.160000e+01	1.170000e+01	2.551020e-03	2.551020e-03	2.551020e-03
1.170000e+01	1.180000e+01	2.551020e-03	2.551020e-03	2.551020e-03
1.180000e+01	1.190000e+01	2.551020e-03	2.551020e-03	2.551020e-03
1.190000e+01	1.200000e+01	0.000000e+00	0.000000e+00	0.000000e+00
1.200000e+01	1.210000e+01	2.551020e-03	2.551020e-03	2.551020e-03
1.210000e+01	1.220000e+01	0.000000e+00	0.000000e+00	0.000000e+00
1.220000e+01	1.230000e+01	0.000000e+00	0.000000e+00	0.000000e+00
1.230000e+01	1.240000e+01	2.551020e-03	2.551020e-03	2.551020e-03
1.240000e+01	1.250000e+01	0.000000e+00	0.000000e+00	0.000000e+00
1.250000e+01	1.260000e+01	0.000000e+00	0.000000e+00	0.000000e+00
1.260000e+01	1.270000e+01	0.000000e+00	0.000000e+00	0.000000e+00
1.270000e+01	1.280000e+01	0.000000e+00	0.000000e+00	0.000000e+00
1.280000e+01	1.290000e+01	0.000000e+00	0.000000e+00	0.000000e+00
1.290000e+01	1.300000e+01	0.000000e+00	0.000000e+00	0.000000e+00
1.300000e+01	1.310000e+01	0.000000e+00	0.000000e+00	0.000000e+00
1.310000e+01	1.320000e+01	0.000000e+00	0.000000e+00	0.000000e+00
1.320000e+01	1.330000e+01	0.000000e+00	0.000000e+00	0.000000e+00
1.330000e+01	1.340000e+01	0.000000e+00	0.000000e+00	0.000000e+00
1.340000e+01	1.350000e+01	0.000000e+00	0.000000e+00	0.000000e+00
1.350000e+01	1.360000e+01	0.000000e+00	0.000000e+00	0.000000e+00
1.360000e+01	1.370000e+01	0.000000e+00	0.000000e+00	0.000000e+00
1.370000e+01	1.380000e+01	0.000000e+00	0.000000e+00	0.000000e+00
1.380000e+01	1.390000e+01	0.000000e+00	0.000000e+00	0.000000e+00
1.390000e+01	1.400000e+01	0.000000e+00	0.000000e+00	0.000000e+00
1.400000e+01	1.410000e+01	0.000000e+00	0.000000e+00	0.000000e+00
1.410000e+01	1.420000e+01	0.000000e+00	0.000000e+00	0.000000e+00
1.420000e+01	1.430000e+01	0.000000e+00	0.000000e+00	0.000000e+00
1.430000e+01	1.440000e+01	0.000000e+00	0.000000e+00	0.000000e+00
1.440000e+01	1.450000e+01	0.000000e+00	0.000000e+00	0.000000e+00
1.450000e+01	1.460000e+01	0.000000e+00	0.000000e+00	0.000000e+00
1.460000e+01	1.470000e+01	0.000000e+00	0.000000e+00	0.000000e+00
1.470000e+01	1.480000e+01	0.000000e+00	0.000000e+00	0.000000e+00
1.480000e+01	1.490000e+01	0.000000e+00	0.000000e+00	0.000000e+00
1.490000e+01	1.500000e+01	0.000000e+00	0.000000e+00	0.000000e+00
# END HISTO1D

# BEGIN HISTO1D //home/frederic/Work/Software/LesHouches2017/lh2017-alphas/rivet-analysis/quark-as012285-truth.yoda/MC_LHJSS_Zjet/log_Angularity_zcut_0.2_beta_1_alpha_2
LineColor=blue
LineStyle=solid
NormalizeToSum=1
Path=//home/frederic/Work/Software/LesHouches2017/lh2017-alphas/rivet-analysis/quark-as012285-truth.yoda/MC_LHJSS_Zjet/log_Angularity_zcut_0.2_beta_1_alpha_2
ScaledBy=6.65158972994545696e-05
Title=quark-as012285-truth
XLabel=
YLabel=
# xlow	 xhigh	 val	 errminus	 errplus
0.000000e+00	1.000000e-01	0.000000e+00	0.000000e+00	0.000000e+00
1.000000e-01	2.000000e-01	0.000000e+00	0.000000e+00	0.000000e+00
2.000000e-01	3.000000e-01	6.651590e-04	6.651590e-04	6.651590e-04
3.000000e-01	4.000000e-01	6.651590e-04	6.651590e-04	6.651590e-04
4.000000e-01	5.000000e-01	6.651590e-04	6.651590e-04	6.651590e-04
5.000000e-01	6.000000e-01	1.995477e-03	1.152089e-03	1.152089e-03
6.000000e-01	7.000000e-01	3.325795e-03	1.487341e-03	1.487341e-03
7.000000e-01	8.000000e-01	9.977385e-03	2.576150e-03	2.576150e-03
8.000000e-01	9.000000e-01	1.463350e-02	3.119872e-03	3.119872e-03
9.000000e-01	1.000000e+00	2.394572e-02	3.990954e-03	3.990954e-03
1.000000e+00	1.100000e+00	2.727152e-02	4.259095e-03	4.259095e-03
1.100000e+00	1.200000e+00	3.259279e-02	4.656113e-03	4.656113e-03
1.200000e+00	1.300000e+00	4.456565e-02	5.444561e-03	5.444561e-03
1.300000e+00	1.400000e+00	5.387788e-02	5.986430e-03	5.986430e-03
1.400000e+00	1.500000e+00	4.057470e-02	5.195057e-03	5.195057e-03
1.500000e+00	1.600000e+00	5.254756e-02	5.912062e-03	5.912062e-03
1.600000e+00	1.700000e+00	5.720367e-02	6.168431e-03	6.168431e-03
1.700000e+00	1.800000e+00	6.984169e-02	6.815851e-03	6.815851e-03
1.800000e+00	1.900000e+00	7.117201e-02	6.880458e-03	6.880458e-03
1.900000e+00	2.000000e+00	5.587335e-02	6.096282e-03	6.096282e-03
2.000000e+00	2.100000e+00	6.252494e-02	6.448956e-03	6.448956e-03
2.100000e+00	2.200000e+00	5.121724e-02	5.836747e-03	5.836747e-03
2.200000e+00	2.300000e+00	5.786883e-02	6.204190e-03	6.204190e-03
2.300000e+00	2.400000e+00	6.518558e-02	6.584738e-03	6.584738e-03
2.400000e+00	2.500000e+00	6.185978e-02	6.414561e-03	6.414561e-03
2.500000e+00	2.600000e+00	6.984169e-02	6.815851e-03	6.815851e-03
2.600000e+00	2.700000e+00	5.254756e-02	5.912062e-03	5.912062e-03
2.700000e+00	2.800000e+00	6.651590e-02	6.651590e-03	6.651590e-03
2.800000e+00	2.900000e+00	6.252494e-02	6.448956e-03	6.448956e-03
2.900000e+00	3.000000e+00	7.383265e-02	7.007885e-03	7.007885e-03
3.000000e+00	3.100000e+00	6.784622e-02	6.717776e-03	6.717776e-03
3.100000e+00	3.200000e+00	7.649328e-02	7.133035e-03	7.133035e-03
3.200000e+00	3.300000e+00	6.518558e-02	6.584738e-03	6.584738e-03
3.300000e+00	3.400000e+00	8.181455e-02	7.376970e-03	7.376970e-03
3.400000e+00	3.500000e+00	8.314487e-02	7.436704e-03	7.436704e-03
3.500000e+00	3.600000e+00	7.383265e-02	7.007885e-03	7.007885e-03
3.600000e+00	3.700000e+00	8.048424e-02	7.316749e-03	7.316749e-03
3.700000e+00	3.800000e+00	9.644805e-02	8.009575e-03	8.009575e-03
3.800000e+00	3.900000e+00	9.711321e-02	8.037146e-03	8.037146e-03
3.900000e+00	4.000000e+00	7.981908e-02	7.286452e-03	7.286452e-03
4.000000e+00	4.100000e+00	7.050685e-02	6.848230e-03	6.848230e-03
4.100000e+00	4.200000e+00	7.516296e-02	7.070737e-03	7.070737e-03
4.200000e+00	4.300000e+00	9.245710e-02	7.842109e-03	7.842109e-03
4.300000e+00	4.400000e+00	8.114939e-02	7.346921e-03	7.346921e-03
4.400000e+00	4.500000e+00	1.057603e-01	8.387336e-03	8.387336e-03
4.500000e+00	4.600000e+00	8.780098e-02	7.642095e-03	7.642095e-03
4.600000e+00	4.700000e+00	8.314487e-02	7.436704e-03	7.436704e-03
4.700000e+00	4.800000e+00	9.179194e-02	7.813849e-03	7.813849e-03
4.800000e+00	4.900000e+00	8.979646e-02	7.728449e-03	7.728449e-03
4.900000e+00	5.000000e+00	9.578289e-02	7.981908e-03	7.981908e-03
5.000000e+00	5.100000e+00	1.004390e-01	8.173611e-03	8.173611e-03
5.100000e+00	5.200000e+00	1.070906e-01	8.439921e-03	8.439921e-03
5.200000e+00	5.300000e+00	9.046162e-02	7.757020e-03	7.757020e-03
5.300000e+00	5.400000e+00	9.179194e-02	7.813849e-03	7.813849e-03
5.400000e+00	5.500000e+00	1.024345e-01	8.254405e-03	8.254405e-03
5.500000e+00	5.600000e+00	1.037648e-01	8.307833e-03	8.307833e-03
5.600000e+00	5.700000e+00	9.312226e-02	7.870267e-03	7.870267e-03
5.700000e+00	5.800000e+00	1.230544e-01	9.047140e-03	9.047140e-03
5.800000e+00	5.900000e+00	9.245710e-02	7.842109e-03	7.842109e-03
5.900000e+00	6.000000e+00	1.124119e-01	8.647067e-03	8.647067e-03
6.000000e+00	6.100000e+00	1.011042e-01	8.200630e-03	8.200630e-03
6.100000e+00	6.200000e+00	1.130770e-01	8.672612e-03	8.672612e-03
6.200000e+00	6.300000e+00	9.445257e-02	7.926284e-03	7.926284e-03
6.300000e+00	6.400000e+00	1.270454e-01	9.192680e-03	9.192680e-03
6.400000e+00	6.500000e+00	1.223893e-01	9.022655e-03	9.022655e-03
6.500000e+00	6.600000e+00	1.190635e-01	8.899221e-03	8.899221e-03
6.600000e+00	6.700000e+00	1.223893e-01	9.022655e-03	9.022655e-03
6.700000e+00	6.800000e+00	1.250499e-01	9.120200e-03	9.120200e-03
6.800000e+00	6.900000e+00	1.277105e-01	9.216713e-03	9.216713e-03
6.900000e+00	7.000000e+00	1.336970e-01	9.430256e-03	9.430256e-03
7.000000e+00	7.100000e+00	1.217241e-01	8.998104e-03	8.998104e-03
7.100000e+00	7.200000e+00	1.363576e-01	9.523627e-03	9.523627e-03
7.200000e+00	7.300000e+00	1.323666e-01	9.383222e-03	9.383222e-03
7.300000e+00	7.400000e+00	1.583078e-01	1.026157e-02	1.026157e-02
7.400000e+00	7.500000e+00	1.549820e-01	1.015321e-02	1.015321e-02
7.500000e+00	7.600000e+00	1.889051e-01	1.120946e-02	1.120946e-02
7.600000e+00	7.700000e+00	1.563124e-01	1.019670e-02	1.019670e-02
7.700000e+00	7.800000e+00	1.875748e-01	1.116992e-02	1.116992e-02
7.800000e+00	7.900000e+00	1.982174e-01	1.148243e-02	1.148243e-02
7.900000e+00	8.000000e+00	2.081948e-01	1.176786e-02	1.176786e-02
8.000000e+00	8.100000e+00	2.248237e-01	1.222880e-02	1.222880e-02
8.100000e+00	8.200000e+00	2.328056e-01	1.244399e-02	1.244399e-02
8.200000e+00	8.300000e+00	2.481043e-01	1.284635e-02	1.284635e-02
8.300000e+00	8.400000e+00	2.055341e-01	1.169243e-02	1.169243e-02
8.400000e+00	8.500000e+00	2.088599e-01	1.178664e-02	1.178664e-02
8.500000e+00	8.600000e+00	2.195025e-01	1.208321e-02	1.208321e-02
8.600000e+00	8.700000e+00	2.234934e-01	1.219257e-02	1.219257e-02
8.700000e+00	8.800000e+00	2.015432e-01	1.157835e-02	1.157835e-02
8.800000e+00	8.900000e+00	1.782626e-01	1.088912e-02	1.088912e-02
8.900000e+00	9.000000e+00	1.682852e-01	1.058000e-02	1.058000e-02
9.000000e+00	9.100000e+00	1.603033e-01	1.032604e-02	1.032604e-02
9.100000e+00	9.200000e+00	1.336970e-01	9.430256e-03	9.430256e-03
9.200000e+00	9.300000e+00	1.270454e-01	9.192680e-03	9.192680e-03
9.300000e+00	9.400000e+00	1.243847e-01	9.095912e-03	9.095912e-03
9.400000e+00	9.500000e+00	1.090861e-01	8.518191e-03	8.518191e-03
9.500000e+00	9.600000e+00	8.780098e-02	7.642095e-03	7.642095e-03
9.600000e+00	9.700000e+00	6.851137e-02	6.750627e-03	6.750627e-03
9.700000e+00	9.800000e+00	6.385526e-02	6.517200e-03	6.517200e-03
9.800000e+00	9.900000e+00	4.789145e-02	5.644061e-03	5.644061e-03
9.900000e+00	1.000000e+01	5.121724e-02	5.836747e-03	5.836747e-03
1.000000e+01	1.010000e+01	3.325795e-02	4.703384e-03	4.703384e-03
1.010000e+01	1.020000e+01	3.458827e-02	4.796530e-03	4.796530e-03
1.020000e+01	1.030000e+01	2.727152e-02	4.259095e-03	4.259095e-03
1.030000e+01	1.040000e+01	2.261541e-02	3.878510e-03	3.878510e-03
1.040000e+01	1.050000e+01	1.330318e-02	2.974681e-03	2.974681e-03
1.050000e+01	1.060000e+01	1.330318e-02	2.974681e-03	2.974681e-03
1.060000e+01	1.070000e+01	1.396834e-02	3.048141e-03	3.048141e-03
1.070000e+01	1.080000e+01	5.321272e-03	1.881354e-03	1.881354e-03
1.080000e+01	1.090000e+01	7.316749e-03	2.206083e-03	2.206083e-03
1.090000e+01	1.100000e+01	5.986431e-03	1.995477e-03	1.995477e-03
1.100000e+01	1.110000e+01	2.660636e-03	1.330318e-03	1.330318e-03
1.110000e+01	1.120000e+01	4.656113e-03	1.759845e-03	1.759845e-03
1.120000e+01	1.130000e+01	3.990954e-03	1.629300e-03	1.629300e-03
1.130000e+01	1.140000e+01	1.330318e-03	9.406768e-04	9.406768e-04
1.140000e+01	1.150000e+01	3.990954e-03	1.629300e-03	1.629300e-03
1.150000e+01	1.160000e+01	1.995477e-03	1.152089e-03	1.152089e-03
1.160000e+01	1.170000e+01	2.660636e-03	1.330318e-03	1.330318e-03
1.170000e+01	1.180000e+01	1.330318e-03	9.406768e-04	9.406768e-04
1.180000e+01	1.190000e+01	1.995477e-03	1.152089e-03	1.152089e-03
1.190000e+01	1.200000e+01	6.651590e-04	6.651590e-04	6.651590e-04
1.200000e+01	1.210000e+01	6.651590e-04	6.651590e-04	6.651590e-04
1.210000e+01	1.220000e+01	6.651590e-04	6.651590e-04	6.651590e-04
1.220000e+01	1.230000e+01	6.651590e-04	6.651590e-04	6.651590e-04
1.230000e+01	1.240000e+01	6.651590e-04	6.651590e-04	6.651590e-04
1.240000e+01	1.250000e+01	1.330318e-03	9.406768e-04	9.406768e-04
1.250000e+01	1.260000e+01	0.000000e+00	0.000000e+00	0.000000e+00
1.260000e+01	1.270000e+01	1.330318e-03	9.406768e-04	9.406768e-04
1.270000e+01	1.280000e+01	0.000000e+00	0.000000e+00	0.000000e+00
1.280000e+01	1.290000e+01	0.000000e+00	0.000000e+00	0.000000e+00
1.290000e+01	1.300000e+01	0.000000e+00	0.000000e+00	0.000000e+00
1.300000e+01	1.310000e+01	6.651590e-04	6.651590e-04	6.651590e-04
1.310000e+01	1.320000e+01	0.000000e+00	0.000000e+00	0.000000e+00
1.320000e+01	1.330000e+01	0.000000e+00	0.000000e+00	0.000000e+00
1.330000e+01	1.340000e+01	0.000000e+00	0.000000e+00	0.000000e+00
1.340000e+01	1.350000e+01	0.000000e+00	0.000000e+00	0.000000e+00
1.350000e+01	1.360000e+01	0.000000e+00	0.000000e+00	0.000000e+00
1.360000e+01	1.370000e+01	0.000000e+00	0.000000e+00	0.000000e+00
1.370000e+01	1.380000e+01	0.000000e+00	0.000000e+00	0.000000e+00
1.380000e+01	1.390000e+01	0.000000e+00	0.000000e+00	0.000000e+00
1.390000e+01	1.400000e+01	0.000000e+00	0.000000e+00	0.000000e+00
1.400000e+01	1.410000e+01	0.000000e+00	0.000000e+00	0.000000e+00
1.410000e+01	1.420000e+01	0.000000e+00	0.000000e+00	0.000000e+00
1.420000e+01	1.430000e+01	0.000000e+00	0.000000e+00	0.000000e+00
1.430000e+01	1.440000e+01	0.000000e+00	0.000000e+00	0.000000e+00
1.440000e+01	1.450000e+01	0.000000e+00	0.000000e+00	0.000000e+00
1.450000e+01	1.460000e+01	0.000000e+00	0.000000e+00	0.000000e+00
1.460000e+01	1.470000e+01	0.000000e+00	0.000000e+00	0.000000e+00
1.470000e+01	1.480000e+01	0.000000e+00	0.000000e+00	0.000000e+00
1.480000e+01	1.490000e+01	0.000000e+00	0.000000e+00	0.000000e+00
1.490000e+01	1.500000e+01	0.000000e+00	0.000000e+00	0.000000e+00
# END HISTO1D

# BEGIN HISTO1D //home/frederic/Work/Software/LesHouches2017/lh2017-alphas/rivet-analysis/quark-as015015-truth.yoda/MC_LHJSS_Zjet/log_Angularity_zcut_0.2_beta_1_alpha_2
LineColor=green
LineStyle=solid
NormalizeToSum=1
Path=//home/frederic/Work/Software/LesHouches2017/lh2017-alphas/rivet-analysis/quark-as015015-truth.yoda/MC_LHJSS_Zjet/log_Angularity_zcut_0.2_beta_1_alpha_2
ScaledBy=6.23130608175473529e-05
Title=quark-as015015-truth
XLabel=
YLabel=
# xlow	 xhigh	 val	 errminus	 errplus
0.000000e+00	1.000000e-01	0.000000e+00	0.000000e+00	0.000000e+00
1.000000e-01	2.000000e-01	0.000000e+00	0.000000e+00	0.000000e+00
2.000000e-01	3.000000e-01	0.000000e+00	0.000000e+00	0.000000e+00
3.000000e-01	4.000000e-01	6.231306e-04	6.231306e-04	6.231306e-04
4.000000e-01	5.000000e-01	6.231306e-04	6.231306e-04	6.231306e-04
5.000000e-01	6.000000e-01	2.492522e-03	1.246261e-03	1.246261e-03
6.000000e-01	7.000000e-01	6.854437e-03	2.066690e-03	2.066690e-03
7.000000e-01	8.000000e-01	1.121635e-02	2.643719e-03	2.643719e-03
8.000000e-01	9.000000e-01	2.056331e-02	3.579613e-03	3.579613e-03
9.000000e-01	1.000000e+00	2.305583e-02	3.790355e-03	3.790355e-03
1.000000e+00	1.100000e+00	4.548853e-02	5.324030e-03	5.324030e-03
1.100000e+00	1.200000e+00	3.988036e-02	4.985045e-03	4.985045e-03
1.200000e+00	1.300000e+00	4.673480e-02	5.396469e-03	5.396469e-03
1.300000e+00	1.400000e+00	6.293619e-02	6.262385e-03	6.262385e-03
1.400000e+00	1.500000e+00	6.355932e-02	6.293311e-03	6.293311e-03
1.500000e+00	1.600000e+00	6.605184e-02	6.415523e-03	6.415523e-03
1.600000e+00	1.700000e+00	5.732802e-02	5.976859e-03	5.976859e-03
1.700000e+00	1.800000e+00	8.038385e-02	7.077403e-03	7.077403e-03
1.800000e+00	1.900000e+00	7.539880e-02	6.854437e-03	6.854437e-03
1.900000e+00	2.000000e+00	7.664506e-02	6.910853e-03	6.910853e-03
2.000000e+00	2.100000e+00	8.163011e-02	7.132056e-03	7.132056e-03
2.100000e+00	2.200000e+00	6.979063e-02	6.594595e-03	6.594595e-03
2.200000e+00	2.300000e+00	7.166002e-02	6.682331e-03	6.682331e-03
2.300000e+00	2.400000e+00	6.854437e-02	6.535449e-03	6.535449e-03
2.400000e+00	2.500000e+00	7.041376e-02	6.623969e-03	6.623969e-03
2.500000e+00	2.600000e+00	7.726820e-02	6.938889e-03	6.938889e-03
2.600000e+00	2.700000e+00	8.163011e-02	7.132056e-03	7.132056e-03
2.700000e+00	2.800000e+00	1.040628e-01	8.052622e-03	8.052622e-03
2.800000e+00	2.900000e+00	7.539880e-02	6.854437e-03	6.854437e-03
2.900000e+00	3.000000e+00	8.474576e-02	7.266889e-03	7.266889e-03
3.000000e+00	3.100000e+00	8.163011e-02	7.132056e-03	7.132056e-03
3.100000e+00	3.200000e+00	8.848455e-02	7.425458e-03	7.425458e-03
3.200000e+00	3.300000e+00	8.599202e-02	7.320127e-03	7.320127e-03
3.300000e+00	3.400000e+00	9.035394e-02	7.503486e-03	7.503486e-03
3.400000e+00	3.500000e+00	9.035394e-02	7.503486e-03	7.503486e-03
3.500000e+00	3.600000e+00	7.913759e-02	7.022325e-03	7.022325e-03
3.600000e+00	3.700000e+00	1.003240e-01	7.906641e-03	7.906641e-03
3.700000e+00	3.800000e+00	8.599202e-02	7.320127e-03	7.320127e-03
3.800000e+00	3.900000e+00	1.046859e-01	8.076695e-03	8.076695e-03
3.900000e+00	4.000000e+00	8.973081e-02	7.477567e-03	7.477567e-03
4.000000e+00	4.100000e+00	9.471585e-02	7.682470e-03	7.682470e-03
4.100000e+00	4.200000e+00	1.221336e-01	8.723828e-03	8.723828e-03
4.200000e+00	4.300000e+00	9.970090e-02	7.882048e-03	7.882048e-03
4.300000e+00	4.400000e+00	1.034397e-01	8.028476e-03	8.028476e-03
4.400000e+00	4.500000e+00	9.035394e-02	7.503486e-03	7.503486e-03
4.500000e+00	4.600000e+00	1.102941e-01	8.290214e-03	8.290214e-03
4.600000e+00	4.700000e+00	1.040628e-01	8.052622e-03	8.052622e-03
4.700000e+00	4.800000e+00	1.202642e-01	8.656807e-03	8.656807e-03
4.800000e+00	4.900000e+00	1.109172e-01	8.313599e-03	8.313599e-03
4.900000e+00	5.000000e+00	1.221336e-01	8.723828e-03	8.723828e-03
5.000000e+00	5.100000e+00	1.208873e-01	8.679205e-03	8.679205e-03
5.100000e+00	5.200000e+00	1.152792e-01	8.475492e-03	8.475492e-03
5.200000e+00	5.300000e+00	1.215105e-01	8.701545e-03	8.701545e-03
5.300000e+00	5.400000e+00	1.314806e-01	9.051495e-03	9.051495e-03
5.400000e+00	5.500000e+00	1.352193e-01	9.179287e-03	9.179287e-03
5.500000e+00	5.600000e+00	1.402044e-01	9.346959e-03	9.346959e-03
5.600000e+00	5.700000e+00	1.277418e-01	8.921873e-03	8.921873e-03
5.700000e+00	5.800000e+00	1.314806e-01	9.051495e-03	9.051495e-03
5.800000e+00	5.900000e+00	1.283649e-01	8.943607e-03	8.943607e-03
5.900000e+00	6.000000e+00	1.264955e-01	8.878245e-03	8.878245e-03
6.000000e+00	6.100000e+00	1.377119e-01	9.263503e-03	9.263503e-03
6.100000e+00	6.200000e+00	1.327268e-01	9.094292e-03	9.094292e-03
6.200000e+00	6.300000e+00	1.321037e-01	9.072918e-03	9.072918e-03
6.300000e+00	6.400000e+00	1.445663e-01	9.491243e-03	9.491243e-03
6.400000e+00	6.500000e+00	1.402044e-01	9.346959e-03	9.346959e-03
6.500000e+00	6.600000e+00	1.557827e-01	9.852560e-03	9.852560e-03
6.600000e+00	6.700000e+00	1.358425e-01	9.200413e-03	9.200413e-03
6.700000e+00	6.800000e+00	1.707378e-01	1.031464e-02	1.031464e-02
6.800000e+00	6.900000e+00	1.663759e-01	1.018204e-02	1.018204e-02
6.900000e+00	7.000000e+00	1.595214e-01	9.970090e-03	9.970090e-03
7.000000e+00	7.100000e+00	1.595214e-01	9.970090e-03	9.970090e-03
7.100000e+00	7.200000e+00	1.856929e-01	1.075690e-02	1.075690e-02
7.200000e+00	7.300000e+00	1.676221e-01	1.022010e-02	1.022010e-02
7.300000e+00	7.400000e+00	1.863161e-01	1.077493e-02	1.077493e-02
7.400000e+00	7.500000e+00	1.757228e-01	1.046414e-02	1.046414e-02
7.500000e+00	7.600000e+00	1.719840e-01	1.035222e-02	1.035222e-02
7.600000e+00	7.700000e+00	1.788385e-01	1.055650e-02	1.055650e-02
7.700000e+00	7.800000e+00	2.050100e-01	1.130257e-02	1.130257e-02
7.800000e+00	7.900000e+00	2.012712e-01	1.119903e-02	1.119903e-02
7.900000e+00	8.000000e+00	1.794616e-01	1.057488e-02	1.057488e-02
8.000000e+00	8.100000e+00	1.688684e-01	1.025803e-02	1.025803e-02
8.100000e+00	8.200000e+00	1.744766e-01	1.042697e-02	1.042697e-02
8.200000e+00	8.300000e+00	1.769691e-01	1.050119e-02	1.050119e-02
8.300000e+00	8.400000e+00	1.900548e-01	1.088251e-02	1.088251e-02
8.400000e+00	8.500000e+00	1.707378e-01	1.031464e-02	1.031464e-02
8.500000e+00	8.600000e+00	1.539133e-01	9.793266e-03	9.793266e-03
8.600000e+00	8.700000e+00	1.507976e-01	9.693637e-03	9.693637e-03
8.700000e+00	8.800000e+00	1.215105e-01	8.701545e-03	8.701545e-03
8.800000e+00	8.900000e+00	1.090479e-01	8.243243e-03	8.243243e-03
8.900000e+00	9.000000e+00	9.845464e-02	7.832630e-03	7.832630e-03
9.000000e+00	9.100000e+00	8.349950e-02	7.213259e-03	7.213259e-03
9.100000e+00	9.200000e+00	6.106680e-02	6.168678e-03	6.168678e-03
9.200000e+00	9.300000e+00	6.231306e-02	6.231306e-03	6.231306e-03
9.300000e+00	9.400000e+00	4.860419e-02	5.503341e-03	5.503341e-03
9.400000e+00	9.500000e+00	4.486540e-02	5.287439e-03	5.287439e-03
9.500000e+00	9.600000e+00	3.302592e-02	4.536459e-03	4.536459e-03
9.600000e+00	9.700000e+00	2.430209e-02	3.891450e-03	3.891450e-03
9.700000e+00	9.800000e+00	2.243270e-02	3.738783e-03	3.738783e-03
9.800000e+00	9.900000e+00	1.869392e-02	3.413027e-03	3.413027e-03
9.900000e+00	1.000000e+01	1.807079e-02	3.355661e-03	3.355661e-03
1.000000e+01	1.010000e+01	1.246261e-02	2.786725e-03	2.786725e-03
1.010000e+01	1.020000e+01	9.346959e-03	2.413374e-03	2.413374e-03
1.020000e+01	1.030000e+01	8.723829e-03	2.331541e-03	2.331541e-03
1.030000e+01	1.040000e+01	9.346959e-03	2.413374e-03	2.413374e-03
1.040000e+01	1.050000e+01	5.608175e-03	1.869392e-03	1.869392e-03
1.050000e+01	1.060000e+01	3.738784e-03	1.526352e-03	1.526352e-03
1.060000e+01	1.070000e+01	1.869392e-03	1.079294e-03	1.079294e-03
1.070000e+01	1.080000e+01	1.869392e-03	1.079294e-03	1.079294e-03
1.080000e+01	1.090000e+01	1.246261e-03	8.812398e-04	8.812398e-04
1.090000e+01	1.100000e+01	1.246261e-03	8.812398e-04	8.812398e-04
1.100000e+01	1.110000e+01	0.000000e+00	0.000000e+00	0.000000e+00
1.110000e+01	1.120000e+01	1.246261e-03	8.812398e-04	8.812398e-04
1.120000e+01	1.130000e+01	1.246261e-03	8.812398e-04	8.812398e-04
1.130000e+01	1.140000e+01	6.231306e-04	6.231306e-04	6.231306e-04
1.140000e+01	1.150000e+01	6.231306e-04	6.231306e-04	6.231306e-04
1.150000e+01	1.160000e+01	6.231306e-04	6.231306e-04	6.231306e-04
1.160000e+01	1.170000e+01	1.246261e-03	8.812398e-04	8.812398e-04
1.170000e+01	1.180000e+01	0.000000e+00	0.000000e+00	0.000000e+00
1.180000e+01	1.190000e+01	0.000000e+00	0.000000e+00	0.000000e+00
1.190000e+01	1.200000e+01	0.000000e+00	0.000000e+00	0.000000e+00
1.200000e+01	1.210000e+01	1.246261e-03	8.812398e-04	8.812398e-04
1.210000e+01	1.220000e+01	0.000000e+00	0.000000e+00	0.000000e+00
1.220000e+01	1.230000e+01	0.000000e+00	0.000000e+00	0.000000e+00
1.230000e+01	1.240000e+01	0.000000e+00	0.000000e+00	0.000000e+00
1.240000e+01	1.250000e+01	0.000000e+00	0.000000e+00	0.000000e+00
1.250000e+01	1.260000e+01	0.000000e+00	0.000000e+00	0.000000e+00
1.260000e+01	1.270000e+01	0.000000e+00	0.000000e+00	0.000000e+00
1.270000e+01	1.280000e+01	0.000000e+00	0.000000e+00	0.000000e+00
1.280000e+01	1.290000e+01	0.000000e+00	0.000000e+00	0.000000e+00
1.290000e+01	1.300000e+01	0.000000e+00	0.000000e+00	0.000000e+00
1.300000e+01	1.310000e+01	0.000000e+00	0.000000e+00	0.000000e+00
1.310000e+01	1.320000e+01	0.000000e+00	0.000000e+00	0.000000e+00
1.320000e+01	1.330000e+01	0.000000e+00	0.000000e+00	0.000000e+00
1.330000e+01	1.340000e+01	0.000000e+00	0.000000e+00	0.000000e+00
1.340000e+01	1.350000e+01	0.000000e+00	0.000000e+00	0.000000e+00
1.350000e+01	1.360000e+01	0.000000e+00	0.000000e+00	0.000000e+00
1.360000e+01	1.370000e+01	0.000000e+00	0.000000e+00	0.000000e+00
1.370000e+01	1.380000e+01	0.000000e+00	0.000000e+00	0.000000e+00
1.380000e+01	1.390000e+01	0.000000e+00	0.000000e+00	0.000000e+00
1.390000e+01	1.400000e+01	0.000000e+00	0.000000e+00	0.000000e+00
1.400000e+01	1.410000e+01	0.000000e+00	0.000000e+00	0.000000e+00
1.410000e+01	1.420000e+01	0.000000e+00	0.000000e+00	0.000000e+00
1.420000e+01	1.430000e+01	0.000000e+00	0.000000e+00	0.000000e+00
1.430000e+01	1.440000e+01	0.000000e+00	0.000000e+00	0.000000e+00
1.440000e+01	1.450000e+01	0.000000e+00	0.000000e+00	0.000000e+00
1.450000e+01	1.460000e+01	0.000000e+00	0.000000e+00	0.000000e+00
1.460000e+01	1.470000e+01	0.000000e+00	0.000000e+00	0.000000e+00
1.470000e+01	1.480000e+01	0.000000e+00	0.000000e+00	0.000000e+00
1.480000e+01	1.490000e+01	0.000000e+00	0.000000e+00	0.000000e+00
1.490000e+01	1.500000e+01	0.000000e+00	0.000000e+00	0.000000e+00
# END HISTO1D

