# BEGIN PLOT
LegendOnly=//home/frederic/Work/Software/LesHouches2017/lh2017-alphas/rivet-analysis/quark-as013650-truth.yoda/MC_LHJSS_Zjet/log_Angularity_zcut_0.2_beta_1_alpha_1 //home/frederic/Work/Software/LesHouches2017/lh2017-alphas/rivet-analysis/quark-as012285-truth.yoda/MC_LHJSS_Zjet/log_Angularity_zcut_0.2_beta_1_alpha_1 //home/frederic/Work/Software/LesHouches2017/lh2017-alphas/rivet-analysis/quark-as015015-truth.yoda/MC_LHJSS_Zjet/log_Angularity_zcut_0.2_beta_1_alpha_1
DrawOnly=//home/frederic/Work/Software/LesHouches2017/lh2017-alphas/rivet-analysis/quark-as013650-truth.yoda/MC_LHJSS_Zjet/log_Angularity_zcut_0.2_beta_1_alpha_1 //home/frederic/Work/Software/LesHouches2017/lh2017-alphas/rivet-analysis/quark-as012285-truth.yoda/MC_LHJSS_Zjet/log_Angularity_zcut_0.2_beta_1_alpha_1 //home/frederic/Work/Software/LesHouches2017/lh2017-alphas/rivet-analysis/quark-as015015-truth.yoda/MC_LHJSS_Zjet/log_Angularity_zcut_0.2_beta_1_alpha_1
Title=Angularity, $\alpha$ = 1 $z_{cut}$ = 0.2 $\beta$ = 1
RatioPlot=1
LogX=0
LogY=0
RatioPlotYLabel=Ratio
RatioPlotReference=//home/frederic/Work/Software/LesHouches2017/lh2017-alphas/rivet-analysis/quark-as013650-truth.yoda/MC_LHJSS_Zjet/log_Angularity_zcut_0.2_beta_1_alpha_1
XLabel=$e_\alpha$
YLabel=$1/\sigma \text{d}\sigma/\text{d}e_\alpha$
Legend=1
# END PLOT

# BEGIN HISTO1D //home/frederic/Work/Software/LesHouches2017/lh2017-alphas/rivet-analysis/quark-as013650-truth.yoda/MC_LHJSS_Zjet/log_Angularity_zcut_0.2_beta_1_alpha_1
LineColor=red
LineStyle=solid
NormalizeToSum=1
Path=//home/frederic/Work/Software/LesHouches2017/lh2017-alphas/rivet-analysis/quark-as013650-truth.yoda/MC_LHJSS_Zjet/log_Angularity_zcut_0.2_beta_1_alpha_1
ScaledBy=2.55102040816326554e-04
Title=quark-as013650-truth
XLabel=
YLabel=
# xlow	 xhigh	 val	 errminus	 errplus
0.000000e+00	1.000000e-01	0.000000e+00	0.000000e+00	0.000000e+00
1.000000e-01	2.000000e-01	0.000000e+00	0.000000e+00	0.000000e+00
2.000000e-01	3.000000e-01	0.000000e+00	0.000000e+00	0.000000e+00
3.000000e-01	4.000000e-01	0.000000e+00	0.000000e+00	0.000000e+00
4.000000e-01	5.000000e-01	2.551020e-03	2.551020e-03	2.551020e-03
5.000000e-01	6.000000e-01	5.102041e-03	3.607688e-03	3.607688e-03
6.000000e-01	7.000000e-01	1.785714e-02	6.749366e-03	6.749366e-03
7.000000e-01	8.000000e-01	4.081633e-02	1.020408e-02	1.020408e-02
8.000000e-01	9.000000e-01	5.102041e-02	1.140851e-02	1.140851e-02
9.000000e-01	1.000000e+00	6.632653e-02	1.300770e-02	1.300770e-02
1.000000e+00	1.100000e+00	9.438776e-02	1.551725e-02	1.551725e-02
1.100000e+00	1.200000e+00	6.887755e-02	1.325549e-02	1.325549e-02
1.200000e+00	1.300000e+00	9.438776e-02	1.551725e-02	1.551725e-02
1.300000e+00	1.400000e+00	8.163265e-02	1.443075e-02	1.443075e-02
1.400000e+00	1.500000e+00	1.096939e-01	1.672816e-02	1.672816e-02
1.500000e+00	1.600000e+00	1.096939e-01	1.672816e-02	1.672816e-02
1.600000e+00	1.700000e+00	1.556122e-01	1.992411e-02	1.992411e-02
1.700000e+00	1.800000e+00	1.352041e-01	1.857171e-02	1.857171e-02
1.800000e+00	1.900000e+00	1.403061e-01	1.891887e-02	1.891887e-02
1.900000e+00	2.000000e+00	1.556122e-01	1.992411e-02	1.992411e-02
2.000000e+00	2.100000e+00	1.428571e-01	1.909009e-02	1.909009e-02
2.100000e+00	2.200000e+00	1.428571e-01	1.909009e-02	1.909009e-02
2.200000e+00	2.300000e+00	1.530612e-01	1.976012e-02	1.976012e-02
2.300000e+00	2.400000e+00	1.454082e-01	1.925978e-02	1.925978e-02
2.400000e+00	2.500000e+00	1.505102e-01	1.959476e-02	1.959476e-02
2.500000e+00	2.600000e+00	1.734694e-01	2.103625e-02	2.103625e-02
2.600000e+00	2.700000e+00	1.862245e-01	2.179593e-02	2.179593e-02
2.700000e+00	2.800000e+00	2.193878e-01	2.365719e-02	2.365719e-02
2.800000e+00	2.900000e+00	2.015306e-01	2.267397e-02	2.267397e-02
2.900000e+00	3.000000e+00	1.938776e-01	2.223928e-02	2.223928e-02
3.000000e+00	3.100000e+00	2.448980e-01	2.499479e-02	2.499479e-02
3.100000e+00	3.200000e+00	2.321429e-01	2.433518e-02	2.433518e-02
3.200000e+00	3.300000e+00	2.168367e-01	2.351925e-02	2.351925e-02
3.300000e+00	3.400000e+00	2.244898e-01	2.393069e-02	2.393069e-02
3.400000e+00	3.500000e+00	2.551020e-01	2.551020e-02	2.551020e-02
3.500000e+00	3.600000e+00	2.678571e-01	2.614018e-02	2.614018e-02
3.600000e+00	3.700000e+00	2.576531e-01	2.563744e-02	2.563744e-02
3.700000e+00	3.800000e+00	2.627551e-01	2.589003e-02	2.589003e-02
3.800000e+00	3.900000e+00	2.295918e-01	2.420111e-02	2.420111e-02
3.900000e+00	4.000000e+00	2.755102e-01	2.651098e-02	2.651098e-02
4.000000e+00	4.100000e+00	3.061224e-01	2.794503e-02	2.794503e-02
4.100000e+00	4.200000e+00	3.418367e-01	2.953020e-02	2.953020e-02
4.200000e+00	4.300000e+00	3.469388e-01	2.974975e-02	2.974975e-02
4.300000e+00	4.400000e+00	3.469388e-01	2.974975e-02	2.974975e-02
4.400000e+00	4.500000e+00	3.367347e-01	2.930899e-02	2.930899e-02
4.500000e+00	4.600000e+00	3.903061e-01	3.155438e-02	3.155438e-02
4.600000e+00	4.700000e+00	3.673469e-01	3.061224e-02	3.061224e-02
4.700000e+00	4.800000e+00	3.392857e-01	2.941980e-02	2.941980e-02
4.800000e+00	4.900000e+00	3.571429e-01	3.018408e-02	3.018408e-02
4.900000e+00	5.000000e+00	2.984694e-01	2.759350e-02	2.759350e-02
5.000000e+00	5.100000e+00	2.933673e-01	2.735665e-02	2.735665e-02
5.100000e+00	5.200000e+00	2.397959e-01	2.473306e-02	2.473306e-02
5.200000e+00	5.300000e+00	1.403061e-01	1.891887e-02	1.891887e-02
5.300000e+00	5.400000e+00	1.122449e-01	1.692155e-02	1.692155e-02
5.400000e+00	5.500000e+00	9.438776e-02	1.551725e-02	1.551725e-02
5.500000e+00	5.600000e+00	7.142857e-02	1.349873e-02	1.349873e-02
5.600000e+00	5.700000e+00	4.336735e-02	1.051813e-02	1.051813e-02
5.700000e+00	5.800000e+00	2.551020e-02	8.067035e-03	8.067035e-03
5.800000e+00	5.900000e+00	7.653061e-03	4.418497e-03	4.418497e-03
5.900000e+00	6.000000e+00	2.551020e-03	2.551020e-03	2.551020e-03
6.000000e+00	6.100000e+00	7.653061e-03	4.418497e-03	4.418497e-03
6.100000e+00	6.200000e+00	7.653061e-03	4.418497e-03	4.418497e-03
6.200000e+00	6.300000e+00	2.551020e-03	2.551020e-03	2.551020e-03
6.300000e+00	6.400000e+00	0.000000e+00	0.000000e+00	0.000000e+00
6.400000e+00	6.500000e+00	5.102041e-03	3.607688e-03	3.607688e-03
6.500000e+00	6.600000e+00	2.551020e-03	2.551020e-03	2.551020e-03
6.600000e+00	6.700000e+00	0.000000e+00	0.000000e+00	0.000000e+00
6.700000e+00	6.800000e+00	2.551020e-03	2.551020e-03	2.551020e-03
6.800000e+00	6.900000e+00	0.000000e+00	0.000000e+00	0.000000e+00
6.900000e+00	7.000000e+00	0.000000e+00	0.000000e+00	0.000000e+00
7.000000e+00	7.100000e+00	0.000000e+00	0.000000e+00	0.000000e+00
7.100000e+00	7.200000e+00	0.000000e+00	0.000000e+00	0.000000e+00
7.200000e+00	7.300000e+00	0.000000e+00	0.000000e+00	0.000000e+00
7.300000e+00	7.400000e+00	0.000000e+00	0.000000e+00	0.000000e+00
7.400000e+00	7.500000e+00	0.000000e+00	0.000000e+00	0.000000e+00
7.500000e+00	7.600000e+00	0.000000e+00	0.000000e+00	0.000000e+00
7.600000e+00	7.700000e+00	0.000000e+00	0.000000e+00	0.000000e+00
7.700000e+00	7.800000e+00	0.000000e+00	0.000000e+00	0.000000e+00
7.800000e+00	7.900000e+00	0.000000e+00	0.000000e+00	0.000000e+00
7.900000e+00	8.000000e+00	0.000000e+00	0.000000e+00	0.000000e+00
8.000000e+00	8.100000e+00	0.000000e+00	0.000000e+00	0.000000e+00
8.100000e+00	8.200000e+00	2.551020e-03	2.551020e-03	2.551020e-03
8.200000e+00	8.300000e+00	2.551020e-03	2.551020e-03	2.551020e-03
8.300000e+00	8.400000e+00	0.000000e+00	0.000000e+00	0.000000e+00
8.400000e+00	8.500000e+00	0.000000e+00	0.000000e+00	0.000000e+00
8.500000e+00	8.600000e+00	0.000000e+00	0.000000e+00	0.000000e+00
8.600000e+00	8.700000e+00	0.000000e+00	0.000000e+00	0.000000e+00
8.700000e+00	8.800000e+00	0.000000e+00	0.000000e+00	0.000000e+00
8.800000e+00	8.900000e+00	0.000000e+00	0.000000e+00	0.000000e+00
8.900000e+00	9.000000e+00	0.000000e+00	0.000000e+00	0.000000e+00
9.000000e+00	9.100000e+00	0.000000e+00	0.000000e+00	0.000000e+00
9.100000e+00	9.200000e+00	0.000000e+00	0.000000e+00	0.000000e+00
9.200000e+00	9.300000e+00	0.000000e+00	0.000000e+00	0.000000e+00
9.300000e+00	9.400000e+00	0.000000e+00	0.000000e+00	0.000000e+00
9.400000e+00	9.500000e+00	0.000000e+00	0.000000e+00	0.000000e+00
9.500000e+00	9.600000e+00	0.000000e+00	0.000000e+00	0.000000e+00
9.600000e+00	9.700000e+00	0.000000e+00	0.000000e+00	0.000000e+00
9.700000e+00	9.800000e+00	0.000000e+00	0.000000e+00	0.000000e+00
9.800000e+00	9.900000e+00	0.000000e+00	0.000000e+00	0.000000e+00
9.900000e+00	1.000000e+01	0.000000e+00	0.000000e+00	0.000000e+00
1.000000e+01	1.010000e+01	0.000000e+00	0.000000e+00	0.000000e+00
1.010000e+01	1.020000e+01	0.000000e+00	0.000000e+00	0.000000e+00
1.020000e+01	1.030000e+01	0.000000e+00	0.000000e+00	0.000000e+00
1.030000e+01	1.040000e+01	0.000000e+00	0.000000e+00	0.000000e+00
1.040000e+01	1.050000e+01	0.000000e+00	0.000000e+00	0.000000e+00
1.050000e+01	1.060000e+01	0.000000e+00	0.000000e+00	0.000000e+00
1.060000e+01	1.070000e+01	0.000000e+00	0.000000e+00	0.000000e+00
1.070000e+01	1.080000e+01	0.000000e+00	0.000000e+00	0.000000e+00
1.080000e+01	1.090000e+01	0.000000e+00	0.000000e+00	0.000000e+00
1.090000e+01	1.100000e+01	0.000000e+00	0.000000e+00	0.000000e+00
1.100000e+01	1.110000e+01	0.000000e+00	0.000000e+00	0.000000e+00
1.110000e+01	1.120000e+01	0.000000e+00	0.000000e+00	0.000000e+00
1.120000e+01	1.130000e+01	0.000000e+00	0.000000e+00	0.000000e+00
1.130000e+01	1.140000e+01	0.000000e+00	0.000000e+00	0.000000e+00
1.140000e+01	1.150000e+01	0.000000e+00	0.000000e+00	0.000000e+00
1.150000e+01	1.160000e+01	0.000000e+00	0.000000e+00	0.000000e+00
1.160000e+01	1.170000e+01	0.000000e+00	0.000000e+00	0.000000e+00
1.170000e+01	1.180000e+01	0.000000e+00	0.000000e+00	0.000000e+00
1.180000e+01	1.190000e+01	0.000000e+00	0.000000e+00	0.000000e+00
1.190000e+01	1.200000e+01	0.000000e+00	0.000000e+00	0.000000e+00
1.200000e+01	1.210000e+01	0.000000e+00	0.000000e+00	0.000000e+00
1.210000e+01	1.220000e+01	0.000000e+00	0.000000e+00	0.000000e+00
1.220000e+01	1.230000e+01	0.000000e+00	0.000000e+00	0.000000e+00
1.230000e+01	1.240000e+01	0.000000e+00	0.000000e+00	0.000000e+00
1.240000e+01	1.250000e+01	0.000000e+00	0.000000e+00	0.000000e+00
1.250000e+01	1.260000e+01	0.000000e+00	0.000000e+00	0.000000e+00
1.260000e+01	1.270000e+01	0.000000e+00	0.000000e+00	0.000000e+00
1.270000e+01	1.280000e+01	0.000000e+00	0.000000e+00	0.000000e+00
1.280000e+01	1.290000e+01	0.000000e+00	0.000000e+00	0.000000e+00
1.290000e+01	1.300000e+01	0.000000e+00	0.000000e+00	0.000000e+00
1.300000e+01	1.310000e+01	0.000000e+00	0.000000e+00	0.000000e+00
1.310000e+01	1.320000e+01	0.000000e+00	0.000000e+00	0.000000e+00
1.320000e+01	1.330000e+01	0.000000e+00	0.000000e+00	0.000000e+00
1.330000e+01	1.340000e+01	0.000000e+00	0.000000e+00	0.000000e+00
1.340000e+01	1.350000e+01	0.000000e+00	0.000000e+00	0.000000e+00
1.350000e+01	1.360000e+01	0.000000e+00	0.000000e+00	0.000000e+00
1.360000e+01	1.370000e+01	0.000000e+00	0.000000e+00	0.000000e+00
1.370000e+01	1.380000e+01	0.000000e+00	0.000000e+00	0.000000e+00
1.380000e+01	1.390000e+01	0.000000e+00	0.000000e+00	0.000000e+00
1.390000e+01	1.400000e+01	0.000000e+00	0.000000e+00	0.000000e+00
1.400000e+01	1.410000e+01	0.000000e+00	0.000000e+00	0.000000e+00
1.410000e+01	1.420000e+01	0.000000e+00	0.000000e+00	0.000000e+00
1.420000e+01	1.430000e+01	0.000000e+00	0.000000e+00	0.000000e+00
1.430000e+01	1.440000e+01	0.000000e+00	0.000000e+00	0.000000e+00
1.440000e+01	1.450000e+01	0.000000e+00	0.000000e+00	0.000000e+00
1.450000e+01	1.460000e+01	0.000000e+00	0.000000e+00	0.000000e+00
1.460000e+01	1.470000e+01	0.000000e+00	0.000000e+00	0.000000e+00
1.470000e+01	1.480000e+01	0.000000e+00	0.000000e+00	0.000000e+00
1.480000e+01	1.490000e+01	0.000000e+00	0.000000e+00	0.000000e+00
1.490000e+01	1.500000e+01	0.000000e+00	0.000000e+00	0.000000e+00
# END HISTO1D

# BEGIN HISTO1D //home/frederic/Work/Software/LesHouches2017/lh2017-alphas/rivet-analysis/quark-as012285-truth.yoda/MC_LHJSS_Zjet/log_Angularity_zcut_0.2_beta_1_alpha_1
LineColor=blue
LineStyle=solid
NormalizeToSum=1
Path=//home/frederic/Work/Software/LesHouches2017/lh2017-alphas/rivet-analysis/quark-as012285-truth.yoda/MC_LHJSS_Zjet/log_Angularity_zcut_0.2_beta_1_alpha_1
ScaledBy=6.65158972994545696e-05
Title=quark-as012285-truth
XLabel=
YLabel=
# xlow	 xhigh	 val	 errminus	 errplus
0.000000e+00	1.000000e-01	0.000000e+00	0.000000e+00	0.000000e+00
1.000000e-01	2.000000e-01	0.000000e+00	0.000000e+00	0.000000e+00
2.000000e-01	3.000000e-01	0.000000e+00	0.000000e+00	0.000000e+00
3.000000e-01	4.000000e-01	1.330318e-03	9.406768e-04	9.406768e-04
4.000000e-01	5.000000e-01	6.651590e-04	6.651590e-04	6.651590e-04
5.000000e-01	6.000000e-01	4.656113e-03	1.759845e-03	1.759845e-03
6.000000e-01	7.000000e-01	1.463350e-02	3.119872e-03	3.119872e-03
7.000000e-01	8.000000e-01	2.394572e-02	3.990954e-03	3.990954e-03
8.000000e-01	9.000000e-01	3.724890e-02	4.977594e-03	4.977594e-03
9.000000e-01	1.000000e+00	5.254756e-02	5.912062e-03	5.912062e-03
1.000000e+00	1.100000e+00	7.582812e-02	7.101955e-03	7.101955e-03
1.100000e+00	1.200000e+00	7.715844e-02	7.163981e-03	7.163981e-03
1.200000e+00	1.300000e+00	9.112678e-02	7.785486e-03	7.785486e-03
1.300000e+00	1.400000e+00	9.046162e-02	7.757020e-03	7.757020e-03
1.400000e+00	1.500000e+00	1.050951e-01	8.360919e-03	8.360919e-03
1.500000e+00	1.600000e+00	1.223893e-01	9.022655e-03	9.022655e-03
1.600000e+00	1.700000e+00	9.910869e-02	8.119300e-03	8.119300e-03
1.700000e+00	1.800000e+00	1.117467e-01	8.621446e-03	8.621446e-03
1.800000e+00	1.900000e+00	1.250499e-01	9.120200e-03	9.120200e-03
1.900000e+00	2.000000e+00	1.197286e-01	8.924044e-03	8.924044e-03
2.000000e+00	2.100000e+00	1.303712e-01	9.312226e-03	9.312226e-03
2.100000e+00	2.200000e+00	1.696155e-01	1.062174e-02	1.062174e-02
2.200000e+00	2.300000e+00	1.303712e-01	9.312226e-03	9.312226e-03
2.300000e+00	2.400000e+00	1.529866e-01	1.008764e-02	1.008764e-02
2.400000e+00	2.500000e+00	1.516562e-01	1.004368e-02	1.004368e-02
2.500000e+00	2.600000e+00	1.769323e-01	1.084841e-02	1.084841e-02
2.600000e+00	2.700000e+00	1.609685e-01	1.034744e-02	1.034744e-02
2.700000e+00	2.800000e+00	1.603033e-01	1.032604e-02	1.032604e-02
2.800000e+00	2.900000e+00	1.709459e-01	1.066331e-02	1.066331e-02
2.900000e+00	3.000000e+00	1.756020e-01	1.080755e-02	1.080755e-02
3.000000e+00	3.100000e+00	1.922309e-01	1.130770e-02	1.130770e-02
3.100000e+00	3.200000e+00	1.802581e-01	1.094990e-02	1.094990e-02
3.200000e+00	3.300000e+00	1.975522e-01	1.146314e-02	1.146314e-02
3.300000e+00	3.400000e+00	2.068644e-01	1.173020e-02	1.173020e-02
3.400000e+00	3.500000e+00	2.175070e-01	1.202816e-02	1.202816e-02
3.500000e+00	3.600000e+00	2.061993e-01	1.171133e-02	1.171133e-02
3.600000e+00	3.700000e+00	2.321405e-01	1.242619e-02	1.242619e-02
3.700000e+00	3.800000e+00	2.321405e-01	1.242619e-02	1.242619e-02
3.800000e+00	3.900000e+00	2.367966e-01	1.255020e-02	1.255020e-02
3.900000e+00	4.000000e+00	2.148463e-01	1.195437e-02	1.195437e-02
4.000000e+00	4.100000e+00	2.467740e-01	1.281187e-02	1.281187e-02
4.100000e+00	4.200000e+00	2.580817e-01	1.310211e-02	1.310211e-02
4.200000e+00	4.300000e+00	3.299189e-01	1.481379e-02	1.481379e-02
4.300000e+00	4.400000e+00	3.339098e-01	1.490312e-02	1.490312e-02
4.400000e+00	4.500000e+00	3.299189e-01	1.481379e-02	1.481379e-02
4.500000e+00	4.600000e+00	4.084076e-01	1.648199e-02	1.648199e-02
4.600000e+00	4.700000e+00	4.170547e-01	1.665556e-02	1.665556e-02
4.700000e+00	4.800000e+00	4.423307e-01	1.715285e-02	1.715285e-02
4.800000e+00	4.900000e+00	4.237063e-01	1.678785e-02	1.678785e-02
4.900000e+00	5.000000e+00	3.831316e-01	1.596382e-02	1.596382e-02
5.000000e+00	5.100000e+00	3.558601e-01	1.538517e-02	1.538517e-02
5.100000e+00	5.200000e+00	2.940003e-01	1.398417e-02	1.398417e-02
5.200000e+00	5.300000e+00	2.314753e-01	1.240838e-02	1.240838e-02
5.300000e+00	5.400000e+00	1.855794e-01	1.111035e-02	1.111035e-02
5.400000e+00	5.500000e+00	1.356924e-01	9.500371e-03	9.500371e-03
5.500000e+00	5.600000e+00	1.117467e-01	8.621446e-03	8.621446e-03
5.600000e+00	5.700000e+00	7.848876e-02	7.225476e-03	7.225476e-03
5.700000e+00	5.800000e+00	5.254756e-02	5.912062e-03	5.912062e-03
5.800000e+00	5.900000e+00	4.057470e-02	5.195057e-03	5.195057e-03
5.900000e+00	6.000000e+00	2.793668e-02	4.310723e-03	4.310723e-03
6.000000e+00	6.100000e+00	1.862445e-02	3.519690e-03	3.519690e-03
6.100000e+00	6.200000e+00	8.647067e-03	2.398265e-03	2.398265e-03
6.200000e+00	6.300000e+00	5.986431e-03	1.995477e-03	1.995477e-03
6.300000e+00	6.400000e+00	8.647067e-03	2.398265e-03	2.398265e-03
6.400000e+00	6.500000e+00	4.656113e-03	1.759845e-03	1.759845e-03
6.500000e+00	6.600000e+00	2.660636e-03	1.330318e-03	1.330318e-03
6.600000e+00	6.700000e+00	1.995477e-03	1.152089e-03	1.152089e-03
6.700000e+00	6.800000e+00	5.321272e-03	1.881354e-03	1.881354e-03
6.800000e+00	6.900000e+00	2.660636e-03	1.330318e-03	1.330318e-03
6.900000e+00	7.000000e+00	1.330318e-03	9.406768e-04	9.406768e-04
7.000000e+00	7.100000e+00	1.330318e-03	9.406768e-04	9.406768e-04
7.100000e+00	7.200000e+00	0.000000e+00	0.000000e+00	0.000000e+00
7.200000e+00	7.300000e+00	1.330318e-03	9.406768e-04	9.406768e-04
7.300000e+00	7.400000e+00	6.651590e-04	6.651590e-04	6.651590e-04
7.400000e+00	7.500000e+00	0.000000e+00	0.000000e+00	0.000000e+00
7.500000e+00	7.600000e+00	0.000000e+00	0.000000e+00	0.000000e+00
7.600000e+00	7.700000e+00	0.000000e+00	0.000000e+00	0.000000e+00
7.700000e+00	7.800000e+00	0.000000e+00	0.000000e+00	0.000000e+00
7.800000e+00	7.900000e+00	0.000000e+00	0.000000e+00	0.000000e+00
7.900000e+00	8.000000e+00	0.000000e+00	0.000000e+00	0.000000e+00
8.000000e+00	8.100000e+00	0.000000e+00	0.000000e+00	0.000000e+00
8.100000e+00	8.200000e+00	0.000000e+00	0.000000e+00	0.000000e+00
8.200000e+00	8.300000e+00	0.000000e+00	0.000000e+00	0.000000e+00
8.300000e+00	8.400000e+00	0.000000e+00	0.000000e+00	0.000000e+00
8.400000e+00	8.500000e+00	0.000000e+00	0.000000e+00	0.000000e+00
8.500000e+00	8.600000e+00	0.000000e+00	0.000000e+00	0.000000e+00
8.600000e+00	8.700000e+00	0.000000e+00	0.000000e+00	0.000000e+00
8.700000e+00	8.800000e+00	0.000000e+00	0.000000e+00	0.000000e+00
8.800000e+00	8.900000e+00	0.000000e+00	0.000000e+00	0.000000e+00
8.900000e+00	9.000000e+00	0.000000e+00	0.000000e+00	0.000000e+00
9.000000e+00	9.100000e+00	0.000000e+00	0.000000e+00	0.000000e+00
9.100000e+00	9.200000e+00	0.000000e+00	0.000000e+00	0.000000e+00
9.200000e+00	9.300000e+00	0.000000e+00	0.000000e+00	0.000000e+00
9.300000e+00	9.400000e+00	0.000000e+00	0.000000e+00	0.000000e+00
9.400000e+00	9.500000e+00	0.000000e+00	0.000000e+00	0.000000e+00
9.500000e+00	9.600000e+00	0.000000e+00	0.000000e+00	0.000000e+00
9.600000e+00	9.700000e+00	0.000000e+00	0.000000e+00	0.000000e+00
9.700000e+00	9.800000e+00	0.000000e+00	0.000000e+00	0.000000e+00
9.800000e+00	9.900000e+00	0.000000e+00	0.000000e+00	0.000000e+00
9.900000e+00	1.000000e+01	0.000000e+00	0.000000e+00	0.000000e+00
1.000000e+01	1.010000e+01	0.000000e+00	0.000000e+00	0.000000e+00
1.010000e+01	1.020000e+01	0.000000e+00	0.000000e+00	0.000000e+00
1.020000e+01	1.030000e+01	0.000000e+00	0.000000e+00	0.000000e+00
1.030000e+01	1.040000e+01	0.000000e+00	0.000000e+00	0.000000e+00
1.040000e+01	1.050000e+01	0.000000e+00	0.000000e+00	0.000000e+00
1.050000e+01	1.060000e+01	0.000000e+00	0.000000e+00	0.000000e+00
1.060000e+01	1.070000e+01	0.000000e+00	0.000000e+00	0.000000e+00
1.070000e+01	1.080000e+01	0.000000e+00	0.000000e+00	0.000000e+00
1.080000e+01	1.090000e+01	0.000000e+00	0.000000e+00	0.000000e+00
1.090000e+01	1.100000e+01	0.000000e+00	0.000000e+00	0.000000e+00
1.100000e+01	1.110000e+01	0.000000e+00	0.000000e+00	0.000000e+00
1.110000e+01	1.120000e+01	0.000000e+00	0.000000e+00	0.000000e+00
1.120000e+01	1.130000e+01	0.000000e+00	0.000000e+00	0.000000e+00
1.130000e+01	1.140000e+01	0.000000e+00	0.000000e+00	0.000000e+00
1.140000e+01	1.150000e+01	0.000000e+00	0.000000e+00	0.000000e+00
1.150000e+01	1.160000e+01	0.000000e+00	0.000000e+00	0.000000e+00
1.160000e+01	1.170000e+01	0.000000e+00	0.000000e+00	0.000000e+00
1.170000e+01	1.180000e+01	0.000000e+00	0.000000e+00	0.000000e+00
1.180000e+01	1.190000e+01	0.000000e+00	0.000000e+00	0.000000e+00
1.190000e+01	1.200000e+01	0.000000e+00	0.000000e+00	0.000000e+00
1.200000e+01	1.210000e+01	0.000000e+00	0.000000e+00	0.000000e+00
1.210000e+01	1.220000e+01	0.000000e+00	0.000000e+00	0.000000e+00
1.220000e+01	1.230000e+01	0.000000e+00	0.000000e+00	0.000000e+00
1.230000e+01	1.240000e+01	0.000000e+00	0.000000e+00	0.000000e+00
1.240000e+01	1.250000e+01	0.000000e+00	0.000000e+00	0.000000e+00
1.250000e+01	1.260000e+01	0.000000e+00	0.000000e+00	0.000000e+00
1.260000e+01	1.270000e+01	0.000000e+00	0.000000e+00	0.000000e+00
1.270000e+01	1.280000e+01	0.000000e+00	0.000000e+00	0.000000e+00
1.280000e+01	1.290000e+01	0.000000e+00	0.000000e+00	0.000000e+00
1.290000e+01	1.300000e+01	0.000000e+00	0.000000e+00	0.000000e+00
1.300000e+01	1.310000e+01	0.000000e+00	0.000000e+00	0.000000e+00
1.310000e+01	1.320000e+01	0.000000e+00	0.000000e+00	0.000000e+00
1.320000e+01	1.330000e+01	0.000000e+00	0.000000e+00	0.000000e+00
1.330000e+01	1.340000e+01	0.000000e+00	0.000000e+00	0.000000e+00
1.340000e+01	1.350000e+01	0.000000e+00	0.000000e+00	0.000000e+00
1.350000e+01	1.360000e+01	0.000000e+00	0.000000e+00	0.000000e+00
1.360000e+01	1.370000e+01	0.000000e+00	0.000000e+00	0.000000e+00
1.370000e+01	1.380000e+01	0.000000e+00	0.000000e+00	0.000000e+00
1.380000e+01	1.390000e+01	0.000000e+00	0.000000e+00	0.000000e+00
1.390000e+01	1.400000e+01	0.000000e+00	0.000000e+00	0.000000e+00
1.400000e+01	1.410000e+01	0.000000e+00	0.000000e+00	0.000000e+00
1.410000e+01	1.420000e+01	0.000000e+00	0.000000e+00	0.000000e+00
1.420000e+01	1.430000e+01	0.000000e+00	0.000000e+00	0.000000e+00
1.430000e+01	1.440000e+01	0.000000e+00	0.000000e+00	0.000000e+00
1.440000e+01	1.450000e+01	0.000000e+00	0.000000e+00	0.000000e+00
1.450000e+01	1.460000e+01	0.000000e+00	0.000000e+00	0.000000e+00
1.460000e+01	1.470000e+01	0.000000e+00	0.000000e+00	0.000000e+00
1.470000e+01	1.480000e+01	0.000000e+00	0.000000e+00	0.000000e+00
1.480000e+01	1.490000e+01	0.000000e+00	0.000000e+00	0.000000e+00
1.490000e+01	1.500000e+01	0.000000e+00	0.000000e+00	0.000000e+00
# END HISTO1D

# BEGIN HISTO1D //home/frederic/Work/Software/LesHouches2017/lh2017-alphas/rivet-analysis/quark-as015015-truth.yoda/MC_LHJSS_Zjet/log_Angularity_zcut_0.2_beta_1_alpha_1
LineColor=green
LineStyle=solid
NormalizeToSum=1
Path=//home/frederic/Work/Software/LesHouches2017/lh2017-alphas/rivet-analysis/quark-as015015-truth.yoda/MC_LHJSS_Zjet/log_Angularity_zcut_0.2_beta_1_alpha_1
ScaledBy=6.23130608175473529e-05
Title=quark-as015015-truth
XLabel=
YLabel=
# xlow	 xhigh	 val	 errminus	 errplus
0.000000e+00	1.000000e-01	6.231306e-04	6.231306e-04	6.231306e-04
1.000000e-01	2.000000e-01	0.000000e+00	0.000000e+00	0.000000e+00
2.000000e-01	3.000000e-01	0.000000e+00	0.000000e+00	0.000000e+00
3.000000e-01	4.000000e-01	6.231306e-04	6.231306e-04	6.231306e-04
4.000000e-01	5.000000e-01	1.869392e-03	1.079294e-03	1.079294e-03
5.000000e-01	6.000000e-01	9.346959e-03	2.413374e-03	2.413374e-03
6.000000e-01	7.000000e-01	1.682453e-02	3.237882e-03	3.237882e-03
7.000000e-01	8.000000e-01	3.115653e-02	4.406199e-03	4.406199e-03
8.000000e-01	9.000000e-01	5.919741e-02	6.073526e-03	6.073526e-03
9.000000e-01	1.000000e+00	6.916750e-02	6.565088e-03	6.565088e-03
1.000000e+00	1.100000e+00	7.539880e-02	6.854437e-03	6.854437e-03
1.100000e+00	1.200000e+00	1.021934e-01	7.979966e-03	7.979966e-03
1.200000e+00	1.300000e+00	1.215105e-01	8.701545e-03	8.701545e-03
1.300000e+00	1.400000e+00	1.240030e-01	8.790339e-03	8.790339e-03
1.400000e+00	1.500000e+00	1.339731e-01	9.136888e-03	9.136888e-03
1.500000e+00	1.600000e+00	1.426969e-01	9.429677e-03	9.429677e-03
1.600000e+00	1.700000e+00	1.333500e-01	9.115615e-03	9.115615e-03
1.700000e+00	1.800000e+00	1.507976e-01	9.693637e-03	9.693637e-03
1.800000e+00	1.900000e+00	1.520439e-01	9.733611e-03	9.733611e-03
1.900000e+00	2.000000e+00	1.476820e-01	9.592974e-03	9.592974e-03
2.000000e+00	2.100000e+00	1.732303e-01	1.038966e-02	1.038966e-02
2.100000e+00	2.200000e+00	1.483051e-01	9.613191e-03	9.613191e-03
2.200000e+00	2.300000e+00	1.750997e-01	1.044557e-02	1.044557e-02
2.300000e+00	2.400000e+00	1.888086e-01	1.084677e-02	1.084677e-02
2.400000e+00	2.500000e+00	1.888086e-01	1.084677e-02	1.084677e-02
2.500000e+00	2.600000e+00	1.900548e-01	1.088251e-02	1.088251e-02
2.600000e+00	2.700000e+00	2.087488e-01	1.140516e-02	1.140516e-02
2.700000e+00	2.800000e+00	2.050100e-01	1.130257e-02	1.130257e-02
2.800000e+00	2.900000e+00	2.068794e-01	1.135398e-02	1.135398e-02
2.900000e+00	3.000000e+00	2.099950e-01	1.143916e-02	1.143916e-02
3.000000e+00	3.100000e+00	2.299352e-01	1.196995e-02	1.196995e-02
3.100000e+00	3.200000e+00	2.286889e-01	1.193747e-02	1.193747e-02
3.200000e+00	3.300000e+00	2.430209e-01	1.230584e-02	1.230584e-02
3.300000e+00	3.400000e+00	2.891326e-01	1.342265e-02	1.342265e-02
3.400000e+00	3.500000e+00	2.816550e-01	1.324794e-02	1.324794e-02
3.500000e+00	3.600000e+00	2.423978e-01	1.229006e-02	1.229006e-02
3.600000e+00	3.700000e+00	2.623380e-01	1.278557e-02	1.278557e-02
3.700000e+00	3.800000e+00	2.984796e-01	1.363788e-02	1.363788e-02
3.800000e+00	3.900000e+00	3.047109e-01	1.377950e-02	1.377950e-02
3.900000e+00	4.000000e+00	3.078265e-01	1.384977e-02	1.384977e-02
4.000000e+00	4.100000e+00	3.271436e-01	1.427772e-02	1.427772e-02
4.100000e+00	4.200000e+00	3.159272e-01	1.403082e-02	1.403082e-02
4.200000e+00	4.300000e+00	3.508225e-01	1.478541e-02	1.478541e-02
4.300000e+00	4.400000e+00	3.464606e-01	1.469320e-02	1.469320e-02
4.400000e+00	4.500000e+00	3.745015e-01	1.527623e-02	1.527623e-02
4.500000e+00	4.600000e+00	3.931954e-01	1.565286e-02	1.565286e-02
4.600000e+00	4.700000e+00	3.470837e-01	1.470641e-02	1.470641e-02
4.700000e+00	4.800000e+00	3.258973e-01	1.425049e-02	1.425049e-02
4.800000e+00	4.900000e+00	2.748006e-01	1.308574e-02	1.308574e-02
4.900000e+00	5.000000e+00	2.399053e-01	1.222670e-02	1.222670e-02
5.000000e+00	5.100000e+00	1.825773e-01	1.066628e-02	1.066628e-02
5.100000e+00	5.200000e+00	1.470588e-01	9.572714e-03	9.572714e-03
5.200000e+00	5.300000e+00	1.065553e-01	8.148490e-03	8.148490e-03
5.300000e+00	5.400000e+00	6.729811e-02	6.475763e-03	6.475763e-03
5.400000e+00	5.500000e+00	4.548853e-02	5.324030e-03	5.324030e-03
5.500000e+00	5.600000e+00	3.676471e-02	4.786357e-03	4.786357e-03
5.600000e+00	5.700000e+00	1.557827e-02	3.115653e-03	3.115653e-03
5.700000e+00	5.800000e+00	1.557827e-02	3.115653e-03	3.115653e-03
5.800000e+00	5.900000e+00	9.970090e-03	2.492522e-03	2.492522e-03
5.900000e+00	6.000000e+00	4.361914e-03	1.648649e-03	1.648649e-03
6.000000e+00	6.100000e+00	5.608175e-03	1.869392e-03	1.869392e-03
6.100000e+00	6.200000e+00	3.115653e-03	1.393362e-03	1.393362e-03
6.200000e+00	6.300000e+00	3.115653e-03	1.393362e-03	1.393362e-03
6.300000e+00	6.400000e+00	1.869392e-03	1.079294e-03	1.079294e-03
6.400000e+00	6.500000e+00	1.869392e-03	1.079294e-03	1.079294e-03
6.500000e+00	6.600000e+00	6.231306e-04	6.231306e-04	6.231306e-04
6.600000e+00	6.700000e+00	0.000000e+00	0.000000e+00	0.000000e+00
6.700000e+00	6.800000e+00	6.231306e-04	6.231306e-04	6.231306e-04
6.800000e+00	6.900000e+00	0.000000e+00	0.000000e+00	0.000000e+00
6.900000e+00	7.000000e+00	0.000000e+00	0.000000e+00	0.000000e+00
7.000000e+00	7.100000e+00	0.000000e+00	0.000000e+00	0.000000e+00
7.100000e+00	7.200000e+00	0.000000e+00	0.000000e+00	0.000000e+00
7.200000e+00	7.300000e+00	0.000000e+00	0.000000e+00	0.000000e+00
7.300000e+00	7.400000e+00	0.000000e+00	0.000000e+00	0.000000e+00
7.400000e+00	7.500000e+00	6.231306e-04	6.231306e-04	6.231306e-04
7.500000e+00	7.600000e+00	0.000000e+00	0.000000e+00	0.000000e+00
7.600000e+00	7.700000e+00	0.000000e+00	0.000000e+00	0.000000e+00
7.700000e+00	7.800000e+00	0.000000e+00	0.000000e+00	0.000000e+00
7.800000e+00	7.900000e+00	0.000000e+00	0.000000e+00	0.000000e+00
7.900000e+00	8.000000e+00	0.000000e+00	0.000000e+00	0.000000e+00
8.000000e+00	8.100000e+00	0.000000e+00	0.000000e+00	0.000000e+00
8.100000e+00	8.200000e+00	0.000000e+00	0.000000e+00	0.000000e+00
8.200000e+00	8.300000e+00	0.000000e+00	0.000000e+00	0.000000e+00
8.300000e+00	8.400000e+00	0.000000e+00	0.000000e+00	0.000000e+00
8.400000e+00	8.500000e+00	0.000000e+00	0.000000e+00	0.000000e+00
8.500000e+00	8.600000e+00	0.000000e+00	0.000000e+00	0.000000e+00
8.600000e+00	8.700000e+00	0.000000e+00	0.000000e+00	0.000000e+00
8.700000e+00	8.800000e+00	0.000000e+00	0.000000e+00	0.000000e+00
8.800000e+00	8.900000e+00	0.000000e+00	0.000000e+00	0.000000e+00
8.900000e+00	9.000000e+00	0.000000e+00	0.000000e+00	0.000000e+00
9.000000e+00	9.100000e+00	0.000000e+00	0.000000e+00	0.000000e+00
9.100000e+00	9.200000e+00	0.000000e+00	0.000000e+00	0.000000e+00
9.200000e+00	9.300000e+00	0.000000e+00	0.000000e+00	0.000000e+00
9.300000e+00	9.400000e+00	0.000000e+00	0.000000e+00	0.000000e+00
9.400000e+00	9.500000e+00	0.000000e+00	0.000000e+00	0.000000e+00
9.500000e+00	9.600000e+00	0.000000e+00	0.000000e+00	0.000000e+00
9.600000e+00	9.700000e+00	0.000000e+00	0.000000e+00	0.000000e+00
9.700000e+00	9.800000e+00	0.000000e+00	0.000000e+00	0.000000e+00
9.800000e+00	9.900000e+00	0.000000e+00	0.000000e+00	0.000000e+00
9.900000e+00	1.000000e+01	0.000000e+00	0.000000e+00	0.000000e+00
1.000000e+01	1.010000e+01	0.000000e+00	0.000000e+00	0.000000e+00
1.010000e+01	1.020000e+01	0.000000e+00	0.000000e+00	0.000000e+00
1.020000e+01	1.030000e+01	0.000000e+00	0.000000e+00	0.000000e+00
1.030000e+01	1.040000e+01	0.000000e+00	0.000000e+00	0.000000e+00
1.040000e+01	1.050000e+01	0.000000e+00	0.000000e+00	0.000000e+00
1.050000e+01	1.060000e+01	0.000000e+00	0.000000e+00	0.000000e+00
1.060000e+01	1.070000e+01	0.000000e+00	0.000000e+00	0.000000e+00
1.070000e+01	1.080000e+01	0.000000e+00	0.000000e+00	0.000000e+00
1.080000e+01	1.090000e+01	0.000000e+00	0.000000e+00	0.000000e+00
1.090000e+01	1.100000e+01	0.000000e+00	0.000000e+00	0.000000e+00
1.100000e+01	1.110000e+01	0.000000e+00	0.000000e+00	0.000000e+00
1.110000e+01	1.120000e+01	0.000000e+00	0.000000e+00	0.000000e+00
1.120000e+01	1.130000e+01	0.000000e+00	0.000000e+00	0.000000e+00
1.130000e+01	1.140000e+01	0.000000e+00	0.000000e+00	0.000000e+00
1.140000e+01	1.150000e+01	0.000000e+00	0.000000e+00	0.000000e+00
1.150000e+01	1.160000e+01	0.000000e+00	0.000000e+00	0.000000e+00
1.160000e+01	1.170000e+01	0.000000e+00	0.000000e+00	0.000000e+00
1.170000e+01	1.180000e+01	0.000000e+00	0.000000e+00	0.000000e+00
1.180000e+01	1.190000e+01	0.000000e+00	0.000000e+00	0.000000e+00
1.190000e+01	1.200000e+01	0.000000e+00	0.000000e+00	0.000000e+00
1.200000e+01	1.210000e+01	0.000000e+00	0.000000e+00	0.000000e+00
1.210000e+01	1.220000e+01	0.000000e+00	0.000000e+00	0.000000e+00
1.220000e+01	1.230000e+01	0.000000e+00	0.000000e+00	0.000000e+00
1.230000e+01	1.240000e+01	0.000000e+00	0.000000e+00	0.000000e+00
1.240000e+01	1.250000e+01	0.000000e+00	0.000000e+00	0.000000e+00
1.250000e+01	1.260000e+01	0.000000e+00	0.000000e+00	0.000000e+00
1.260000e+01	1.270000e+01	0.000000e+00	0.000000e+00	0.000000e+00
1.270000e+01	1.280000e+01	0.000000e+00	0.000000e+00	0.000000e+00
1.280000e+01	1.290000e+01	0.000000e+00	0.000000e+00	0.000000e+00
1.290000e+01	1.300000e+01	0.000000e+00	0.000000e+00	0.000000e+00
1.300000e+01	1.310000e+01	0.000000e+00	0.000000e+00	0.000000e+00
1.310000e+01	1.320000e+01	0.000000e+00	0.000000e+00	0.000000e+00
1.320000e+01	1.330000e+01	0.000000e+00	0.000000e+00	0.000000e+00
1.330000e+01	1.340000e+01	0.000000e+00	0.000000e+00	0.000000e+00
1.340000e+01	1.350000e+01	0.000000e+00	0.000000e+00	0.000000e+00
1.350000e+01	1.360000e+01	0.000000e+00	0.000000e+00	0.000000e+00
1.360000e+01	1.370000e+01	0.000000e+00	0.000000e+00	0.000000e+00
1.370000e+01	1.380000e+01	0.000000e+00	0.000000e+00	0.000000e+00
1.380000e+01	1.390000e+01	0.000000e+00	0.000000e+00	0.000000e+00
1.390000e+01	1.400000e+01	0.000000e+00	0.000000e+00	0.000000e+00
1.400000e+01	1.410000e+01	0.000000e+00	0.000000e+00	0.000000e+00
1.410000e+01	1.420000e+01	0.000000e+00	0.000000e+00	0.000000e+00
1.420000e+01	1.430000e+01	0.000000e+00	0.000000e+00	0.000000e+00
1.430000e+01	1.440000e+01	0.000000e+00	0.000000e+00	0.000000e+00
1.440000e+01	1.450000e+01	0.000000e+00	0.000000e+00	0.000000e+00
1.450000e+01	1.460000e+01	0.000000e+00	0.000000e+00	0.000000e+00
1.460000e+01	1.470000e+01	0.000000e+00	0.000000e+00	0.000000e+00
1.470000e+01	1.480000e+01	0.000000e+00	0.000000e+00	0.000000e+00
1.480000e+01	1.490000e+01	0.000000e+00	0.000000e+00	0.000000e+00
1.490000e+01	1.500000e+01	0.000000e+00	0.000000e+00	0.000000e+00
# END HISTO1D

