# BEGIN PLOT
LegendOnly=//home/frederic/Work/Software/LesHouches2017/lh2017-alphas/rivet-analysis/quark-as013650-truth.yoda/MC_LHJSS_Zjet/log_Angularity_zcut_0.2_beta_0_alpha_0.5 //home/frederic/Work/Software/LesHouches2017/lh2017-alphas/rivet-analysis/quark-as012285-truth.yoda/MC_LHJSS_Zjet/log_Angularity_zcut_0.2_beta_0_alpha_0.5 //home/frederic/Work/Software/LesHouches2017/lh2017-alphas/rivet-analysis/quark-as015015-truth.yoda/MC_LHJSS_Zjet/log_Angularity_zcut_0.2_beta_0_alpha_0.5
DrawOnly=//home/frederic/Work/Software/LesHouches2017/lh2017-alphas/rivet-analysis/quark-as013650-truth.yoda/MC_LHJSS_Zjet/log_Angularity_zcut_0.2_beta_0_alpha_0.5 //home/frederic/Work/Software/LesHouches2017/lh2017-alphas/rivet-analysis/quark-as012285-truth.yoda/MC_LHJSS_Zjet/log_Angularity_zcut_0.2_beta_0_alpha_0.5 //home/frederic/Work/Software/LesHouches2017/lh2017-alphas/rivet-analysis/quark-as015015-truth.yoda/MC_LHJSS_Zjet/log_Angularity_zcut_0.2_beta_0_alpha_0.5
Title=Angularity, $\alpha$ = 0.5 $z_{cut}$ = 0.2 $\beta$ = 0
RatioPlot=1
LogX=0
LogY=0
RatioPlotYLabel=Ratio
RatioPlotReference=//home/frederic/Work/Software/LesHouches2017/lh2017-alphas/rivet-analysis/quark-as013650-truth.yoda/MC_LHJSS_Zjet/log_Angularity_zcut_0.2_beta_0_alpha_0.5
XLabel=$e_\alpha$
YLabel=$1/\sigma \text{d}\sigma/\text{d}e_\alpha$
Legend=1
# END PLOT

# BEGIN HISTO1D //home/frederic/Work/Software/LesHouches2017/lh2017-alphas/rivet-analysis/quark-as013650-truth.yoda/MC_LHJSS_Zjet/log_Angularity_zcut_0.2_beta_0_alpha_0.5
LineColor=red
LineStyle=solid
NormalizeToSum=1
Path=//home/frederic/Work/Software/LesHouches2017/lh2017-alphas/rivet-analysis/quark-as013650-truth.yoda/MC_LHJSS_Zjet/log_Angularity_zcut_0.2_beta_0_alpha_0.5
ScaledBy=2.55102040816326554e-04
Title=quark-as013650-truth
XLabel=
YLabel=
# xlow	 xhigh	 val	 errminus	 errplus
0.000000e+00	1.000000e-01	0.000000e+00	0.000000e+00	0.000000e+00
1.000000e-01	2.000000e-01	0.000000e+00	0.000000e+00	0.000000e+00
2.000000e-01	3.000000e-01	0.000000e+00	0.000000e+00	0.000000e+00
3.000000e-01	4.000000e-01	5.102041e-03	3.607688e-03	3.607688e-03
4.000000e-01	5.000000e-01	2.040816e-02	7.215375e-03	7.215375e-03
5.000000e-01	6.000000e-01	4.336735e-02	1.051813e-02	1.051813e-02
6.000000e-01	7.000000e-01	7.397959e-02	1.373766e-02	1.373766e-02
7.000000e-01	8.000000e-01	1.173469e-01	1.730186e-02	1.730186e-02
8.000000e-01	9.000000e-01	1.530612e-01	1.976012e-02	1.976012e-02
9.000000e-01	1.000000e+00	1.734694e-01	2.103625e-02	2.103625e-02
1.000000e+00	1.100000e+00	1.862245e-01	2.179593e-02	2.179593e-02
1.100000e+00	1.200000e+00	2.474490e-01	2.512464e-02	2.512464e-02
1.200000e+00	1.300000e+00	1.836735e-01	2.164613e-02	2.164613e-02
1.300000e+00	1.400000e+00	2.602041e-01	2.576404e-02	2.576404e-02
1.400000e+00	1.500000e+00	2.448980e-01	2.499479e-02	2.499479e-02
1.500000e+00	1.600000e+00	2.397959e-01	2.473306e-02	2.473306e-02
1.600000e+00	1.700000e+00	2.500000e-01	2.525381e-02	2.525381e-02
1.700000e+00	1.800000e+00	2.270408e-01	2.406628e-02	2.406628e-02
1.800000e+00	1.900000e+00	2.117347e-01	2.324090e-02	2.324090e-02
1.900000e+00	2.000000e+00	2.397959e-01	2.473306e-02	2.473306e-02
2.000000e+00	2.100000e+00	2.270408e-01	2.406628e-02	2.406628e-02
2.100000e+00	2.200000e+00	2.091837e-01	2.310047e-02	2.310047e-02
2.200000e+00	2.300000e+00	2.627551e-01	2.589003e-02	2.589003e-02
2.300000e+00	2.400000e+00	2.780612e-01	2.663344e-02	2.663344e-02
2.400000e+00	2.500000e+00	3.188776e-01	2.852127e-02	2.852127e-02
2.500000e+00	2.600000e+00	4.056122e-01	3.216714e-02	3.216714e-02
2.600000e+00	2.700000e+00	4.438776e-01	3.365027e-02	3.365027e-02
2.700000e+00	2.800000e+00	5.178571e-01	3.634644e-02	3.634644e-02
2.800000e+00	2.900000e+00	5.433673e-01	3.723091e-02	3.723091e-02
2.900000e+00	3.000000e+00	4.974490e-01	3.562305e-02	3.562305e-02
3.000000e+00	3.100000e+00	4.311224e-01	3.316326e-02	3.316326e-02
3.100000e+00	3.200000e+00	5.025510e-01	3.580528e-02	3.580528e-02
3.200000e+00	3.300000e+00	4.056122e-01	3.216714e-02	3.216714e-02
3.300000e+00	3.400000e+00	3.112245e-01	2.817694e-02	2.817694e-02
3.400000e+00	3.500000e+00	2.704082e-01	2.626436e-02	2.626436e-02
3.500000e+00	3.600000e+00	1.887755e-01	2.194471e-02	2.194471e-02
3.600000e+00	3.700000e+00	2.219388e-01	2.379433e-02	2.379433e-02
3.700000e+00	3.800000e+00	1.683673e-01	2.072459e-02	2.072459e-02
3.800000e+00	3.900000e+00	1.071429e-01	1.653250e-02	1.653250e-02
3.900000e+00	4.000000e+00	8.418367e-02	1.465450e-02	1.465450e-02
4.000000e+00	4.100000e+00	7.142857e-02	1.349873e-02	1.349873e-02
4.100000e+00	4.200000e+00	6.122449e-02	1.249740e-02	1.249740e-02
4.200000e+00	4.300000e+00	3.826531e-02	9.880060e-03	9.880060e-03
4.300000e+00	4.400000e+00	4.591837e-02	1.082306e-02	1.082306e-02
4.400000e+00	4.500000e+00	5.102041e-02	1.140851e-02	1.140851e-02
4.500000e+00	4.600000e+00	1.275510e-02	5.704255e-03	5.704255e-03
4.600000e+00	4.700000e+00	3.061224e-02	8.836994e-03	8.836994e-03
4.700000e+00	4.800000e+00	1.275510e-02	5.704255e-03	5.704255e-03
4.800000e+00	4.900000e+00	2.040816e-02	7.215375e-03	7.215375e-03
4.900000e+00	5.000000e+00	1.020408e-02	5.102041e-03	5.102041e-03
5.000000e+00	5.100000e+00	5.102041e-03	3.607688e-03	3.607688e-03
5.100000e+00	5.200000e+00	5.102041e-03	3.607688e-03	3.607688e-03
5.200000e+00	5.300000e+00	2.551020e-03	2.551020e-03	2.551020e-03
5.300000e+00	5.400000e+00	0.000000e+00	0.000000e+00	0.000000e+00
5.400000e+00	5.500000e+00	0.000000e+00	0.000000e+00	0.000000e+00
5.500000e+00	5.600000e+00	0.000000e+00	0.000000e+00	0.000000e+00
5.600000e+00	5.700000e+00	0.000000e+00	0.000000e+00	0.000000e+00
5.700000e+00	5.800000e+00	0.000000e+00	0.000000e+00	0.000000e+00
5.800000e+00	5.900000e+00	0.000000e+00	0.000000e+00	0.000000e+00
5.900000e+00	6.000000e+00	0.000000e+00	0.000000e+00	0.000000e+00
6.000000e+00	6.100000e+00	0.000000e+00	0.000000e+00	0.000000e+00
6.100000e+00	6.200000e+00	0.000000e+00	0.000000e+00	0.000000e+00
6.200000e+00	6.300000e+00	0.000000e+00	0.000000e+00	0.000000e+00
6.300000e+00	6.400000e+00	0.000000e+00	0.000000e+00	0.000000e+00
6.400000e+00	6.500000e+00	0.000000e+00	0.000000e+00	0.000000e+00
6.500000e+00	6.600000e+00	0.000000e+00	0.000000e+00	0.000000e+00
6.600000e+00	6.700000e+00	0.000000e+00	0.000000e+00	0.000000e+00
6.700000e+00	6.800000e+00	0.000000e+00	0.000000e+00	0.000000e+00
6.800000e+00	6.900000e+00	0.000000e+00	0.000000e+00	0.000000e+00
6.900000e+00	7.000000e+00	0.000000e+00	0.000000e+00	0.000000e+00
7.000000e+00	7.100000e+00	0.000000e+00	0.000000e+00	0.000000e+00
7.100000e+00	7.200000e+00	0.000000e+00	0.000000e+00	0.000000e+00
7.200000e+00	7.300000e+00	0.000000e+00	0.000000e+00	0.000000e+00
7.300000e+00	7.400000e+00	0.000000e+00	0.000000e+00	0.000000e+00
7.400000e+00	7.500000e+00	0.000000e+00	0.000000e+00	0.000000e+00
7.500000e+00	7.600000e+00	0.000000e+00	0.000000e+00	0.000000e+00
7.600000e+00	7.700000e+00	0.000000e+00	0.000000e+00	0.000000e+00
7.700000e+00	7.800000e+00	0.000000e+00	0.000000e+00	0.000000e+00
7.800000e+00	7.900000e+00	0.000000e+00	0.000000e+00	0.000000e+00
7.900000e+00	8.000000e+00	0.000000e+00	0.000000e+00	0.000000e+00
8.000000e+00	8.100000e+00	0.000000e+00	0.000000e+00	0.000000e+00
8.100000e+00	8.200000e+00	0.000000e+00	0.000000e+00	0.000000e+00
8.200000e+00	8.300000e+00	0.000000e+00	0.000000e+00	0.000000e+00
8.300000e+00	8.400000e+00	0.000000e+00	0.000000e+00	0.000000e+00
8.400000e+00	8.500000e+00	0.000000e+00	0.000000e+00	0.000000e+00
8.500000e+00	8.600000e+00	0.000000e+00	0.000000e+00	0.000000e+00
8.600000e+00	8.700000e+00	0.000000e+00	0.000000e+00	0.000000e+00
8.700000e+00	8.800000e+00	0.000000e+00	0.000000e+00	0.000000e+00
8.800000e+00	8.900000e+00	0.000000e+00	0.000000e+00	0.000000e+00
8.900000e+00	9.000000e+00	0.000000e+00	0.000000e+00	0.000000e+00
9.000000e+00	9.100000e+00	0.000000e+00	0.000000e+00	0.000000e+00
9.100000e+00	9.200000e+00	0.000000e+00	0.000000e+00	0.000000e+00
9.200000e+00	9.300000e+00	0.000000e+00	0.000000e+00	0.000000e+00
9.300000e+00	9.400000e+00	0.000000e+00	0.000000e+00	0.000000e+00
9.400000e+00	9.500000e+00	0.000000e+00	0.000000e+00	0.000000e+00
9.500000e+00	9.600000e+00	0.000000e+00	0.000000e+00	0.000000e+00
9.600000e+00	9.700000e+00	0.000000e+00	0.000000e+00	0.000000e+00
9.700000e+00	9.800000e+00	0.000000e+00	0.000000e+00	0.000000e+00
9.800000e+00	9.900000e+00	0.000000e+00	0.000000e+00	0.000000e+00
9.900000e+00	1.000000e+01	0.000000e+00	0.000000e+00	0.000000e+00
1.000000e+01	1.010000e+01	0.000000e+00	0.000000e+00	0.000000e+00
1.010000e+01	1.020000e+01	0.000000e+00	0.000000e+00	0.000000e+00
1.020000e+01	1.030000e+01	0.000000e+00	0.000000e+00	0.000000e+00
1.030000e+01	1.040000e+01	0.000000e+00	0.000000e+00	0.000000e+00
1.040000e+01	1.050000e+01	0.000000e+00	0.000000e+00	0.000000e+00
1.050000e+01	1.060000e+01	0.000000e+00	0.000000e+00	0.000000e+00
1.060000e+01	1.070000e+01	0.000000e+00	0.000000e+00	0.000000e+00
1.070000e+01	1.080000e+01	0.000000e+00	0.000000e+00	0.000000e+00
1.080000e+01	1.090000e+01	0.000000e+00	0.000000e+00	0.000000e+00
1.090000e+01	1.100000e+01	0.000000e+00	0.000000e+00	0.000000e+00
1.100000e+01	1.110000e+01	0.000000e+00	0.000000e+00	0.000000e+00
1.110000e+01	1.120000e+01	0.000000e+00	0.000000e+00	0.000000e+00
1.120000e+01	1.130000e+01	0.000000e+00	0.000000e+00	0.000000e+00
1.130000e+01	1.140000e+01	0.000000e+00	0.000000e+00	0.000000e+00
1.140000e+01	1.150000e+01	0.000000e+00	0.000000e+00	0.000000e+00
1.150000e+01	1.160000e+01	0.000000e+00	0.000000e+00	0.000000e+00
1.160000e+01	1.170000e+01	0.000000e+00	0.000000e+00	0.000000e+00
1.170000e+01	1.180000e+01	0.000000e+00	0.000000e+00	0.000000e+00
1.180000e+01	1.190000e+01	0.000000e+00	0.000000e+00	0.000000e+00
1.190000e+01	1.200000e+01	0.000000e+00	0.000000e+00	0.000000e+00
1.200000e+01	1.210000e+01	0.000000e+00	0.000000e+00	0.000000e+00
1.210000e+01	1.220000e+01	0.000000e+00	0.000000e+00	0.000000e+00
1.220000e+01	1.230000e+01	0.000000e+00	0.000000e+00	0.000000e+00
1.230000e+01	1.240000e+01	0.000000e+00	0.000000e+00	0.000000e+00
1.240000e+01	1.250000e+01	0.000000e+00	0.000000e+00	0.000000e+00
1.250000e+01	1.260000e+01	0.000000e+00	0.000000e+00	0.000000e+00
1.260000e+01	1.270000e+01	0.000000e+00	0.000000e+00	0.000000e+00
1.270000e+01	1.280000e+01	0.000000e+00	0.000000e+00	0.000000e+00
1.280000e+01	1.290000e+01	0.000000e+00	0.000000e+00	0.000000e+00
1.290000e+01	1.300000e+01	0.000000e+00	0.000000e+00	0.000000e+00
1.300000e+01	1.310000e+01	0.000000e+00	0.000000e+00	0.000000e+00
1.310000e+01	1.320000e+01	0.000000e+00	0.000000e+00	0.000000e+00
1.320000e+01	1.330000e+01	0.000000e+00	0.000000e+00	0.000000e+00
1.330000e+01	1.340000e+01	0.000000e+00	0.000000e+00	0.000000e+00
1.340000e+01	1.350000e+01	0.000000e+00	0.000000e+00	0.000000e+00
1.350000e+01	1.360000e+01	0.000000e+00	0.000000e+00	0.000000e+00
1.360000e+01	1.370000e+01	0.000000e+00	0.000000e+00	0.000000e+00
1.370000e+01	1.380000e+01	0.000000e+00	0.000000e+00	0.000000e+00
1.380000e+01	1.390000e+01	0.000000e+00	0.000000e+00	0.000000e+00
1.390000e+01	1.400000e+01	0.000000e+00	0.000000e+00	0.000000e+00
1.400000e+01	1.410000e+01	0.000000e+00	0.000000e+00	0.000000e+00
1.410000e+01	1.420000e+01	0.000000e+00	0.000000e+00	0.000000e+00
1.420000e+01	1.430000e+01	0.000000e+00	0.000000e+00	0.000000e+00
1.430000e+01	1.440000e+01	0.000000e+00	0.000000e+00	0.000000e+00
1.440000e+01	1.450000e+01	0.000000e+00	0.000000e+00	0.000000e+00
1.450000e+01	1.460000e+01	0.000000e+00	0.000000e+00	0.000000e+00
1.460000e+01	1.470000e+01	0.000000e+00	0.000000e+00	0.000000e+00
1.470000e+01	1.480000e+01	0.000000e+00	0.000000e+00	0.000000e+00
1.480000e+01	1.490000e+01	0.000000e+00	0.000000e+00	0.000000e+00
1.490000e+01	1.500000e+01	0.000000e+00	0.000000e+00	0.000000e+00
# END HISTO1D

# BEGIN HISTO1D //home/frederic/Work/Software/LesHouches2017/lh2017-alphas/rivet-analysis/quark-as012285-truth.yoda/MC_LHJSS_Zjet/log_Angularity_zcut_0.2_beta_0_alpha_0.5
LineColor=blue
LineStyle=solid
NormalizeToSum=1
Path=//home/frederic/Work/Software/LesHouches2017/lh2017-alphas/rivet-analysis/quark-as012285-truth.yoda/MC_LHJSS_Zjet/log_Angularity_zcut_0.2_beta_0_alpha_0.5
ScaledBy=6.65158972994545696e-05
Title=quark-as012285-truth
XLabel=
YLabel=
# xlow	 xhigh	 val	 errminus	 errplus
0.000000e+00	1.000000e-01	0.000000e+00	0.000000e+00	0.000000e+00
1.000000e-01	2.000000e-01	0.000000e+00	0.000000e+00	0.000000e+00
2.000000e-01	3.000000e-01	6.651590e-04	6.651590e-04	6.651590e-04
3.000000e-01	4.000000e-01	1.995477e-03	1.152089e-03	1.152089e-03
4.000000e-01	5.000000e-01	1.862445e-02	3.519690e-03	3.519690e-03
5.000000e-01	6.000000e-01	3.059731e-02	4.511328e-03	4.511328e-03
6.000000e-01	7.000000e-01	6.452042e-02	6.551056e-03	6.551056e-03
7.000000e-01	8.000000e-01	1.044300e-01	8.334418e-03	8.334418e-03
8.000000e-01	9.000000e-01	1.250499e-01	9.120200e-03	9.120200e-03
9.000000e-01	1.000000e+00	1.430092e-01	9.753145e-03	9.753145e-03
1.000000e+00	1.100000e+00	1.662897e-01	1.051709e-02	1.051709e-02
1.100000e+00	1.200000e+00	1.955567e-01	1.140510e-02	1.140510e-02
1.200000e+00	1.300000e+00	1.988825e-01	1.150167e-02	1.150167e-02
1.300000e+00	1.400000e+00	2.301450e-01	1.237267e-02	1.237267e-02
1.400000e+00	1.500000e+00	1.922309e-01	1.130770e-02	1.130770e-02
1.500000e+00	1.600000e+00	2.168418e-01	1.200976e-02	1.200976e-02
1.600000e+00	1.700000e+00	2.121857e-01	1.188012e-02	1.188012e-02
1.700000e+00	1.800000e+00	2.048690e-01	1.167349e-02	1.167349e-02
1.800000e+00	1.900000e+00	2.348011e-01	1.249720e-02	1.249720e-02
1.900000e+00	2.000000e+00	2.075296e-01	1.174905e-02	1.174905e-02
2.000000e+00	2.100000e+00	1.875748e-01	1.116992e-02	1.116992e-02
2.100000e+00	2.200000e+00	2.008780e-01	1.155923e-02	1.155923e-02
2.200000e+00	2.300000e+00	2.028735e-01	1.161650e-02	1.161650e-02
2.300000e+00	2.400000e+00	2.294798e-01	1.235478e-02	1.235478e-02
2.400000e+00	2.500000e+00	2.640681e-01	1.325320e-02	1.325320e-02
2.500000e+00	2.600000e+00	3.352401e-01	1.493278e-02	1.493278e-02
2.600000e+00	2.700000e+00	3.784755e-01	1.586652e-02	1.586652e-02
2.700000e+00	2.800000e+00	4.849009e-01	1.795929e-02	1.795929e-02
2.800000e+00	2.900000e+00	5.314620e-01	1.880177e-02	1.880177e-02
2.900000e+00	3.000000e+00	5.281362e-01	1.874285e-02	1.874285e-02
3.000000e+00	3.100000e+00	5.288014e-01	1.875465e-02	1.875465e-02
3.100000e+00	3.200000e+00	5.181588e-01	1.856497e-02	1.856497e-02
3.200000e+00	3.300000e+00	4.549687e-01	1.739616e-02	1.739616e-02
3.300000e+00	3.400000e+00	3.691632e-01	1.567011e-02	1.567011e-02
3.400000e+00	3.500000e+00	3.252627e-01	1.470889e-02	1.470889e-02
3.500000e+00	3.600000e+00	2.554210e-01	1.303440e-02	1.303440e-02
3.600000e+00	3.700000e+00	2.294798e-01	1.235478e-02	1.235478e-02
3.700000e+00	3.800000e+00	1.928961e-01	1.132725e-02	1.132725e-02
3.800000e+00	3.900000e+00	1.722762e-01	1.070472e-02	1.070472e-02
3.900000e+00	4.000000e+00	1.190635e-01	8.899221e-03	8.899221e-03
4.000000e+00	4.100000e+00	8.979646e-02	7.728449e-03	7.728449e-03
4.100000e+00	4.200000e+00	8.846614e-02	7.670988e-03	7.670988e-03
4.200000e+00	4.300000e+00	7.449780e-02	7.039381e-03	7.039381e-03
4.300000e+00	4.400000e+00	5.986431e-02	6.310252e-03	6.310252e-03
4.400000e+00	4.500000e+00	3.658374e-02	4.932951e-03	4.932951e-03
4.500000e+00	4.600000e+00	3.857922e-02	5.065699e-03	5.065699e-03
4.600000e+00	4.700000e+00	2.195025e-02	3.821047e-03	3.821047e-03
4.700000e+00	4.800000e+00	1.862445e-02	3.519690e-03	3.519690e-03
4.800000e+00	4.900000e+00	1.463350e-02	3.119872e-03	3.119872e-03
4.900000e+00	5.000000e+00	6.651590e-03	2.103417e-03	2.103417e-03
5.000000e+00	5.100000e+00	6.651590e-03	2.103417e-03	2.103417e-03
5.100000e+00	5.200000e+00	1.995477e-03	1.152089e-03	1.152089e-03
5.200000e+00	5.300000e+00	1.995477e-03	1.152089e-03	1.152089e-03
5.300000e+00	5.400000e+00	6.651590e-04	6.651590e-04	6.651590e-04
5.400000e+00	5.500000e+00	1.995477e-03	1.152089e-03	1.152089e-03
5.500000e+00	5.600000e+00	6.651590e-04	6.651590e-04	6.651590e-04
5.600000e+00	5.700000e+00	6.651590e-04	6.651590e-04	6.651590e-04
5.700000e+00	5.800000e+00	0.000000e+00	0.000000e+00	0.000000e+00
5.800000e+00	5.900000e+00	0.000000e+00	0.000000e+00	0.000000e+00
5.900000e+00	6.000000e+00	0.000000e+00	0.000000e+00	0.000000e+00
6.000000e+00	6.100000e+00	0.000000e+00	0.000000e+00	0.000000e+00
6.100000e+00	6.200000e+00	0.000000e+00	0.000000e+00	0.000000e+00
6.200000e+00	6.300000e+00	0.000000e+00	0.000000e+00	0.000000e+00
6.300000e+00	6.400000e+00	0.000000e+00	0.000000e+00	0.000000e+00
6.400000e+00	6.500000e+00	0.000000e+00	0.000000e+00	0.000000e+00
6.500000e+00	6.600000e+00	0.000000e+00	0.000000e+00	0.000000e+00
6.600000e+00	6.700000e+00	0.000000e+00	0.000000e+00	0.000000e+00
6.700000e+00	6.800000e+00	0.000000e+00	0.000000e+00	0.000000e+00
6.800000e+00	6.900000e+00	0.000000e+00	0.000000e+00	0.000000e+00
6.900000e+00	7.000000e+00	0.000000e+00	0.000000e+00	0.000000e+00
7.000000e+00	7.100000e+00	0.000000e+00	0.000000e+00	0.000000e+00
7.100000e+00	7.200000e+00	0.000000e+00	0.000000e+00	0.000000e+00
7.200000e+00	7.300000e+00	0.000000e+00	0.000000e+00	0.000000e+00
7.300000e+00	7.400000e+00	0.000000e+00	0.000000e+00	0.000000e+00
7.400000e+00	7.500000e+00	0.000000e+00	0.000000e+00	0.000000e+00
7.500000e+00	7.600000e+00	0.000000e+00	0.000000e+00	0.000000e+00
7.600000e+00	7.700000e+00	0.000000e+00	0.000000e+00	0.000000e+00
7.700000e+00	7.800000e+00	0.000000e+00	0.000000e+00	0.000000e+00
7.800000e+00	7.900000e+00	0.000000e+00	0.000000e+00	0.000000e+00
7.900000e+00	8.000000e+00	0.000000e+00	0.000000e+00	0.000000e+00
8.000000e+00	8.100000e+00	0.000000e+00	0.000000e+00	0.000000e+00
8.100000e+00	8.200000e+00	0.000000e+00	0.000000e+00	0.000000e+00
8.200000e+00	8.300000e+00	0.000000e+00	0.000000e+00	0.000000e+00
8.300000e+00	8.400000e+00	0.000000e+00	0.000000e+00	0.000000e+00
8.400000e+00	8.500000e+00	0.000000e+00	0.000000e+00	0.000000e+00
8.500000e+00	8.600000e+00	0.000000e+00	0.000000e+00	0.000000e+00
8.600000e+00	8.700000e+00	0.000000e+00	0.000000e+00	0.000000e+00
8.700000e+00	8.800000e+00	0.000000e+00	0.000000e+00	0.000000e+00
8.800000e+00	8.900000e+00	0.000000e+00	0.000000e+00	0.000000e+00
8.900000e+00	9.000000e+00	0.000000e+00	0.000000e+00	0.000000e+00
9.000000e+00	9.100000e+00	0.000000e+00	0.000000e+00	0.000000e+00
9.100000e+00	9.200000e+00	0.000000e+00	0.000000e+00	0.000000e+00
9.200000e+00	9.300000e+00	0.000000e+00	0.000000e+00	0.000000e+00
9.300000e+00	9.400000e+00	0.000000e+00	0.000000e+00	0.000000e+00
9.400000e+00	9.500000e+00	0.000000e+00	0.000000e+00	0.000000e+00
9.500000e+00	9.600000e+00	0.000000e+00	0.000000e+00	0.000000e+00
9.600000e+00	9.700000e+00	0.000000e+00	0.000000e+00	0.000000e+00
9.700000e+00	9.800000e+00	0.000000e+00	0.000000e+00	0.000000e+00
9.800000e+00	9.900000e+00	0.000000e+00	0.000000e+00	0.000000e+00
9.900000e+00	1.000000e+01	0.000000e+00	0.000000e+00	0.000000e+00
1.000000e+01	1.010000e+01	0.000000e+00	0.000000e+00	0.000000e+00
1.010000e+01	1.020000e+01	0.000000e+00	0.000000e+00	0.000000e+00
1.020000e+01	1.030000e+01	0.000000e+00	0.000000e+00	0.000000e+00
1.030000e+01	1.040000e+01	0.000000e+00	0.000000e+00	0.000000e+00
1.040000e+01	1.050000e+01	0.000000e+00	0.000000e+00	0.000000e+00
1.050000e+01	1.060000e+01	0.000000e+00	0.000000e+00	0.000000e+00
1.060000e+01	1.070000e+01	0.000000e+00	0.000000e+00	0.000000e+00
1.070000e+01	1.080000e+01	0.000000e+00	0.000000e+00	0.000000e+00
1.080000e+01	1.090000e+01	0.000000e+00	0.000000e+00	0.000000e+00
1.090000e+01	1.100000e+01	0.000000e+00	0.000000e+00	0.000000e+00
1.100000e+01	1.110000e+01	0.000000e+00	0.000000e+00	0.000000e+00
1.110000e+01	1.120000e+01	0.000000e+00	0.000000e+00	0.000000e+00
1.120000e+01	1.130000e+01	0.000000e+00	0.000000e+00	0.000000e+00
1.130000e+01	1.140000e+01	0.000000e+00	0.000000e+00	0.000000e+00
1.140000e+01	1.150000e+01	0.000000e+00	0.000000e+00	0.000000e+00
1.150000e+01	1.160000e+01	0.000000e+00	0.000000e+00	0.000000e+00
1.160000e+01	1.170000e+01	0.000000e+00	0.000000e+00	0.000000e+00
1.170000e+01	1.180000e+01	0.000000e+00	0.000000e+00	0.000000e+00
1.180000e+01	1.190000e+01	0.000000e+00	0.000000e+00	0.000000e+00
1.190000e+01	1.200000e+01	0.000000e+00	0.000000e+00	0.000000e+00
1.200000e+01	1.210000e+01	0.000000e+00	0.000000e+00	0.000000e+00
1.210000e+01	1.220000e+01	0.000000e+00	0.000000e+00	0.000000e+00
1.220000e+01	1.230000e+01	0.000000e+00	0.000000e+00	0.000000e+00
1.230000e+01	1.240000e+01	0.000000e+00	0.000000e+00	0.000000e+00
1.240000e+01	1.250000e+01	0.000000e+00	0.000000e+00	0.000000e+00
1.250000e+01	1.260000e+01	0.000000e+00	0.000000e+00	0.000000e+00
1.260000e+01	1.270000e+01	0.000000e+00	0.000000e+00	0.000000e+00
1.270000e+01	1.280000e+01	0.000000e+00	0.000000e+00	0.000000e+00
1.280000e+01	1.290000e+01	0.000000e+00	0.000000e+00	0.000000e+00
1.290000e+01	1.300000e+01	0.000000e+00	0.000000e+00	0.000000e+00
1.300000e+01	1.310000e+01	0.000000e+00	0.000000e+00	0.000000e+00
1.310000e+01	1.320000e+01	0.000000e+00	0.000000e+00	0.000000e+00
1.320000e+01	1.330000e+01	0.000000e+00	0.000000e+00	0.000000e+00
1.330000e+01	1.340000e+01	0.000000e+00	0.000000e+00	0.000000e+00
1.340000e+01	1.350000e+01	0.000000e+00	0.000000e+00	0.000000e+00
1.350000e+01	1.360000e+01	0.000000e+00	0.000000e+00	0.000000e+00
1.360000e+01	1.370000e+01	0.000000e+00	0.000000e+00	0.000000e+00
1.370000e+01	1.380000e+01	0.000000e+00	0.000000e+00	0.000000e+00
1.380000e+01	1.390000e+01	0.000000e+00	0.000000e+00	0.000000e+00
1.390000e+01	1.400000e+01	0.000000e+00	0.000000e+00	0.000000e+00
1.400000e+01	1.410000e+01	0.000000e+00	0.000000e+00	0.000000e+00
1.410000e+01	1.420000e+01	0.000000e+00	0.000000e+00	0.000000e+00
1.420000e+01	1.430000e+01	0.000000e+00	0.000000e+00	0.000000e+00
1.430000e+01	1.440000e+01	0.000000e+00	0.000000e+00	0.000000e+00
1.440000e+01	1.450000e+01	0.000000e+00	0.000000e+00	0.000000e+00
1.450000e+01	1.460000e+01	0.000000e+00	0.000000e+00	0.000000e+00
1.460000e+01	1.470000e+01	0.000000e+00	0.000000e+00	0.000000e+00
1.470000e+01	1.480000e+01	0.000000e+00	0.000000e+00	0.000000e+00
1.480000e+01	1.490000e+01	0.000000e+00	0.000000e+00	0.000000e+00
1.490000e+01	1.500000e+01	0.000000e+00	0.000000e+00	0.000000e+00
# END HISTO1D

# BEGIN HISTO1D //home/frederic/Work/Software/LesHouches2017/lh2017-alphas/rivet-analysis/quark-as015015-truth.yoda/MC_LHJSS_Zjet/log_Angularity_zcut_0.2_beta_0_alpha_0.5
LineColor=green
LineStyle=solid
NormalizeToSum=1
Path=//home/frederic/Work/Software/LesHouches2017/lh2017-alphas/rivet-analysis/quark-as015015-truth.yoda/MC_LHJSS_Zjet/log_Angularity_zcut_0.2_beta_0_alpha_0.5
ScaledBy=6.23130608175473529e-05
Title=quark-as015015-truth
XLabel=
YLabel=
# xlow	 xhigh	 val	 errminus	 errplus
0.000000e+00	1.000000e-01	6.231306e-04	6.231306e-04	6.231306e-04
1.000000e-01	2.000000e-01	0.000000e+00	0.000000e+00	0.000000e+00
2.000000e-01	3.000000e-01	6.231306e-04	6.231306e-04	6.231306e-04
3.000000e-01	4.000000e-01	6.854437e-03	2.066690e-03	2.066690e-03
4.000000e-01	5.000000e-01	2.180957e-02	3.686490e-03	3.686490e-03
5.000000e-01	6.000000e-01	4.985045e-02	5.573450e-03	5.573450e-03
6.000000e-01	7.000000e-01	8.474576e-02	7.266889e-03	7.266889e-03
7.000000e-01	8.000000e-01	1.445663e-01	9.491243e-03	9.491243e-03
8.000000e-01	9.000000e-01	1.807079e-01	1.061153e-02	1.061153e-02
9.000000e-01	1.000000e+00	1.962861e-01	1.105947e-02	1.105947e-02
1.000000e+00	1.100000e+00	2.237039e-01	1.180664e-02	1.180664e-02
1.100000e+00	1.200000e+00	2.230808e-01	1.179018e-02	1.179018e-02
1.200000e+00	1.300000e+00	2.386590e-01	1.219490e-02	1.219490e-02
1.300000e+00	1.400000e+00	2.536142e-01	1.257119e-02	1.257119e-02
1.400000e+00	1.500000e+00	2.486291e-01	1.244702e-02	1.244702e-02
1.500000e+00	1.600000e+00	2.467597e-01	1.240014e-02	1.240014e-02
1.600000e+00	1.700000e+00	2.523679e-01	1.254026e-02	1.254026e-02
1.700000e+00	1.800000e+00	2.554835e-01	1.261743e-02	1.261743e-02
1.800000e+00	1.900000e+00	2.592223e-01	1.270942e-02	1.270942e-02
1.900000e+00	2.000000e+00	2.423978e-01	1.229006e-02	1.229006e-02
2.000000e+00	2.100000e+00	2.448903e-01	1.235308e-02	1.235308e-02
2.100000e+00	2.200000e+00	2.511216e-01	1.250926e-02	1.250926e-02
2.200000e+00	2.300000e+00	2.716849e-01	1.301135e-02	1.301135e-02
2.300000e+00	2.400000e+00	3.096959e-01	1.389176e-02	1.389176e-02
2.400000e+00	2.500000e+00	3.813559e-01	1.541540e-02	1.541540e-02
2.500000e+00	2.600000e+00	4.069043e-01	1.592339e-02	1.592339e-02
2.600000e+00	2.700000e+00	5.090977e-01	1.781108e-02	1.781108e-02
2.700000e+00	2.800000e+00	5.321535e-01	1.820992e-02	1.820992e-02
2.800000e+00	2.900000e+00	5.340229e-01	1.824187e-02	1.824187e-02
2.900000e+00	3.000000e+00	5.246760e-01	1.808153e-02	1.808153e-02
3.000000e+00	3.100000e+00	4.467846e-01	1.668548e-02	1.668548e-02
3.100000e+00	3.200000e+00	3.956879e-01	1.570240e-02	1.570240e-02
3.200000e+00	3.300000e+00	3.283898e-01	1.430489e-02	1.430489e-02
3.300000e+00	3.400000e+00	2.585992e-01	1.269414e-02	1.269414e-02
3.400000e+00	3.500000e+00	2.237039e-01	1.180664e-02	1.180664e-02
3.500000e+00	3.600000e+00	1.894317e-01	1.086465e-02	1.086465e-02
3.600000e+00	3.700000e+00	1.657527e-01	1.016295e-02	1.016295e-02
3.700000e+00	3.800000e+00	1.227567e-01	8.746055e-03	8.746055e-03
3.800000e+00	3.900000e+00	1.071785e-01	8.172281e-03	8.172281e-03
3.900000e+00	4.000000e+00	8.599202e-02	7.320127e-03	7.320127e-03
4.000000e+00	4.100000e+00	6.355932e-02	6.293311e-03	6.293311e-03
4.100000e+00	4.200000e+00	5.234297e-02	5.711087e-03	5.711087e-03
4.200000e+00	4.300000e+00	3.489531e-02	4.663083e-03	4.663083e-03
4.300000e+00	4.400000e+00	3.240279e-02	4.493459e-03	4.493459e-03
4.400000e+00	4.500000e+00	2.928714e-02	4.271968e-03	4.271968e-03
4.500000e+00	4.600000e+00	1.869392e-02	3.413027e-03	3.413027e-03
4.600000e+00	4.700000e+00	1.433200e-02	2.988429e-03	2.988429e-03
4.700000e+00	4.800000e+00	1.433200e-02	2.988429e-03	2.988429e-03
4.800000e+00	4.900000e+00	6.854437e-03	2.066690e-03	2.066690e-03
4.900000e+00	5.000000e+00	5.608175e-03	1.869392e-03	1.869392e-03
5.000000e+00	5.100000e+00	4.985045e-03	1.762480e-03	1.762480e-03
5.100000e+00	5.200000e+00	2.492522e-03	1.246261e-03	1.246261e-03
5.200000e+00	5.300000e+00	6.231306e-04	6.231306e-04	6.231306e-04
5.300000e+00	5.400000e+00	1.246261e-03	8.812398e-04	8.812398e-04
5.400000e+00	5.500000e+00	6.231306e-04	6.231306e-04	6.231306e-04
5.500000e+00	5.600000e+00	6.231306e-04	6.231306e-04	6.231306e-04
5.600000e+00	5.700000e+00	0.000000e+00	0.000000e+00	0.000000e+00
5.700000e+00	5.800000e+00	0.000000e+00	0.000000e+00	0.000000e+00
5.800000e+00	5.900000e+00	0.000000e+00	0.000000e+00	0.000000e+00
5.900000e+00	6.000000e+00	6.231306e-04	6.231306e-04	6.231306e-04
6.000000e+00	6.100000e+00	0.000000e+00	0.000000e+00	0.000000e+00
6.100000e+00	6.200000e+00	0.000000e+00	0.000000e+00	0.000000e+00
6.200000e+00	6.300000e+00	0.000000e+00	0.000000e+00	0.000000e+00
6.300000e+00	6.400000e+00	0.000000e+00	0.000000e+00	0.000000e+00
6.400000e+00	6.500000e+00	0.000000e+00	0.000000e+00	0.000000e+00
6.500000e+00	6.600000e+00	0.000000e+00	0.000000e+00	0.000000e+00
6.600000e+00	6.700000e+00	0.000000e+00	0.000000e+00	0.000000e+00
6.700000e+00	6.800000e+00	0.000000e+00	0.000000e+00	0.000000e+00
6.800000e+00	6.900000e+00	0.000000e+00	0.000000e+00	0.000000e+00
6.900000e+00	7.000000e+00	0.000000e+00	0.000000e+00	0.000000e+00
7.000000e+00	7.100000e+00	0.000000e+00	0.000000e+00	0.000000e+00
7.100000e+00	7.200000e+00	0.000000e+00	0.000000e+00	0.000000e+00
7.200000e+00	7.300000e+00	0.000000e+00	0.000000e+00	0.000000e+00
7.300000e+00	7.400000e+00	0.000000e+00	0.000000e+00	0.000000e+00
7.400000e+00	7.500000e+00	0.000000e+00	0.000000e+00	0.000000e+00
7.500000e+00	7.600000e+00	0.000000e+00	0.000000e+00	0.000000e+00
7.600000e+00	7.700000e+00	0.000000e+00	0.000000e+00	0.000000e+00
7.700000e+00	7.800000e+00	0.000000e+00	0.000000e+00	0.000000e+00
7.800000e+00	7.900000e+00	0.000000e+00	0.000000e+00	0.000000e+00
7.900000e+00	8.000000e+00	0.000000e+00	0.000000e+00	0.000000e+00
8.000000e+00	8.100000e+00	0.000000e+00	0.000000e+00	0.000000e+00
8.100000e+00	8.200000e+00	0.000000e+00	0.000000e+00	0.000000e+00
8.200000e+00	8.300000e+00	0.000000e+00	0.000000e+00	0.000000e+00
8.300000e+00	8.400000e+00	0.000000e+00	0.000000e+00	0.000000e+00
8.400000e+00	8.500000e+00	0.000000e+00	0.000000e+00	0.000000e+00
8.500000e+00	8.600000e+00	0.000000e+00	0.000000e+00	0.000000e+00
8.600000e+00	8.700000e+00	0.000000e+00	0.000000e+00	0.000000e+00
8.700000e+00	8.800000e+00	0.000000e+00	0.000000e+00	0.000000e+00
8.800000e+00	8.900000e+00	0.000000e+00	0.000000e+00	0.000000e+00
8.900000e+00	9.000000e+00	0.000000e+00	0.000000e+00	0.000000e+00
9.000000e+00	9.100000e+00	0.000000e+00	0.000000e+00	0.000000e+00
9.100000e+00	9.200000e+00	0.000000e+00	0.000000e+00	0.000000e+00
9.200000e+00	9.300000e+00	0.000000e+00	0.000000e+00	0.000000e+00
9.300000e+00	9.400000e+00	0.000000e+00	0.000000e+00	0.000000e+00
9.400000e+00	9.500000e+00	0.000000e+00	0.000000e+00	0.000000e+00
9.500000e+00	9.600000e+00	0.000000e+00	0.000000e+00	0.000000e+00
9.600000e+00	9.700000e+00	0.000000e+00	0.000000e+00	0.000000e+00
9.700000e+00	9.800000e+00	0.000000e+00	0.000000e+00	0.000000e+00
9.800000e+00	9.900000e+00	0.000000e+00	0.000000e+00	0.000000e+00
9.900000e+00	1.000000e+01	0.000000e+00	0.000000e+00	0.000000e+00
1.000000e+01	1.010000e+01	0.000000e+00	0.000000e+00	0.000000e+00
1.010000e+01	1.020000e+01	0.000000e+00	0.000000e+00	0.000000e+00
1.020000e+01	1.030000e+01	0.000000e+00	0.000000e+00	0.000000e+00
1.030000e+01	1.040000e+01	0.000000e+00	0.000000e+00	0.000000e+00
1.040000e+01	1.050000e+01	0.000000e+00	0.000000e+00	0.000000e+00
1.050000e+01	1.060000e+01	0.000000e+00	0.000000e+00	0.000000e+00
1.060000e+01	1.070000e+01	0.000000e+00	0.000000e+00	0.000000e+00
1.070000e+01	1.080000e+01	0.000000e+00	0.000000e+00	0.000000e+00
1.080000e+01	1.090000e+01	0.000000e+00	0.000000e+00	0.000000e+00
1.090000e+01	1.100000e+01	0.000000e+00	0.000000e+00	0.000000e+00
1.100000e+01	1.110000e+01	0.000000e+00	0.000000e+00	0.000000e+00
1.110000e+01	1.120000e+01	0.000000e+00	0.000000e+00	0.000000e+00
1.120000e+01	1.130000e+01	0.000000e+00	0.000000e+00	0.000000e+00
1.130000e+01	1.140000e+01	0.000000e+00	0.000000e+00	0.000000e+00
1.140000e+01	1.150000e+01	0.000000e+00	0.000000e+00	0.000000e+00
1.150000e+01	1.160000e+01	0.000000e+00	0.000000e+00	0.000000e+00
1.160000e+01	1.170000e+01	0.000000e+00	0.000000e+00	0.000000e+00
1.170000e+01	1.180000e+01	0.000000e+00	0.000000e+00	0.000000e+00
1.180000e+01	1.190000e+01	0.000000e+00	0.000000e+00	0.000000e+00
1.190000e+01	1.200000e+01	0.000000e+00	0.000000e+00	0.000000e+00
1.200000e+01	1.210000e+01	0.000000e+00	0.000000e+00	0.000000e+00
1.210000e+01	1.220000e+01	0.000000e+00	0.000000e+00	0.000000e+00
1.220000e+01	1.230000e+01	0.000000e+00	0.000000e+00	0.000000e+00
1.230000e+01	1.240000e+01	0.000000e+00	0.000000e+00	0.000000e+00
1.240000e+01	1.250000e+01	0.000000e+00	0.000000e+00	0.000000e+00
1.250000e+01	1.260000e+01	0.000000e+00	0.000000e+00	0.000000e+00
1.260000e+01	1.270000e+01	0.000000e+00	0.000000e+00	0.000000e+00
1.270000e+01	1.280000e+01	0.000000e+00	0.000000e+00	0.000000e+00
1.280000e+01	1.290000e+01	0.000000e+00	0.000000e+00	0.000000e+00
1.290000e+01	1.300000e+01	0.000000e+00	0.000000e+00	0.000000e+00
1.300000e+01	1.310000e+01	0.000000e+00	0.000000e+00	0.000000e+00
1.310000e+01	1.320000e+01	0.000000e+00	0.000000e+00	0.000000e+00
1.320000e+01	1.330000e+01	0.000000e+00	0.000000e+00	0.000000e+00
1.330000e+01	1.340000e+01	0.000000e+00	0.000000e+00	0.000000e+00
1.340000e+01	1.350000e+01	0.000000e+00	0.000000e+00	0.000000e+00
1.350000e+01	1.360000e+01	0.000000e+00	0.000000e+00	0.000000e+00
1.360000e+01	1.370000e+01	0.000000e+00	0.000000e+00	0.000000e+00
1.370000e+01	1.380000e+01	0.000000e+00	0.000000e+00	0.000000e+00
1.380000e+01	1.390000e+01	0.000000e+00	0.000000e+00	0.000000e+00
1.390000e+01	1.400000e+01	0.000000e+00	0.000000e+00	0.000000e+00
1.400000e+01	1.410000e+01	0.000000e+00	0.000000e+00	0.000000e+00
1.410000e+01	1.420000e+01	0.000000e+00	0.000000e+00	0.000000e+00
1.420000e+01	1.430000e+01	0.000000e+00	0.000000e+00	0.000000e+00
1.430000e+01	1.440000e+01	0.000000e+00	0.000000e+00	0.000000e+00
1.440000e+01	1.450000e+01	0.000000e+00	0.000000e+00	0.000000e+00
1.450000e+01	1.460000e+01	0.000000e+00	0.000000e+00	0.000000e+00
1.460000e+01	1.470000e+01	0.000000e+00	0.000000e+00	0.000000e+00
1.470000e+01	1.480000e+01	0.000000e+00	0.000000e+00	0.000000e+00
1.480000e+01	1.490000e+01	0.000000e+00	0.000000e+00	0.000000e+00
1.490000e+01	1.500000e+01	0.000000e+00	0.000000e+00	0.000000e+00
# END HISTO1D

