# BEGIN PLOT
LegendOnly=//home/frederic/Work/Software/LesHouches2017/lh2017-alphas/rivet-analysis/gluon-as013650-parton.yoda/MC_LHJSS_Zjet/log_Angularity_zcut_0.05_beta_0_alpha_1 //home/frederic/Work/Software/LesHouches2017/lh2017-alphas/rivet-analysis/gluon-as012285-parton.yoda/MC_LHJSS_Zjet/log_Angularity_zcut_0.05_beta_0_alpha_1 //home/frederic/Work/Software/LesHouches2017/lh2017-alphas/rivet-analysis/gluon-as015015-parton.yoda/MC_LHJSS_Zjet/log_Angularity_zcut_0.05_beta_0_alpha_1
DrawOnly=//home/frederic/Work/Software/LesHouches2017/lh2017-alphas/rivet-analysis/gluon-as013650-parton.yoda/MC_LHJSS_Zjet/log_Angularity_zcut_0.05_beta_0_alpha_1 //home/frederic/Work/Software/LesHouches2017/lh2017-alphas/rivet-analysis/gluon-as012285-parton.yoda/MC_LHJSS_Zjet/log_Angularity_zcut_0.05_beta_0_alpha_1 //home/frederic/Work/Software/LesHouches2017/lh2017-alphas/rivet-analysis/gluon-as015015-parton.yoda/MC_LHJSS_Zjet/log_Angularity_zcut_0.05_beta_0_alpha_1
Title=Angularity, $\alpha$ = 1 $z_{cut}$ = 0.05 $\beta$ = 0
RatioPlot=1
LogX=0
LogY=0
RatioPlotYLabel=Ratio
RatioPlotReference=//home/frederic/Work/Software/LesHouches2017/lh2017-alphas/rivet-analysis/gluon-as013650-parton.yoda/MC_LHJSS_Zjet/log_Angularity_zcut_0.05_beta_0_alpha_1
XLabel=$e_\alpha$
YLabel=$1/\sigma \text{d}\sigma/\text{d}e_\alpha$
Legend=1
# END PLOT

# BEGIN HISTO1D //home/frederic/Work/Software/LesHouches2017/lh2017-alphas/rivet-analysis/gluon-as013650-parton.yoda/MC_LHJSS_Zjet/log_Angularity_zcut_0.05_beta_0_alpha_1
LineColor=red
LineStyle=solid
NormalizeToSum=1
Path=//home/frederic/Work/Software/LesHouches2017/lh2017-alphas/rivet-analysis/gluon-as013650-parton.yoda/MC_LHJSS_Zjet/log_Angularity_zcut_0.05_beta_0_alpha_1
ScaledBy=1.42364966828962723e-05
Title=gluon-as013650-parton
XLabel=
YLabel=
# xlow	 xhigh	 val	 errminus	 errplus
0.000000e+00	1.000000e-01	0.000000e+00	0.000000e+00	0.000000e+00
1.000000e-01	2.000000e-01	0.000000e+00	0.000000e+00	0.000000e+00
2.000000e-01	3.000000e-01	2.847299e-04	2.013345e-04	2.013345e-04
3.000000e-01	4.000000e-01	1.850745e-03	5.133042e-04	5.133042e-04
4.000000e-01	5.000000e-01	4.413314e-03	7.926546e-04	7.926546e-04
5.000000e-01	6.000000e-01	1.309758e-02	1.365517e-03	1.365517e-03
6.000000e-01	7.000000e-01	2.975428e-02	2.058146e-03	2.058146e-03
7.000000e-01	8.000000e-01	6.264059e-02	2.986273e-03	2.986273e-03
8.000000e-01	9.000000e-01	8.670026e-02	3.513272e-03	3.513272e-03
9.000000e-01	1.000000e+00	1.193018e-01	4.121213e-03	4.121213e-03
1.000000e+00	1.100000e+00	1.460665e-01	4.560126e-03	4.560126e-03
1.100000e+00	1.200000e+00	1.860710e-01	5.146843e-03	5.146843e-03
1.200000e+00	1.300000e+00	2.132627e-01	5.510094e-03	5.510094e-03
1.300000e+00	1.400000e+00	2.458643e-01	5.916288e-03	5.916288e-03
1.400000e+00	1.500000e+00	2.677885e-01	6.174439e-03	6.174439e-03
1.500000e+00	1.600000e+00	2.915635e-01	6.442703e-03	6.442703e-03
1.600000e+00	1.700000e+00	3.231685e-01	6.782910e-03	6.782910e-03
1.700000e+00	1.800000e+00	3.402523e-01	6.959885e-03	6.959885e-03
1.800000e+00	1.900000e+00	3.547735e-01	7.106850e-03	7.106850e-03
1.900000e+00	2.000000e+00	3.655932e-01	7.214407e-03	7.214407e-03
2.000000e+00	2.100000e+00	3.778366e-01	7.334214e-03	7.334214e-03
2.100000e+00	2.200000e+00	3.734233e-01	7.291255e-03	7.291255e-03
2.200000e+00	2.300000e+00	3.741351e-01	7.298201e-03	7.298201e-03
2.300000e+00	2.400000e+00	3.855243e-01	7.408452e-03	7.408452e-03
2.400000e+00	2.500000e+00	3.653085e-01	7.211597e-03	7.211597e-03
2.500000e+00	2.600000e+00	3.564819e-01	7.123941e-03	7.123941e-03
2.600000e+00	2.700000e+00	3.507873e-01	7.066811e-03	7.066811e-03
2.700000e+00	2.800000e+00	3.197517e-01	6.746958e-03	6.746958e-03
2.800000e+00	2.900000e+00	3.130606e-01	6.675991e-03	6.675991e-03
2.900000e+00	3.000000e+00	2.911364e-01	6.437983e-03	6.437983e-03
3.000000e+00	3.100000e+00	2.703511e-01	6.203912e-03	6.203912e-03
3.100000e+00	3.200000e+00	2.514165e-01	5.982718e-03	5.982718e-03
3.200000e+00	3.300000e+00	2.410239e-01	5.857761e-03	5.857761e-03
3.300000e+00	3.400000e+00	2.240825e-01	5.648140e-03	5.648140e-03
3.400000e+00	3.500000e+00	2.098460e-01	5.465776e-03	5.465776e-03
3.500000e+00	3.600000e+00	2.034395e-01	5.381697e-03	5.381697e-03
3.600000e+00	3.700000e+00	1.880641e-01	5.174335e-03	5.174335e-03
3.700000e+00	3.800000e+00	1.712651e-01	4.937827e-03	4.937827e-03
3.800000e+00	3.900000e+00	1.612995e-01	4.792014e-03	4.792014e-03
3.900000e+00	4.000000e+00	1.554625e-01	4.704511e-03	4.704511e-03
4.000000e+00	4.100000e+00	1.362433e-01	4.404120e-03	4.404120e-03
4.100000e+00	4.200000e+00	1.241423e-01	4.203987e-03	4.203987e-03
4.200000e+00	4.300000e+00	1.174511e-01	4.089122e-03	4.089122e-03
4.300000e+00	4.400000e+00	1.039264e-01	3.846489e-03	3.846489e-03
4.400000e+00	4.500000e+00	9.623872e-02	3.701489e-03	3.701489e-03
4.500000e+00	4.600000e+00	9.381851e-02	3.654650e-03	3.654650e-03
4.600000e+00	4.700000e+00	8.442243e-02	3.466814e-03	3.466814e-03
4.700000e+00	4.800000e+00	7.203667e-02	3.202421e-03	3.202421e-03
4.800000e+00	4.900000e+00	6.904701e-02	3.135263e-03	3.135263e-03
4.900000e+00	5.000000e+00	5.751545e-02	2.861500e-03	2.861500e-03
5.000000e+00	5.100000e+00	5.352923e-02	2.760559e-03	2.760559e-03
5.100000e+00	5.200000e+00	4.399077e-02	2.502548e-03	2.502548e-03
5.200000e+00	5.300000e+00	4.028929e-02	2.394949e-03	2.394949e-03
5.300000e+00	5.400000e+00	3.473705e-02	2.223812e-03	2.223812e-03
5.400000e+00	5.500000e+00	3.174739e-02	2.125962e-03	2.125962e-03
5.500000e+00	5.600000e+00	2.249366e-02	1.789500e-03	1.789500e-03
5.600000e+00	5.700000e+00	2.192420e-02	1.766703e-03	1.766703e-03
5.700000e+00	5.800000e+00	2.078529e-02	1.720202e-03	1.720202e-03
5.800000e+00	5.900000e+00	1.252812e-02	1.335502e-03	1.335502e-03
5.900000e+00	6.000000e+00	1.594488e-02	1.506649e-03	1.506649e-03
6.000000e+00	6.100000e+00	1.124683e-02	1.265368e-03	1.265368e-03
6.100000e+00	6.200000e+00	1.167393e-02	1.289170e-03	1.289170e-03
6.200000e+00	6.300000e+00	8.541898e-03	1.102754e-03	1.102754e-03
6.300000e+00	6.400000e+00	5.836964e-03	9.115806e-04	9.115806e-04
6.400000e+00	6.500000e+00	7.118248e-03	1.006672e-03	1.006672e-03
6.500000e+00	6.600000e+00	5.979329e-03	9.226304e-04	9.226304e-04
6.600000e+00	6.700000e+00	4.128584e-03	7.666588e-04	7.666588e-04
6.700000e+00	6.800000e+00	4.413314e-03	7.926546e-04	7.926546e-04
6.800000e+00	6.900000e+00	2.562569e-03	6.040034e-04	6.040034e-04
6.900000e+00	7.000000e+00	2.135475e-03	5.513772e-04	5.513772e-04
7.000000e+00	7.100000e+00	1.281285e-03	4.270950e-04	4.270950e-04
7.100000e+00	7.200000e+00	1.566015e-03	4.721712e-04	4.721712e-04
7.200000e+00	7.300000e+00	1.138920e-03	4.026690e-04	4.026690e-04
7.300000e+00	7.400000e+00	1.281285e-03	4.270950e-04	4.270950e-04
7.400000e+00	7.500000e+00	7.118248e-04	3.183377e-04	3.183377e-04
7.500000e+00	7.600000e+00	7.118248e-04	3.183377e-04	3.183377e-04
7.600000e+00	7.700000e+00	4.270949e-04	2.465834e-04	2.465834e-04
7.700000e+00	7.800000e+00	0.000000e+00	0.000000e+00	0.000000e+00
7.800000e+00	7.900000e+00	1.423650e-04	1.423650e-04	1.423650e-04
7.900000e+00	8.000000e+00	0.000000e+00	0.000000e+00	0.000000e+00
8.000000e+00	8.100000e+00	0.000000e+00	0.000000e+00	0.000000e+00
8.100000e+00	8.200000e+00	0.000000e+00	0.000000e+00	0.000000e+00
8.200000e+00	8.300000e+00	1.423650e-04	1.423650e-04	1.423650e-04
8.300000e+00	8.400000e+00	0.000000e+00	0.000000e+00	0.000000e+00
8.400000e+00	8.500000e+00	0.000000e+00	0.000000e+00	0.000000e+00
8.500000e+00	8.600000e+00	4.270949e-04	2.465834e-04	2.465834e-04
8.600000e+00	8.700000e+00	1.423650e-04	1.423650e-04	1.423650e-04
8.700000e+00	8.800000e+00	0.000000e+00	0.000000e+00	0.000000e+00
8.800000e+00	8.900000e+00	0.000000e+00	0.000000e+00	0.000000e+00
8.900000e+00	9.000000e+00	0.000000e+00	0.000000e+00	0.000000e+00
9.000000e+00	9.100000e+00	0.000000e+00	0.000000e+00	0.000000e+00
9.100000e+00	9.200000e+00	0.000000e+00	0.000000e+00	0.000000e+00
9.200000e+00	9.300000e+00	0.000000e+00	0.000000e+00	0.000000e+00
9.300000e+00	9.400000e+00	0.000000e+00	0.000000e+00	0.000000e+00
9.400000e+00	9.500000e+00	0.000000e+00	0.000000e+00	0.000000e+00
9.500000e+00	9.600000e+00	0.000000e+00	0.000000e+00	0.000000e+00
9.600000e+00	9.700000e+00	0.000000e+00	0.000000e+00	0.000000e+00
9.700000e+00	9.800000e+00	0.000000e+00	0.000000e+00	0.000000e+00
9.800000e+00	9.900000e+00	0.000000e+00	0.000000e+00	0.000000e+00
9.900000e+00	1.000000e+01	0.000000e+00	0.000000e+00	0.000000e+00
1.000000e+01	1.010000e+01	0.000000e+00	0.000000e+00	0.000000e+00
1.010000e+01	1.020000e+01	0.000000e+00	0.000000e+00	0.000000e+00
1.020000e+01	1.030000e+01	1.423650e-04	1.423650e-04	1.423650e-04
1.030000e+01	1.040000e+01	0.000000e+00	0.000000e+00	0.000000e+00
1.040000e+01	1.050000e+01	0.000000e+00	0.000000e+00	0.000000e+00
1.050000e+01	1.060000e+01	0.000000e+00	0.000000e+00	0.000000e+00
1.060000e+01	1.070000e+01	0.000000e+00	0.000000e+00	0.000000e+00
1.070000e+01	1.080000e+01	0.000000e+00	0.000000e+00	0.000000e+00
1.080000e+01	1.090000e+01	0.000000e+00	0.000000e+00	0.000000e+00
1.090000e+01	1.100000e+01	0.000000e+00	0.000000e+00	0.000000e+00
1.100000e+01	1.110000e+01	0.000000e+00	0.000000e+00	0.000000e+00
1.110000e+01	1.120000e+01	0.000000e+00	0.000000e+00	0.000000e+00
1.120000e+01	1.130000e+01	0.000000e+00	0.000000e+00	0.000000e+00
1.130000e+01	1.140000e+01	0.000000e+00	0.000000e+00	0.000000e+00
1.140000e+01	1.150000e+01	0.000000e+00	0.000000e+00	0.000000e+00
1.150000e+01	1.160000e+01	0.000000e+00	0.000000e+00	0.000000e+00
1.160000e+01	1.170000e+01	0.000000e+00	0.000000e+00	0.000000e+00
1.170000e+01	1.180000e+01	0.000000e+00	0.000000e+00	0.000000e+00
1.180000e+01	1.190000e+01	0.000000e+00	0.000000e+00	0.000000e+00
1.190000e+01	1.200000e+01	0.000000e+00	0.000000e+00	0.000000e+00
1.200000e+01	1.210000e+01	0.000000e+00	0.000000e+00	0.000000e+00
1.210000e+01	1.220000e+01	0.000000e+00	0.000000e+00	0.000000e+00
1.220000e+01	1.230000e+01	0.000000e+00	0.000000e+00	0.000000e+00
1.230000e+01	1.240000e+01	0.000000e+00	0.000000e+00	0.000000e+00
1.240000e+01	1.250000e+01	0.000000e+00	0.000000e+00	0.000000e+00
1.250000e+01	1.260000e+01	0.000000e+00	0.000000e+00	0.000000e+00
1.260000e+01	1.270000e+01	0.000000e+00	0.000000e+00	0.000000e+00
1.270000e+01	1.280000e+01	0.000000e+00	0.000000e+00	0.000000e+00
1.280000e+01	1.290000e+01	0.000000e+00	0.000000e+00	0.000000e+00
1.290000e+01	1.300000e+01	0.000000e+00	0.000000e+00	0.000000e+00
1.300000e+01	1.310000e+01	0.000000e+00	0.000000e+00	0.000000e+00
1.310000e+01	1.320000e+01	0.000000e+00	0.000000e+00	0.000000e+00
1.320000e+01	1.330000e+01	0.000000e+00	0.000000e+00	0.000000e+00
1.330000e+01	1.340000e+01	0.000000e+00	0.000000e+00	0.000000e+00
1.340000e+01	1.350000e+01	0.000000e+00	0.000000e+00	0.000000e+00
1.350000e+01	1.360000e+01	0.000000e+00	0.000000e+00	0.000000e+00
1.360000e+01	1.370000e+01	0.000000e+00	0.000000e+00	0.000000e+00
1.370000e+01	1.380000e+01	0.000000e+00	0.000000e+00	0.000000e+00
1.380000e+01	1.390000e+01	0.000000e+00	0.000000e+00	0.000000e+00
1.390000e+01	1.400000e+01	0.000000e+00	0.000000e+00	0.000000e+00
1.400000e+01	1.410000e+01	0.000000e+00	0.000000e+00	0.000000e+00
1.410000e+01	1.420000e+01	0.000000e+00	0.000000e+00	0.000000e+00
1.420000e+01	1.430000e+01	0.000000e+00	0.000000e+00	0.000000e+00
1.430000e+01	1.440000e+01	0.000000e+00	0.000000e+00	0.000000e+00
1.440000e+01	1.450000e+01	0.000000e+00	0.000000e+00	0.000000e+00
1.450000e+01	1.460000e+01	0.000000e+00	0.000000e+00	0.000000e+00
1.460000e+01	1.470000e+01	0.000000e+00	0.000000e+00	0.000000e+00
1.470000e+01	1.480000e+01	0.000000e+00	0.000000e+00	0.000000e+00
1.480000e+01	1.490000e+01	0.000000e+00	0.000000e+00	0.000000e+00
1.490000e+01	1.500000e+01	0.000000e+00	0.000000e+00	0.000000e+00
# END HISTO1D

# BEGIN HISTO1D //home/frederic/Work/Software/LesHouches2017/lh2017-alphas/rivet-analysis/gluon-as012285-parton.yoda/MC_LHJSS_Zjet/log_Angularity_zcut_0.05_beta_0_alpha_1
LineColor=blue
LineStyle=solid
NormalizeToSum=1
Path=//home/frederic/Work/Software/LesHouches2017/lh2017-alphas/rivet-analysis/gluon-as012285-parton.yoda/MC_LHJSS_Zjet/log_Angularity_zcut_0.05_beta_0_alpha_1
ScaledBy=1.41430713093655423e-05
Title=gluon-as012285-parton
XLabel=
YLabel=
# xlow	 xhigh	 val	 errminus	 errplus
0.000000e+00	1.000000e-01	0.000000e+00	0.000000e+00	0.000000e+00
1.000000e-01	2.000000e-01	0.000000e+00	0.000000e+00	0.000000e+00
2.000000e-01	3.000000e-01	5.657229e-04	2.828614e-04	2.828614e-04
3.000000e-01	4.000000e-01	1.272876e-03	4.242921e-04	4.242921e-04
4.000000e-01	5.000000e-01	2.687184e-03	6.164822e-04	6.164822e-04
5.000000e-01	6.000000e-01	1.018301e-02	1.200080e-03	1.200080e-03
6.000000e-01	7.000000e-01	2.079031e-02	1.714756e-03	1.714756e-03
7.000000e-01	8.000000e-01	4.737929e-02	2.588607e-03	2.588607e-03
8.000000e-01	9.000000e-01	7.099822e-02	3.168806e-03	3.168806e-03
9.000000e-01	1.000000e+00	1.043759e-01	3.842128e-03	3.842128e-03
1.000000e+00	1.100000e+00	1.311063e-01	4.306095e-03	4.306095e-03
1.100000e+00	1.200000e+00	1.528866e-01	4.650039e-03	4.650039e-03
1.200000e+00	1.300000e+00	1.875371e-01	5.150098e-03	5.150098e-03
1.300000e+00	1.400000e+00	2.032359e-01	5.361324e-03	5.361324e-03
1.400000e+00	1.500000e+00	2.332192e-01	5.743201e-03	5.743201e-03
1.500000e+00	1.600000e+00	2.508981e-01	5.956904e-03	5.956904e-03
1.600000e+00	1.700000e+00	2.685769e-01	6.163200e-03	6.163200e-03
1.700000e+00	1.800000e+00	2.926201e-01	6.433155e-03	6.433155e-03
1.800000e+00	1.900000e+00	3.168048e-01	6.693723e-03	6.693723e-03
1.900000e+00	2.000000e+00	3.279778e-01	6.810737e-03	6.810737e-03
2.000000e+00	2.100000e+00	3.390094e-01	6.924330e-03	6.924330e-03
2.100000e+00	2.200000e+00	3.583854e-01	7.119460e-03	7.119460e-03
2.200000e+00	2.300000e+00	3.438181e-01	6.973265e-03	6.973265e-03
2.300000e+00	2.400000e+00	3.506067e-01	7.041773e-03	7.041773e-03
2.400000e+00	2.500000e+00	3.367465e-01	6.901181e-03	6.901181e-03
2.500000e+00	2.600000e+00	3.342008e-01	6.875045e-03	6.875045e-03
2.600000e+00	2.700000e+00	3.243006e-01	6.772449e-03	6.772449e-03
2.700000e+00	2.800000e+00	3.165219e-01	6.690734e-03	6.690734e-03
2.800000e+00	2.900000e+00	3.036517e-01	6.553295e-03	6.553295e-03
2.900000e+00	3.000000e+00	2.873872e-01	6.375373e-03	6.375373e-03
3.000000e+00	3.100000e+00	2.661726e-01	6.135551e-03	6.135551e-03
3.100000e+00	3.200000e+00	2.572625e-01	6.031982e-03	6.031982e-03
3.200000e+00	3.300000e+00	2.501909e-01	5.948502e-03	5.948502e-03
3.300000e+00	3.400000e+00	2.378865e-01	5.800384e-03	5.800384e-03
3.400000e+00	3.500000e+00	2.197833e-01	5.575313e-03	5.575313e-03
3.500000e+00	3.600000e+00	2.006902e-01	5.327641e-03	5.327641e-03
3.600000e+00	3.700000e+00	1.995587e-01	5.312601e-03	5.312601e-03
3.700000e+00	3.800000e+00	1.772127e-01	5.006328e-03	5.006328e-03
3.800000e+00	3.900000e+00	1.772127e-01	5.006328e-03	5.006328e-03
3.900000e+00	4.000000e+00	1.675954e-01	4.868587e-03	4.868587e-03
4.000000e+00	4.100000e+00	1.699997e-01	4.903385e-03	4.903385e-03
4.100000e+00	4.200000e+00	1.543009e-01	4.671498e-03	4.671498e-03
4.200000e+00	4.300000e+00	1.313891e-01	4.310738e-03	4.310738e-03
4.300000e+00	4.400000e+00	1.323791e-01	4.326948e-03	4.326948e-03
4.400000e+00	4.500000e+00	1.169632e-01	4.067209e-03	4.067209e-03
4.500000e+00	4.600000e+00	1.114474e-01	3.970150e-03	3.970150e-03
4.600000e+00	4.700000e+00	1.042344e-01	3.839525e-03	3.839525e-03
4.700000e+00	4.800000e+00	9.490001e-02	3.663575e-03	3.663575e-03
4.800000e+00	4.900000e+00	8.683846e-02	3.504516e-03	3.504516e-03
4.900000e+00	5.000000e+00	7.156394e-02	3.181405e-03	3.181405e-03
5.000000e+00	5.100000e+00	7.481685e-02	3.252906e-03	3.252906e-03
5.100000e+00	5.200000e+00	5.855232e-02	2.877689e-03	2.877689e-03
5.200000e+00	5.300000e+00	6.222951e-02	2.966676e-03	2.966676e-03
5.300000e+00	5.400000e+00	5.218793e-02	2.716795e-03	2.716795e-03
5.400000e+00	5.500000e+00	4.723786e-02	2.584741e-03	2.584741e-03
5.500000e+00	5.600000e+00	4.653070e-02	2.565321e-03	2.565321e-03
5.600000e+00	5.700000e+00	4.016632e-02	2.383433e-03	2.383433e-03
5.700000e+00	5.800000e+00	3.210477e-02	2.130869e-03	2.130869e-03
5.800000e+00	5.900000e+00	3.281193e-02	2.154208e-03	2.154208e-03
5.900000e+00	6.000000e+00	2.630611e-02	1.928858e-03	1.928858e-03
6.000000e+00	6.100000e+00	2.828614e-02	2.000132e-03	2.000132e-03
6.100000e+00	6.200000e+00	2.107318e-02	1.726382e-03	1.726382e-03
6.200000e+00	6.300000e+00	2.192176e-02	1.760798e-03	1.760798e-03
6.300000e+00	6.400000e+00	1.796170e-02	1.593843e-03	1.593843e-03
6.400000e+00	6.500000e+00	1.428450e-02	1.421361e-03	1.421361e-03
6.500000e+00	6.600000e+00	1.230447e-02	1.319178e-03	1.319178e-03
6.600000e+00	6.700000e+00	9.334427e-03	1.148989e-03	1.148989e-03
6.700000e+00	6.800000e+00	8.910135e-03	1.122572e-03	1.122572e-03
6.800000e+00	6.900000e+00	7.354397e-03	1.019872e-03	1.019872e-03
6.900000e+00	7.000000e+00	4.384352e-03	7.874529e-04	7.874529e-04
7.000000e+00	7.100000e+00	4.667214e-03	8.124576e-04	8.124576e-04
7.100000e+00	7.200000e+00	2.545753e-03	6.000397e-04	6.000397e-04
7.200000e+00	7.300000e+00	2.687184e-03	6.164822e-04	6.164822e-04
7.300000e+00	7.400000e+00	9.900150e-04	3.741905e-04	3.741905e-04
7.400000e+00	7.500000e+00	1.414307e-03	4.472432e-04	4.472432e-04
7.500000e+00	7.600000e+00	7.071536e-04	3.162486e-04	3.162486e-04
7.600000e+00	7.700000e+00	9.900150e-04	3.741905e-04	3.741905e-04
7.700000e+00	7.800000e+00	5.657229e-04	2.828614e-04	2.828614e-04
7.800000e+00	7.900000e+00	8.485843e-04	3.464331e-04	3.464331e-04
7.900000e+00	8.000000e+00	4.242921e-04	2.449652e-04	2.449652e-04
8.000000e+00	8.100000e+00	1.414307e-04	1.414307e-04	1.414307e-04
8.100000e+00	8.200000e+00	1.414307e-04	1.414307e-04	1.414307e-04
8.200000e+00	8.300000e+00	2.828614e-04	2.000132e-04	2.000132e-04
8.300000e+00	8.400000e+00	1.414307e-04	1.414307e-04	1.414307e-04
8.400000e+00	8.500000e+00	1.414307e-04	1.414307e-04	1.414307e-04
8.500000e+00	8.600000e+00	1.414307e-04	1.414307e-04	1.414307e-04
8.600000e+00	8.700000e+00	0.000000e+00	0.000000e+00	0.000000e+00
8.700000e+00	8.800000e+00	0.000000e+00	0.000000e+00	0.000000e+00
8.800000e+00	8.900000e+00	0.000000e+00	0.000000e+00	0.000000e+00
8.900000e+00	9.000000e+00	1.414307e-04	1.414307e-04	1.414307e-04
9.000000e+00	9.100000e+00	0.000000e+00	0.000000e+00	0.000000e+00
9.100000e+00	9.200000e+00	1.414307e-04	1.414307e-04	1.414307e-04
9.200000e+00	9.300000e+00	0.000000e+00	0.000000e+00	0.000000e+00
9.300000e+00	9.400000e+00	0.000000e+00	0.000000e+00	0.000000e+00
9.400000e+00	9.500000e+00	0.000000e+00	0.000000e+00	0.000000e+00
9.500000e+00	9.600000e+00	0.000000e+00	0.000000e+00	0.000000e+00
9.600000e+00	9.700000e+00	0.000000e+00	0.000000e+00	0.000000e+00
9.700000e+00	9.800000e+00	0.000000e+00	0.000000e+00	0.000000e+00
9.800000e+00	9.900000e+00	0.000000e+00	0.000000e+00	0.000000e+00
9.900000e+00	1.000000e+01	0.000000e+00	0.000000e+00	0.000000e+00
1.000000e+01	1.010000e+01	0.000000e+00	0.000000e+00	0.000000e+00
1.010000e+01	1.020000e+01	0.000000e+00	0.000000e+00	0.000000e+00
1.020000e+01	1.030000e+01	0.000000e+00	0.000000e+00	0.000000e+00
1.030000e+01	1.040000e+01	0.000000e+00	0.000000e+00	0.000000e+00
1.040000e+01	1.050000e+01	0.000000e+00	0.000000e+00	0.000000e+00
1.050000e+01	1.060000e+01	0.000000e+00	0.000000e+00	0.000000e+00
1.060000e+01	1.070000e+01	0.000000e+00	0.000000e+00	0.000000e+00
1.070000e+01	1.080000e+01	0.000000e+00	0.000000e+00	0.000000e+00
1.080000e+01	1.090000e+01	0.000000e+00	0.000000e+00	0.000000e+00
1.090000e+01	1.100000e+01	0.000000e+00	0.000000e+00	0.000000e+00
1.100000e+01	1.110000e+01	0.000000e+00	0.000000e+00	0.000000e+00
1.110000e+01	1.120000e+01	0.000000e+00	0.000000e+00	0.000000e+00
1.120000e+01	1.130000e+01	0.000000e+00	0.000000e+00	0.000000e+00
1.130000e+01	1.140000e+01	0.000000e+00	0.000000e+00	0.000000e+00
1.140000e+01	1.150000e+01	0.000000e+00	0.000000e+00	0.000000e+00
1.150000e+01	1.160000e+01	0.000000e+00	0.000000e+00	0.000000e+00
1.160000e+01	1.170000e+01	0.000000e+00	0.000000e+00	0.000000e+00
1.170000e+01	1.180000e+01	0.000000e+00	0.000000e+00	0.000000e+00
1.180000e+01	1.190000e+01	0.000000e+00	0.000000e+00	0.000000e+00
1.190000e+01	1.200000e+01	0.000000e+00	0.000000e+00	0.000000e+00
1.200000e+01	1.210000e+01	0.000000e+00	0.000000e+00	0.000000e+00
1.210000e+01	1.220000e+01	0.000000e+00	0.000000e+00	0.000000e+00
1.220000e+01	1.230000e+01	0.000000e+00	0.000000e+00	0.000000e+00
1.230000e+01	1.240000e+01	0.000000e+00	0.000000e+00	0.000000e+00
1.240000e+01	1.250000e+01	0.000000e+00	0.000000e+00	0.000000e+00
1.250000e+01	1.260000e+01	0.000000e+00	0.000000e+00	0.000000e+00
1.260000e+01	1.270000e+01	0.000000e+00	0.000000e+00	0.000000e+00
1.270000e+01	1.280000e+01	0.000000e+00	0.000000e+00	0.000000e+00
1.280000e+01	1.290000e+01	0.000000e+00	0.000000e+00	0.000000e+00
1.290000e+01	1.300000e+01	0.000000e+00	0.000000e+00	0.000000e+00
1.300000e+01	1.310000e+01	0.000000e+00	0.000000e+00	0.000000e+00
1.310000e+01	1.320000e+01	0.000000e+00	0.000000e+00	0.000000e+00
1.320000e+01	1.330000e+01	0.000000e+00	0.000000e+00	0.000000e+00
1.330000e+01	1.340000e+01	0.000000e+00	0.000000e+00	0.000000e+00
1.340000e+01	1.350000e+01	0.000000e+00	0.000000e+00	0.000000e+00
1.350000e+01	1.360000e+01	0.000000e+00	0.000000e+00	0.000000e+00
1.360000e+01	1.370000e+01	0.000000e+00	0.000000e+00	0.000000e+00
1.370000e+01	1.380000e+01	0.000000e+00	0.000000e+00	0.000000e+00
1.380000e+01	1.390000e+01	0.000000e+00	0.000000e+00	0.000000e+00
1.390000e+01	1.400000e+01	0.000000e+00	0.000000e+00	0.000000e+00
1.400000e+01	1.410000e+01	0.000000e+00	0.000000e+00	0.000000e+00
1.410000e+01	1.420000e+01	0.000000e+00	0.000000e+00	0.000000e+00
1.420000e+01	1.430000e+01	0.000000e+00	0.000000e+00	0.000000e+00
1.430000e+01	1.440000e+01	0.000000e+00	0.000000e+00	0.000000e+00
1.440000e+01	1.450000e+01	0.000000e+00	0.000000e+00	0.000000e+00
1.450000e+01	1.460000e+01	0.000000e+00	0.000000e+00	0.000000e+00
1.460000e+01	1.470000e+01	0.000000e+00	0.000000e+00	0.000000e+00
1.470000e+01	1.480000e+01	0.000000e+00	0.000000e+00	0.000000e+00
1.480000e+01	1.490000e+01	0.000000e+00	0.000000e+00	0.000000e+00
1.490000e+01	1.500000e+01	0.000000e+00	0.000000e+00	0.000000e+00
# END HISTO1D

# BEGIN HISTO1D //home/frederic/Work/Software/LesHouches2017/lh2017-alphas/rivet-analysis/gluon-as015015-parton.yoda/MC_LHJSS_Zjet/log_Angularity_zcut_0.05_beta_0_alpha_1
LineColor=green
LineStyle=solid
NormalizeToSum=1
Path=//home/frederic/Work/Software/LesHouches2017/lh2017-alphas/rivet-analysis/gluon-as015015-parton.yoda/MC_LHJSS_Zjet/log_Angularity_zcut_0.05_beta_0_alpha_1
ScaledBy=1.43133185429041716e-05
Title=gluon-as015015-parton
XLabel=
YLabel=
# xlow	 xhigh	 val	 errminus	 errplus
0.000000e+00	1.000000e-01	0.000000e+00	0.000000e+00	0.000000e+00
1.000000e-01	2.000000e-01	1.431332e-04	1.431332e-04	1.431332e-04
2.000000e-01	3.000000e-01	8.587991e-04	3.506033e-04	3.506033e-04
3.000000e-01	4.000000e-01	2.290131e-03	5.725327e-04	5.725327e-04
4.000000e-01	5.000000e-01	7.586059e-03	1.042025e-03	1.042025e-03
5.000000e-01	6.000000e-01	1.760538e-02	1.587424e-03	1.587424e-03
6.000000e-01	7.000000e-01	3.521076e-02	2.244956e-03	2.244956e-03
7.000000e-01	8.000000e-01	6.698633e-02	3.096444e-03	3.096444e-03
8.000000e-01	9.000000e-01	1.019108e-01	3.819270e-03	3.819270e-03
9.000000e-01	1.000000e+00	1.375510e-01	4.437129e-03	4.437129e-03
1.000000e+00	1.100000e+00	1.706148e-01	4.941723e-03	4.941723e-03
1.100000e+00	1.200000e+00	2.006727e-01	5.359378e-03	5.359378e-03
1.200000e+00	1.300000e+00	2.549202e-01	6.040492e-03	6.040492e-03
1.300000e+00	1.400000e+00	2.801116e-01	6.331925e-03	6.331925e-03
1.400000e+00	1.500000e+00	3.133185e-01	6.696737e-03	6.696737e-03
1.500000e+00	1.600000e+00	3.377943e-01	6.953386e-03	6.953386e-03
1.600000e+00	1.700000e+00	3.418020e-01	6.994514e-03	6.994514e-03
1.700000e+00	1.800000e+00	3.866027e-01	7.438796e-03	7.438796e-03
1.800000e+00	1.900000e+00	4.019180e-01	7.584708e-03	7.584708e-03
1.900000e+00	2.000000e+00	4.069276e-01	7.631831e-03	7.631831e-03
2.000000e+00	2.100000e+00	4.029199e-01	7.594156e-03	7.594156e-03
2.100000e+00	2.200000e+00	4.166607e-01	7.722562e-03	7.722562e-03
2.200000e+00	2.300000e+00	4.085021e-01	7.646582e-03	7.646582e-03
2.300000e+00	2.400000e+00	3.976240e-01	7.544083e-03	7.544083e-03
2.400000e+00	2.500000e+00	3.850283e-01	7.423633e-03	7.423633e-03
2.500000e+00	2.600000e+00	3.718600e-01	7.295582e-03	7.295582e-03
2.600000e+00	2.700000e+00	3.423746e-01	7.000369e-03	7.000369e-03
2.700000e+00	2.800000e+00	3.346454e-01	6.920900e-03	6.920900e-03
2.800000e+00	2.900000e+00	3.156087e-01	6.721166e-03	6.721166e-03
2.900000e+00	3.000000e+00	2.844056e-01	6.380274e-03	6.380274e-03
3.000000e+00	3.100000e+00	2.645101e-01	6.153063e-03	6.153063e-03
3.100000e+00	3.200000e+00	2.486223e-01	5.965409e-03	5.965409e-03
3.200000e+00	3.300000e+00	2.294425e-01	5.730693e-03	5.730693e-03
3.300000e+00	3.400000e+00	2.215702e-01	5.631522e-03	5.631522e-03
3.400000e+00	3.500000e+00	1.922279e-01	5.245397e-03	5.245397e-03
3.500000e+00	3.600000e+00	1.813497e-01	5.094818e-03	5.094818e-03
3.600000e+00	3.700000e+00	1.653188e-01	4.864423e-03	4.864423e-03
3.700000e+00	3.800000e+00	1.575896e-01	4.749348e-03	4.749348e-03
3.800000e+00	3.900000e+00	1.338295e-01	4.376694e-03	4.376694e-03
3.900000e+00	4.000000e+00	1.384098e-01	4.450958e-03	4.450958e-03
4.000000e+00	4.100000e+00	1.112145e-01	3.989797e-03	3.989797e-03
4.100000e+00	4.200000e+00	1.097832e-01	3.964040e-03	3.964040e-03
4.200000e+00	4.300000e+00	9.861876e-02	3.757076e-03	3.757076e-03
4.300000e+00	4.400000e+00	8.788378e-02	3.546700e-03	3.546700e-03
4.400000e+00	4.500000e+00	7.843699e-02	3.350663e-03	3.350663e-03
4.500000e+00	4.600000e+00	6.941959e-02	3.152181e-03	3.152181e-03
4.600000e+00	4.700000e+00	5.825521e-02	2.887603e-03	2.887603e-03
4.700000e+00	4.800000e+00	5.210048e-02	2.730807e-03	2.730807e-03
4.800000e+00	4.900000e+00	4.007729e-02	2.395076e-03	2.395076e-03
4.900000e+00	5.000000e+00	3.707150e-02	2.303511e-03	2.303511e-03
5.000000e+00	5.100000e+00	2.690904e-02	1.962543e-03	1.962543e-03
5.100000e+00	5.200000e+00	2.433264e-02	1.866228e-03	1.866228e-03
5.200000e+00	5.300000e+00	2.433264e-02	1.866228e-03	1.866228e-03
5.300000e+00	5.400000e+00	1.688972e-02	1.554824e-03	1.554824e-03
5.400000e+00	5.500000e+00	1.545838e-02	1.487484e-03	1.487484e-03
5.500000e+00	5.600000e+00	1.087812e-02	1.247806e-03	1.247806e-03
5.600000e+00	5.700000e+00	1.188005e-02	1.304005e-03	1.304005e-03
5.700000e+00	5.800000e+00	8.301725e-03	1.090070e-03	1.090070e-03
5.800000e+00	5.900000e+00	6.870393e-03	9.916558e-04	9.916558e-04
5.900000e+00	6.000000e+00	5.295928e-03	8.706452e-04	8.706452e-04
6.000000e+00	6.100000e+00	4.437129e-03	7.969319e-04	7.969319e-04
6.100000e+00	6.200000e+00	3.578330e-03	7.156659e-04	7.156659e-04
6.200000e+00	6.300000e+00	2.862664e-03	6.401111e-04	6.401111e-04
6.300000e+00	6.400000e+00	3.148930e-03	6.713542e-04	6.713542e-04
6.400000e+00	6.500000e+00	2.576397e-03	6.072627e-04	6.072627e-04
6.500000e+00	6.600000e+00	2.290131e-03	5.725327e-04	5.725327e-04
6.600000e+00	6.700000e+00	2.576397e-03	6.072627e-04	6.072627e-04
6.700000e+00	6.800000e+00	1.431332e-03	4.526269e-04	4.526269e-04
6.800000e+00	6.900000e+00	1.288199e-03	4.293996e-04	4.293996e-04
6.900000e+00	7.000000e+00	1.431332e-03	4.526269e-04	4.526269e-04
7.000000e+00	7.100000e+00	1.288199e-03	4.293996e-04	4.293996e-04
7.100000e+00	7.200000e+00	2.862664e-04	2.024209e-04	2.024209e-04
7.200000e+00	7.300000e+00	5.725327e-04	2.862664e-04	2.862664e-04
7.300000e+00	7.400000e+00	2.862664e-04	2.024209e-04	2.024209e-04
7.400000e+00	7.500000e+00	1.431332e-04	1.431332e-04	1.431332e-04
7.500000e+00	7.600000e+00	1.431332e-04	1.431332e-04	1.431332e-04
7.600000e+00	7.700000e+00	1.431332e-04	1.431332e-04	1.431332e-04
7.700000e+00	7.800000e+00	1.431332e-04	1.431332e-04	1.431332e-04
7.800000e+00	7.900000e+00	2.862664e-04	2.024209e-04	2.024209e-04
7.900000e+00	8.000000e+00	0.000000e+00	0.000000e+00	0.000000e+00
8.000000e+00	8.100000e+00	1.431332e-04	1.431332e-04	1.431332e-04
8.100000e+00	8.200000e+00	0.000000e+00	0.000000e+00	0.000000e+00
8.200000e+00	8.300000e+00	0.000000e+00	0.000000e+00	0.000000e+00
8.300000e+00	8.400000e+00	1.431332e-04	1.431332e-04	1.431332e-04
8.400000e+00	8.500000e+00	0.000000e+00	0.000000e+00	0.000000e+00
8.500000e+00	8.600000e+00	0.000000e+00	0.000000e+00	0.000000e+00
8.600000e+00	8.700000e+00	0.000000e+00	0.000000e+00	0.000000e+00
8.700000e+00	8.800000e+00	0.000000e+00	0.000000e+00	0.000000e+00
8.800000e+00	8.900000e+00	0.000000e+00	0.000000e+00	0.000000e+00
8.900000e+00	9.000000e+00	0.000000e+00	0.000000e+00	0.000000e+00
9.000000e+00	9.100000e+00	0.000000e+00	0.000000e+00	0.000000e+00
9.100000e+00	9.200000e+00	0.000000e+00	0.000000e+00	0.000000e+00
9.200000e+00	9.300000e+00	0.000000e+00	0.000000e+00	0.000000e+00
9.300000e+00	9.400000e+00	0.000000e+00	0.000000e+00	0.000000e+00
9.400000e+00	9.500000e+00	0.000000e+00	0.000000e+00	0.000000e+00
9.500000e+00	9.600000e+00	0.000000e+00	0.000000e+00	0.000000e+00
9.600000e+00	9.700000e+00	0.000000e+00	0.000000e+00	0.000000e+00
9.700000e+00	9.800000e+00	0.000000e+00	0.000000e+00	0.000000e+00
9.800000e+00	9.900000e+00	0.000000e+00	0.000000e+00	0.000000e+00
9.900000e+00	1.000000e+01	0.000000e+00	0.000000e+00	0.000000e+00
1.000000e+01	1.010000e+01	0.000000e+00	0.000000e+00	0.000000e+00
1.010000e+01	1.020000e+01	0.000000e+00	0.000000e+00	0.000000e+00
1.020000e+01	1.030000e+01	0.000000e+00	0.000000e+00	0.000000e+00
1.030000e+01	1.040000e+01	0.000000e+00	0.000000e+00	0.000000e+00
1.040000e+01	1.050000e+01	0.000000e+00	0.000000e+00	0.000000e+00
1.050000e+01	1.060000e+01	0.000000e+00	0.000000e+00	0.000000e+00
1.060000e+01	1.070000e+01	0.000000e+00	0.000000e+00	0.000000e+00
1.070000e+01	1.080000e+01	0.000000e+00	0.000000e+00	0.000000e+00
1.080000e+01	1.090000e+01	0.000000e+00	0.000000e+00	0.000000e+00
1.090000e+01	1.100000e+01	0.000000e+00	0.000000e+00	0.000000e+00
1.100000e+01	1.110000e+01	0.000000e+00	0.000000e+00	0.000000e+00
1.110000e+01	1.120000e+01	0.000000e+00	0.000000e+00	0.000000e+00
1.120000e+01	1.130000e+01	0.000000e+00	0.000000e+00	0.000000e+00
1.130000e+01	1.140000e+01	0.000000e+00	0.000000e+00	0.000000e+00
1.140000e+01	1.150000e+01	0.000000e+00	0.000000e+00	0.000000e+00
1.150000e+01	1.160000e+01	0.000000e+00	0.000000e+00	0.000000e+00
1.160000e+01	1.170000e+01	0.000000e+00	0.000000e+00	0.000000e+00
1.170000e+01	1.180000e+01	0.000000e+00	0.000000e+00	0.000000e+00
1.180000e+01	1.190000e+01	0.000000e+00	0.000000e+00	0.000000e+00
1.190000e+01	1.200000e+01	0.000000e+00	0.000000e+00	0.000000e+00
1.200000e+01	1.210000e+01	0.000000e+00	0.000000e+00	0.000000e+00
1.210000e+01	1.220000e+01	0.000000e+00	0.000000e+00	0.000000e+00
1.220000e+01	1.230000e+01	0.000000e+00	0.000000e+00	0.000000e+00
1.230000e+01	1.240000e+01	0.000000e+00	0.000000e+00	0.000000e+00
1.240000e+01	1.250000e+01	0.000000e+00	0.000000e+00	0.000000e+00
1.250000e+01	1.260000e+01	0.000000e+00	0.000000e+00	0.000000e+00
1.260000e+01	1.270000e+01	0.000000e+00	0.000000e+00	0.000000e+00
1.270000e+01	1.280000e+01	0.000000e+00	0.000000e+00	0.000000e+00
1.280000e+01	1.290000e+01	0.000000e+00	0.000000e+00	0.000000e+00
1.290000e+01	1.300000e+01	0.000000e+00	0.000000e+00	0.000000e+00
1.300000e+01	1.310000e+01	0.000000e+00	0.000000e+00	0.000000e+00
1.310000e+01	1.320000e+01	0.000000e+00	0.000000e+00	0.000000e+00
1.320000e+01	1.330000e+01	0.000000e+00	0.000000e+00	0.000000e+00
1.330000e+01	1.340000e+01	0.000000e+00	0.000000e+00	0.000000e+00
1.340000e+01	1.350000e+01	0.000000e+00	0.000000e+00	0.000000e+00
1.350000e+01	1.360000e+01	0.000000e+00	0.000000e+00	0.000000e+00
1.360000e+01	1.370000e+01	0.000000e+00	0.000000e+00	0.000000e+00
1.370000e+01	1.380000e+01	0.000000e+00	0.000000e+00	0.000000e+00
1.380000e+01	1.390000e+01	0.000000e+00	0.000000e+00	0.000000e+00
1.390000e+01	1.400000e+01	0.000000e+00	0.000000e+00	0.000000e+00
1.400000e+01	1.410000e+01	0.000000e+00	0.000000e+00	0.000000e+00
1.410000e+01	1.420000e+01	0.000000e+00	0.000000e+00	0.000000e+00
1.420000e+01	1.430000e+01	0.000000e+00	0.000000e+00	0.000000e+00
1.430000e+01	1.440000e+01	0.000000e+00	0.000000e+00	0.000000e+00
1.440000e+01	1.450000e+01	0.000000e+00	0.000000e+00	0.000000e+00
1.450000e+01	1.460000e+01	0.000000e+00	0.000000e+00	0.000000e+00
1.460000e+01	1.470000e+01	0.000000e+00	0.000000e+00	0.000000e+00
1.470000e+01	1.480000e+01	0.000000e+00	0.000000e+00	0.000000e+00
1.480000e+01	1.490000e+01	0.000000e+00	0.000000e+00	0.000000e+00
1.490000e+01	1.500000e+01	0.000000e+00	0.000000e+00	0.000000e+00
# END HISTO1D

