# BEGIN PLOT
LegendOnly=//home/frederic/Work/Software/LesHouches2017/lh2017-alphas/rivet-analysis/gluon-as013650-parton.yoda/MC_LHJSS_Zjet/log_Angularity_zcut_0.1_beta_1_alpha_2 //home/frederic/Work/Software/LesHouches2017/lh2017-alphas/rivet-analysis/gluon-as012285-parton.yoda/MC_LHJSS_Zjet/log_Angularity_zcut_0.1_beta_1_alpha_2 //home/frederic/Work/Software/LesHouches2017/lh2017-alphas/rivet-analysis/gluon-as015015-parton.yoda/MC_LHJSS_Zjet/log_Angularity_zcut_0.1_beta_1_alpha_2
DrawOnly=//home/frederic/Work/Software/LesHouches2017/lh2017-alphas/rivet-analysis/gluon-as013650-parton.yoda/MC_LHJSS_Zjet/log_Angularity_zcut_0.1_beta_1_alpha_2 //home/frederic/Work/Software/LesHouches2017/lh2017-alphas/rivet-analysis/gluon-as012285-parton.yoda/MC_LHJSS_Zjet/log_Angularity_zcut_0.1_beta_1_alpha_2 //home/frederic/Work/Software/LesHouches2017/lh2017-alphas/rivet-analysis/gluon-as015015-parton.yoda/MC_LHJSS_Zjet/log_Angularity_zcut_0.1_beta_1_alpha_2
Title=Angularity, $\alpha$ = 2 $z_{cut}$ = 0.1 $\beta$ = 1
RatioPlotReference=//home/frederic/Work/Software/LesHouches2017/lh2017-alphas/rivet-analysis/gluon-as013650-parton.yoda/MC_LHJSS_Zjet/log_Angularity_zcut_0.1_beta_1_alpha_2
RatioPlot=1
LogX=0
LogY=0
RatioPlotYLabel=Ratio
LegendXPos=0.65
XLabel=$e_\alpha$
YLabel=$1/\sigma \text{d}\sigma/\text{d}e_\alpha$
Legend=1
# END PLOT

# BEGIN HISTO1D //home/frederic/Work/Software/LesHouches2017/lh2017-alphas/rivet-analysis/gluon-as013650-parton.yoda/MC_LHJSS_Zjet/log_Angularity_zcut_0.1_beta_1_alpha_2
LineColor=red
LineStyle=solid
NormalizeToSum=1
Path=//home/frederic/Work/Software/LesHouches2017/lh2017-alphas/rivet-analysis/gluon-as013650-parton.yoda/MC_LHJSS_Zjet/log_Angularity_zcut_0.1_beta_1_alpha_2
ScaledBy=1.42364966828962723e-05
Title=gluon-as013650-parton
XLabel=
YLabel=
# xlow	 xhigh	 val	 errminus	 errplus
0.000000e+00	1.000000e-01	0.000000e+00	0.000000e+00	0.000000e+00
1.000000e-01	2.000000e-01	2.847299e-04	2.013345e-04	2.013345e-04
2.000000e-01	3.000000e-01	5.694599e-04	2.847299e-04	2.847299e-04
3.000000e-01	4.000000e-01	8.541898e-04	3.487215e-04	3.487215e-04
4.000000e-01	5.000000e-01	2.704934e-03	6.205545e-04	6.205545e-04
5.000000e-01	6.000000e-01	4.413314e-03	7.926546e-04	7.926546e-04
6.000000e-01	7.000000e-01	9.965548e-03	1.191111e-03	1.191111e-03
7.000000e-01	8.000000e-01	2.050056e-02	1.708380e-03	1.708380e-03
8.000000e-01	9.000000e-01	3.046610e-02	2.082620e-03	2.082620e-03
9.000000e-01	1.000000e+00	4.085875e-02	2.411815e-03	2.411815e-03
1.000000e+00	1.100000e+00	5.082429e-02	2.689907e-03	2.689907e-03
1.100000e+00	1.200000e+00	6.719626e-02	3.092959e-03	3.092959e-03
1.200000e+00	1.300000e+00	7.331796e-02	3.230775e-03	3.230775e-03
1.300000e+00	1.400000e+00	8.812391e-02	3.541999e-03	3.541999e-03
1.400000e+00	1.500000e+00	9.979784e-02	3.769313e-03	3.769313e-03
1.500000e+00	1.600000e+00	1.143191e-01	4.034232e-03	4.034232e-03
1.600000e+00	1.700000e+00	1.238575e-01	4.199163e-03	4.199163e-03
1.700000e+00	1.800000e+00	1.358162e-01	4.397212e-03	4.397212e-03
1.800000e+00	1.900000e+00	1.452123e-01	4.546772e-03	4.546772e-03
1.900000e+00	2.000000e+00	1.620113e-01	4.802576e-03	4.802576e-03
2.000000e+00	2.100000e+00	1.659976e-01	4.861300e-03	4.861300e-03
2.100000e+00	2.200000e+00	1.647163e-01	4.842502e-03	4.842502e-03
2.200000e+00	2.300000e+00	1.815153e-01	5.083446e-03	5.083446e-03
2.300000e+00	2.400000e+00	1.708380e-01	4.931667e-03	4.931667e-03
2.400000e+00	2.500000e+00	1.815153e-01	5.083446e-03	5.083446e-03
2.500000e+00	2.600000e+00	1.850745e-01	5.133042e-03	5.133042e-03
2.600000e+00	2.700000e+00	1.862134e-01	5.148812e-03	5.148812e-03
2.700000e+00	2.800000e+00	1.863557e-01	5.150780e-03	5.150780e-03
2.800000e+00	2.900000e+00	1.933316e-01	5.246299e-03	5.246299e-03
2.900000e+00	3.000000e+00	1.890607e-01	5.188027e-03	5.188027e-03
3.000000e+00	3.100000e+00	1.991686e-01	5.324907e-03	5.324907e-03
3.100000e+00	3.200000e+00	1.886336e-01	5.182163e-03	5.182163e-03
3.200000e+00	3.300000e+00	1.980297e-01	5.309660e-03	5.309660e-03
3.300000e+00	3.400000e+00	1.995957e-01	5.330613e-03	5.330613e-03
3.400000e+00	3.500000e+00	1.850745e-01	5.133042e-03	5.133042e-03
3.500000e+00	3.600000e+00	1.873523e-01	5.164533e-03	5.164533e-03
3.600000e+00	3.700000e+00	1.860710e-01	5.146843e-03	5.146843e-03
3.700000e+00	3.800000e+00	1.909114e-01	5.213358e-03	5.213358e-03
3.800000e+00	3.900000e+00	1.903420e-01	5.205577e-03	5.205577e-03
3.900000e+00	4.000000e+00	1.877794e-01	5.170417e-03	5.170417e-03
4.000000e+00	4.100000e+00	1.886336e-01	5.182163e-03	5.182163e-03
4.100000e+00	4.200000e+00	1.803764e-01	5.067473e-03	5.067473e-03
4.200000e+00	4.300000e+00	1.897725e-01	5.197784e-03	5.197784e-03
4.300000e+00	4.400000e+00	1.936164e-01	5.250161e-03	5.250161e-03
4.400000e+00	4.500000e+00	1.827966e-01	5.101356e-03	5.101356e-03
4.500000e+00	4.600000e+00	1.701261e-01	4.921382e-03	4.921382e-03
4.600000e+00	4.700000e+00	1.671365e-01	4.877948e-03	4.877948e-03
4.700000e+00	4.800000e+00	1.739700e-01	4.976669e-03	4.976669e-03
4.800000e+00	4.900000e+00	1.755360e-01	4.999018e-03	4.999018e-03
4.900000e+00	5.000000e+00	1.637197e-01	4.827831e-03	4.827831e-03
5.000000e+00	5.100000e+00	1.640044e-01	4.832028e-03	4.832028e-03
5.100000e+00	5.200000e+00	1.540389e-01	4.682920e-03	4.682920e-03
5.200000e+00	5.300000e+00	1.541813e-01	4.685084e-03	4.685084e-03
5.300000e+00	5.400000e+00	1.531847e-01	4.669919e-03	4.669919e-03
5.400000e+00	5.500000e+00	1.484867e-01	4.597749e-03	4.597749e-03
5.500000e+00	5.600000e+00	1.533271e-01	4.672087e-03	4.672087e-03
5.600000e+00	5.700000e+00	1.328265e-01	4.348545e-03	4.348545e-03
5.700000e+00	5.800000e+00	1.383787e-01	4.438501e-03	4.438501e-03
5.800000e+00	5.900000e+00	1.361009e-01	4.401818e-03	4.401818e-03
5.900000e+00	6.000000e+00	1.339654e-01	4.367148e-03	4.367148e-03
6.000000e+00	6.100000e+00	1.212950e-01	4.155496e-03	4.155496e-03
6.100000e+00	6.200000e+00	1.117565e-01	3.988760e-03	3.988760e-03
6.200000e+00	6.300000e+00	1.210102e-01	4.150617e-03	4.150617e-03
6.300000e+00	6.400000e+00	1.113294e-01	3.981132e-03	3.981132e-03
6.400000e+00	6.500000e+00	1.044959e-01	3.857013e-03	3.857013e-03
6.500000e+00	6.600000e+00	9.823183e-02	3.739622e-03	3.739622e-03
6.600000e+00	6.700000e+00	9.509980e-02	3.679522e-03	3.679522e-03
6.700000e+00	6.800000e+00	8.541898e-02	3.487215e-03	3.487215e-03
6.800000e+00	6.900000e+00	8.015148e-02	3.377982e-03	3.377982e-03
6.900000e+00	7.000000e+00	8.527662e-02	3.484308e-03	3.484308e-03
7.000000e+00	7.100000e+00	7.346032e-02	3.233911e-03	3.233911e-03
7.100000e+00	7.200000e+00	7.089775e-02	3.177005e-03	3.177005e-03
7.200000e+00	7.300000e+00	6.520315e-02	3.046743e-03	3.046743e-03
7.300000e+00	7.400000e+00	6.249822e-02	2.982877e-03	2.982877e-03
7.400000e+00	7.500000e+00	5.893910e-02	2.896698e-03	2.896698e-03
7.500000e+00	7.600000e+00	4.769226e-02	2.605707e-03	2.605707e-03
7.600000e+00	7.700000e+00	4.925828e-02	2.648141e-03	2.648141e-03
7.700000e+00	7.800000e+00	4.470260e-02	2.522714e-03	2.522714e-03
7.800000e+00	7.900000e+00	3.801145e-02	2.326263e-03	2.326263e-03
7.900000e+00	8.000000e+00	3.758435e-02	2.313157e-03	2.313157e-03
8.000000e+00	8.100000e+00	3.274394e-02	2.159072e-03	2.159072e-03
8.100000e+00	8.200000e+00	3.060847e-02	2.087480e-03	2.087480e-03
8.200000e+00	8.300000e+00	2.619515e-02	1.931132e-03	1.931132e-03
8.300000e+00	8.400000e+00	2.405968e-02	1.850744e-03	1.850744e-03
8.400000e+00	8.500000e+00	2.035819e-02	1.702437e-03	1.702437e-03
8.500000e+00	8.600000e+00	2.007346e-02	1.690490e-03	1.690490e-03
8.600000e+00	8.700000e+00	1.622961e-02	1.520042e-03	1.520042e-03
8.700000e+00	8.800000e+00	1.395177e-02	1.409341e-03	1.409341e-03
8.800000e+00	8.900000e+00	1.153156e-02	1.281285e-03	1.281285e-03
8.900000e+00	9.000000e+00	1.096210e-02	1.249247e-03	1.249247e-03
9.000000e+00	9.100000e+00	8.541898e-03	1.102754e-03	1.102754e-03
9.100000e+00	9.200000e+00	9.396088e-03	1.156579e-03	1.156579e-03
9.200000e+00	9.300000e+00	9.111358e-03	1.138920e-03	1.138920e-03
9.300000e+00	9.400000e+00	5.409869e-03	8.775966e-04	8.775966e-04
9.400000e+00	9.500000e+00	5.552234e-03	8.890690e-04	8.890690e-04
9.500000e+00	9.600000e+00	6.264059e-03	9.443424e-04	9.443424e-04
9.600000e+00	9.700000e+00	4.698044e-03	8.178245e-04	8.178245e-04
9.700000e+00	9.800000e+00	3.559124e-03	7.118248e-04	7.118248e-04
9.800000e+00	9.900000e+00	3.274394e-03	6.827584e-04	6.827584e-04
9.900000e+00	1.000000e+01	3.274394e-03	6.827584e-04	6.827584e-04
1.000000e+01	1.010000e+01	2.277839e-03	5.694598e-04	5.694598e-04
1.010000e+01	1.020000e+01	2.562569e-03	6.040034e-04	6.040034e-04
1.020000e+01	1.030000e+01	2.277839e-03	5.694598e-04	5.694598e-04
1.030000e+01	1.040000e+01	9.965548e-04	3.766623e-04	3.766623e-04
1.040000e+01	1.050000e+01	1.708380e-03	4.931667e-04	4.931667e-04
1.050000e+01	1.060000e+01	9.965548e-04	3.766623e-04	3.766623e-04
1.060000e+01	1.070000e+01	1.138920e-03	4.026690e-04	4.026690e-04
1.070000e+01	1.080000e+01	1.281285e-03	4.270950e-04	4.270950e-04
1.080000e+01	1.090000e+01	4.270949e-04	2.465834e-04	2.465834e-04
1.090000e+01	1.100000e+01	7.118248e-04	3.183377e-04	3.183377e-04
1.100000e+01	1.110000e+01	9.965548e-04	3.766623e-04	3.766623e-04
1.110000e+01	1.120000e+01	5.694599e-04	2.847299e-04	2.847299e-04
1.120000e+01	1.130000e+01	1.423650e-04	1.423650e-04	1.423650e-04
1.130000e+01	1.140000e+01	1.423650e-04	1.423650e-04	1.423650e-04
1.140000e+01	1.150000e+01	5.694599e-04	2.847299e-04	2.847299e-04
1.150000e+01	1.160000e+01	4.270949e-04	2.465834e-04	2.465834e-04
1.160000e+01	1.170000e+01	2.847299e-04	2.013345e-04	2.013345e-04
1.170000e+01	1.180000e+01	1.423650e-04	1.423650e-04	1.423650e-04
1.180000e+01	1.190000e+01	1.423650e-04	1.423650e-04	1.423650e-04
1.190000e+01	1.200000e+01	0.000000e+00	0.000000e+00	0.000000e+00
1.200000e+01	1.210000e+01	1.423650e-04	1.423650e-04	1.423650e-04
1.210000e+01	1.220000e+01	0.000000e+00	0.000000e+00	0.000000e+00
1.220000e+01	1.230000e+01	4.270949e-04	2.465834e-04	2.465834e-04
1.230000e+01	1.240000e+01	1.423650e-04	1.423650e-04	1.423650e-04
1.240000e+01	1.250000e+01	0.000000e+00	0.000000e+00	0.000000e+00
1.250000e+01	1.260000e+01	1.423650e-04	1.423650e-04	1.423650e-04
1.260000e+01	1.270000e+01	1.423650e-04	1.423650e-04	1.423650e-04
1.270000e+01	1.280000e+01	0.000000e+00	0.000000e+00	0.000000e+00
1.280000e+01	1.290000e+01	0.000000e+00	0.000000e+00	0.000000e+00
1.290000e+01	1.300000e+01	0.000000e+00	0.000000e+00	0.000000e+00
1.300000e+01	1.310000e+01	0.000000e+00	0.000000e+00	0.000000e+00
1.310000e+01	1.320000e+01	0.000000e+00	0.000000e+00	0.000000e+00
1.320000e+01	1.330000e+01	0.000000e+00	0.000000e+00	0.000000e+00
1.330000e+01	1.340000e+01	0.000000e+00	0.000000e+00	0.000000e+00
1.340000e+01	1.350000e+01	0.000000e+00	0.000000e+00	0.000000e+00
1.350000e+01	1.360000e+01	0.000000e+00	0.000000e+00	0.000000e+00
1.360000e+01	1.370000e+01	0.000000e+00	0.000000e+00	0.000000e+00
1.370000e+01	1.380000e+01	0.000000e+00	0.000000e+00	0.000000e+00
1.380000e+01	1.390000e+01	0.000000e+00	0.000000e+00	0.000000e+00
1.390000e+01	1.400000e+01	0.000000e+00	0.000000e+00	0.000000e+00
1.400000e+01	1.410000e+01	0.000000e+00	0.000000e+00	0.000000e+00
1.410000e+01	1.420000e+01	0.000000e+00	0.000000e+00	0.000000e+00
1.420000e+01	1.430000e+01	1.423650e-04	1.423650e-04	1.423650e-04
1.430000e+01	1.440000e+01	0.000000e+00	0.000000e+00	0.000000e+00
1.440000e+01	1.450000e+01	0.000000e+00	0.000000e+00	0.000000e+00
1.450000e+01	1.460000e+01	0.000000e+00	0.000000e+00	0.000000e+00
1.460000e+01	1.470000e+01	0.000000e+00	0.000000e+00	0.000000e+00
1.470000e+01	1.480000e+01	0.000000e+00	0.000000e+00	0.000000e+00
1.480000e+01	1.490000e+01	0.000000e+00	0.000000e+00	0.000000e+00
1.490000e+01	1.500000e+01	0.000000e+00	0.000000e+00	0.000000e+00
# END HISTO1D

# BEGIN HISTO1D //home/frederic/Work/Software/LesHouches2017/lh2017-alphas/rivet-analysis/gluon-as012285-parton.yoda/MC_LHJSS_Zjet/log_Angularity_zcut_0.1_beta_1_alpha_2
LineColor=blue
LineStyle=solid
NormalizeToSum=1
Path=//home/frederic/Work/Software/LesHouches2017/lh2017-alphas/rivet-analysis/gluon-as012285-parton.yoda/MC_LHJSS_Zjet/log_Angularity_zcut_0.1_beta_1_alpha_2
ScaledBy=1.41430713093655423e-05
Title=gluon-as012285-parton
XLabel=
YLabel=
# xlow	 xhigh	 val	 errminus	 errplus
0.000000e+00	1.000000e-01	0.000000e+00	0.000000e+00	0.000000e+00
1.000000e-01	2.000000e-01	4.242921e-04	2.449652e-04	2.449652e-04
2.000000e-01	3.000000e-01	1.414307e-04	1.414307e-04	1.414307e-04
3.000000e-01	4.000000e-01	8.485843e-04	3.464331e-04	3.464331e-04
4.000000e-01	5.000000e-01	1.555738e-03	4.690726e-04	4.690726e-04
5.000000e-01	6.000000e-01	3.818629e-03	7.348956e-04	7.348956e-04
6.000000e-01	7.000000e-01	8.627273e-03	1.104609e-03	1.104609e-03
7.000000e-01	8.000000e-01	1.400164e-02	1.407218e-03	1.407218e-03
8.000000e-01	9.000000e-01	2.475037e-02	1.870952e-03	1.870952e-03
9.000000e-01	1.000000e+00	3.493339e-02	2.222758e-03	2.222758e-03
1.000000e+00	1.100000e+00	4.299494e-02	2.465929e-03	2.465929e-03
1.100000e+00	1.200000e+00	5.770373e-02	2.856760e-03	2.856760e-03
1.200000e+00	1.300000e+00	7.142251e-02	3.178261e-03	3.178261e-03
1.300000e+00	1.400000e+00	8.344412e-02	3.435340e-03	3.435340e-03
1.400000e+00	1.500000e+00	8.796990e-02	3.527272e-03	3.527272e-03
1.500000e+00	1.600000e+00	1.026787e-01	3.810764e-03	3.810764e-03
1.600000e+00	1.700000e+00	1.083359e-01	3.914336e-03	3.914336e-03
1.700000e+00	1.800000e+00	1.107402e-01	3.957533e-03	3.957533e-03
1.800000e+00	1.900000e+00	1.265805e-01	4.231119e-03	4.231119e-03
1.900000e+00	2.000000e+00	1.395921e-01	4.443266e-03	4.443266e-03
2.000000e+00	2.100000e+00	1.448251e-01	4.525783e-03	4.525783e-03
2.100000e+00	2.200000e+00	1.595338e-01	4.750052e-03	4.750052e-03
2.200000e+00	2.300000e+00	1.562809e-01	4.701374e-03	4.701374e-03
2.300000e+00	2.400000e+00	1.629282e-01	4.800318e-03	4.800318e-03
2.400000e+00	2.500000e+00	1.644839e-01	4.823182e-03	4.823182e-03
2.500000e+00	2.600000e+00	1.626453e-01	4.796148e-03	4.796148e-03
2.600000e+00	2.700000e+00	1.633525e-01	4.806564e-03	4.806564e-03
2.700000e+00	2.800000e+00	1.746669e-01	4.970238e-03	4.970238e-03
2.800000e+00	2.900000e+00	1.753741e-01	4.980289e-03	4.980289e-03
2.900000e+00	3.000000e+00	1.705654e-01	4.911536e-03	4.911536e-03
3.000000e+00	3.100000e+00	1.827285e-01	5.083642e-03	5.083642e-03
3.100000e+00	3.200000e+00	1.782027e-01	5.020292e-03	5.020292e-03
3.200000e+00	3.300000e+00	1.695754e-01	4.897261e-03	4.897261e-03
3.300000e+00	3.400000e+00	1.791927e-01	5.034218e-03	5.034218e-03
3.400000e+00	3.500000e+00	1.724040e-01	4.937938e-03	4.937938e-03
3.500000e+00	3.600000e+00	1.687268e-01	4.884993e-03	4.884993e-03
3.600000e+00	3.700000e+00	1.767884e-01	5.000331e-03	5.000331e-03
3.700000e+00	3.800000e+00	1.922043e-01	5.213789e-03	5.213789e-03
3.800000e+00	3.900000e+00	1.782027e-01	5.020292e-03	5.020292e-03
3.900000e+00	4.000000e+00	1.827285e-01	5.083642e-03	5.083642e-03
4.000000e+00	4.100000e+00	1.701411e-01	4.905424e-03	4.905424e-03
4.100000e+00	4.200000e+00	1.743841e-01	4.966212e-03	4.966212e-03
4.200000e+00	4.300000e+00	1.695754e-01	4.897261e-03	4.897261e-03
4.300000e+00	4.400000e+00	1.639182e-01	4.814880e-03	4.814880e-03
4.400000e+00	4.500000e+00	1.707069e-01	4.913572e-03	4.913572e-03
4.500000e+00	4.600000e+00	1.776370e-01	5.012317e-03	5.012317e-03
4.600000e+00	4.700000e+00	1.643425e-01	4.821108e-03	4.821108e-03
4.700000e+00	4.800000e+00	1.666054e-01	4.854186e-03	4.854186e-03
4.800000e+00	4.900000e+00	1.739598e-01	4.960167e-03	4.960167e-03
4.900000e+00	5.000000e+00	1.650496e-01	4.831469e-03	4.831469e-03
5.000000e+00	5.100000e+00	1.593924e-01	4.747945e-03	4.747945e-03
5.100000e+00	5.200000e+00	1.533109e-01	4.656487e-03	4.656487e-03
5.200000e+00	5.300000e+00	1.494923e-01	4.598130e-03	4.598130e-03
5.300000e+00	5.400000e+00	1.493508e-01	4.595954e-03	4.595954e-03
5.400000e+00	5.500000e+00	1.453908e-01	4.534614e-03	4.534614e-03
5.500000e+00	5.600000e+00	1.414307e-01	4.472432e-03	4.472432e-03
5.600000e+00	5.700000e+00	1.400164e-01	4.450013e-03	4.450013e-03
5.700000e+00	5.800000e+00	1.381778e-01	4.420700e-03	4.420700e-03
5.800000e+00	5.900000e+00	1.373292e-01	4.407104e-03	4.407104e-03
5.900000e+00	6.000000e+00	1.361978e-01	4.388912e-03	4.388912e-03
6.000000e+00	6.100000e+00	1.350663e-01	4.370644e-03	4.370644e-03
6.100000e+00	6.200000e+00	1.240347e-01	4.188355e-03	4.188355e-03
6.200000e+00	6.300000e+00	1.212061e-01	4.140322e-03	4.140322e-03
6.300000e+00	6.400000e+00	1.178118e-01	4.081936e-03	4.081936e-03
6.400000e+00	6.500000e+00	1.154075e-01	4.040069e-03	4.040069e-03
6.500000e+00	6.600000e+00	1.087602e-01	3.921994e-03	3.921994e-03
6.600000e+00	6.700000e+00	1.043759e-01	3.842128e-03	3.842128e-03
6.700000e+00	6.800000e+00	1.055073e-01	3.862897e-03	3.862897e-03
6.800000e+00	6.900000e+00	1.015473e-01	3.789710e-03	3.789710e-03
6.900000e+00	7.000000e+00	1.011230e-01	3.781784e-03	3.781784e-03
7.000000e+00	7.100000e+00	9.136424e-02	3.594678e-03	3.594678e-03
7.100000e+00	7.200000e+00	8.301983e-02	3.426595e-03	3.426595e-03
7.200000e+00	7.300000e+00	9.009136e-02	3.569550e-03	3.569550e-03
7.300000e+00	7.400000e+00	7.651402e-02	3.289594e-03	3.289594e-03
7.400000e+00	7.500000e+00	7.849405e-02	3.331887e-03	3.331887e-03
7.500000e+00	7.600000e+00	7.382683e-02	3.231312e-03	3.231312e-03
7.600000e+00	7.700000e+00	6.237094e-02	2.970045e-03	2.970045e-03
7.700000e+00	7.800000e+00	5.925947e-02	2.895015e-03	2.895015e-03
7.800000e+00	7.900000e+00	5.770373e-02	2.856760e-03	2.856760e-03
7.900000e+00	8.000000e+00	4.822787e-02	2.611686e-03	2.611686e-03
8.000000e+00	8.100000e+00	5.020790e-02	2.664759e-03	2.664759e-03
8.100000e+00	8.200000e+00	4.497497e-02	2.522071e-03	2.522071e-03
8.200000e+00	8.300000e+00	4.638927e-02	2.561419e-03	2.561419e-03
8.300000e+00	8.400000e+00	3.733771e-02	2.297977e-03	2.297977e-03
8.400000e+00	8.500000e+00	3.592340e-02	2.254035e-03	2.254035e-03
8.500000e+00	8.600000e+00	3.210477e-02	2.130869e-03	2.130869e-03
8.600000e+00	8.700000e+00	2.574039e-02	1.908005e-03	1.908005e-03
8.700000e+00	8.800000e+00	2.489181e-02	1.876290e-03	1.876290e-03
8.800000e+00	8.900000e+00	2.687184e-02	1.949488e-03	1.949488e-03
8.900000e+00	9.000000e+00	2.079031e-02	1.714756e-03	1.714756e-03
9.000000e+00	9.100000e+00	2.305321e-02	1.805666e-03	1.805666e-03
9.100000e+00	9.200000e+00	1.584024e-02	1.496762e-03	1.496762e-03
9.200000e+00	9.300000e+00	1.485022e-02	1.449234e-03	1.449234e-03
9.300000e+00	9.400000e+00	1.569881e-02	1.490065e-03	1.490065e-03
9.400000e+00	9.500000e+00	1.244590e-02	1.326738e-03	1.326738e-03
9.500000e+00	9.600000e+00	9.900150e-03	1.183294e-03	1.183294e-03
9.600000e+00	9.700000e+00	9.475858e-03	1.157660e-03	1.157660e-03
9.700000e+00	9.800000e+00	1.060730e-02	1.224826e-03	1.224826e-03
9.800000e+00	9.900000e+00	8.768704e-03	1.113627e-03	1.113627e-03
9.900000e+00	1.000000e+01	8.202981e-03	1.077104e-03	1.077104e-03
1.000000e+01	1.010000e+01	5.374367e-03	8.718375e-04	8.718375e-04
1.010000e+01	1.020000e+01	7.495828e-03	1.029631e-03	1.029631e-03
1.020000e+01	1.030000e+01	5.232936e-03	8.602894e-04	8.602894e-04
1.030000e+01	1.040000e+01	4.808644e-03	8.246757e-04	8.246757e-04
1.040000e+01	1.050000e+01	2.970045e-03	6.481170e-04	6.481170e-04
1.050000e+01	1.060000e+01	4.525783e-03	8.000529e-04	8.000529e-04
1.060000e+01	1.070000e+01	1.838599e-03	5.099357e-04	5.099357e-04
1.070000e+01	1.080000e+01	3.535768e-03	7.071536e-04	7.071536e-04
1.080000e+01	1.090000e+01	2.687184e-03	6.164822e-04	6.164822e-04
1.090000e+01	1.100000e+01	3.535768e-03	7.071536e-04	7.071536e-04
1.100000e+01	1.110000e+01	2.262891e-03	5.657228e-04	5.657228e-04
1.110000e+01	1.120000e+01	2.404322e-03	5.831338e-04	5.831338e-04
1.120000e+01	1.130000e+01	2.545753e-03	6.000397e-04	6.000397e-04
1.130000e+01	1.140000e+01	1.980030e-03	5.291853e-04	5.291853e-04
1.140000e+01	1.150000e+01	2.121461e-03	5.477588e-04	5.477588e-04
1.150000e+01	1.160000e+01	8.485843e-04	3.464331e-04	3.464331e-04
1.160000e+01	1.170000e+01	8.485843e-04	3.464331e-04	3.464331e-04
1.170000e+01	1.180000e+01	7.071536e-04	3.162486e-04	3.162486e-04
1.180000e+01	1.190000e+01	5.657229e-04	2.828614e-04	2.828614e-04
1.190000e+01	1.200000e+01	7.071536e-04	3.162486e-04	3.162486e-04
1.200000e+01	1.210000e+01	0.000000e+00	0.000000e+00	0.000000e+00
1.210000e+01	1.220000e+01	4.242921e-04	2.449652e-04	2.449652e-04
1.220000e+01	1.230000e+01	1.414307e-04	1.414307e-04	1.414307e-04
1.230000e+01	1.240000e+01	1.414307e-04	1.414307e-04	1.414307e-04
1.240000e+01	1.250000e+01	0.000000e+00	0.000000e+00	0.000000e+00
1.250000e+01	1.260000e+01	1.414307e-04	1.414307e-04	1.414307e-04
1.260000e+01	1.270000e+01	0.000000e+00	0.000000e+00	0.000000e+00
1.270000e+01	1.280000e+01	1.414307e-04	1.414307e-04	1.414307e-04
1.280000e+01	1.290000e+01	1.414307e-04	1.414307e-04	1.414307e-04
1.290000e+01	1.300000e+01	0.000000e+00	0.000000e+00	0.000000e+00
1.300000e+01	1.310000e+01	2.828614e-04	2.000132e-04	2.000132e-04
1.310000e+01	1.320000e+01	0.000000e+00	0.000000e+00	0.000000e+00
1.320000e+01	1.330000e+01	0.000000e+00	0.000000e+00	0.000000e+00
1.330000e+01	1.340000e+01	1.414307e-04	1.414307e-04	1.414307e-04
1.340000e+01	1.350000e+01	0.000000e+00	0.000000e+00	0.000000e+00
1.350000e+01	1.360000e+01	0.000000e+00	0.000000e+00	0.000000e+00
1.360000e+01	1.370000e+01	0.000000e+00	0.000000e+00	0.000000e+00
1.370000e+01	1.380000e+01	0.000000e+00	0.000000e+00	0.000000e+00
1.380000e+01	1.390000e+01	0.000000e+00	0.000000e+00	0.000000e+00
1.390000e+01	1.400000e+01	0.000000e+00	0.000000e+00	0.000000e+00
1.400000e+01	1.410000e+01	0.000000e+00	0.000000e+00	0.000000e+00
1.410000e+01	1.420000e+01	0.000000e+00	0.000000e+00	0.000000e+00
1.420000e+01	1.430000e+01	0.000000e+00	0.000000e+00	0.000000e+00
1.430000e+01	1.440000e+01	0.000000e+00	0.000000e+00	0.000000e+00
1.440000e+01	1.450000e+01	0.000000e+00	0.000000e+00	0.000000e+00
1.450000e+01	1.460000e+01	0.000000e+00	0.000000e+00	0.000000e+00
1.460000e+01	1.470000e+01	0.000000e+00	0.000000e+00	0.000000e+00
1.470000e+01	1.480000e+01	0.000000e+00	0.000000e+00	0.000000e+00
1.480000e+01	1.490000e+01	0.000000e+00	0.000000e+00	0.000000e+00
1.490000e+01	1.500000e+01	1.414307e-04	1.414307e-04	1.414307e-04
# END HISTO1D

# BEGIN HISTO1D //home/frederic/Work/Software/LesHouches2017/lh2017-alphas/rivet-analysis/gluon-as015015-parton.yoda/MC_LHJSS_Zjet/log_Angularity_zcut_0.1_beta_1_alpha_2
LineColor=green
LineStyle=solid
NormalizeToSum=1
Path=//home/frederic/Work/Software/LesHouches2017/lh2017-alphas/rivet-analysis/gluon-as015015-parton.yoda/MC_LHJSS_Zjet/log_Angularity_zcut_0.1_beta_1_alpha_2
ScaledBy=1.43133185429041716e-05
Title=gluon-as015015-parton
XLabel=
YLabel=
# xlow	 xhigh	 val	 errminus	 errplus
0.000000e+00	1.000000e-01	2.862664e-04	2.024209e-04	2.024209e-04
1.000000e-01	2.000000e-01	2.862664e-04	2.024209e-04	2.024209e-04
2.000000e-01	3.000000e-01	5.725327e-04	2.862664e-04	2.862664e-04
3.000000e-01	4.000000e-01	1.288199e-03	4.293996e-04	4.293996e-04
4.000000e-01	5.000000e-01	4.007729e-03	7.573896e-04	7.573896e-04
5.000000e-01	6.000000e-01	6.011594e-03	9.276091e-04	9.276091e-04
6.000000e-01	7.000000e-01	1.359765e-02	1.395090e-03	1.395090e-03
7.000000e-01	8.000000e-01	2.189938e-02	1.770460e-03	1.770460e-03
8.000000e-01	9.000000e-01	3.048737e-02	2.088960e-03	2.088960e-03
9.000000e-01	1.000000e+00	4.007729e-02	2.395076e-03	2.395076e-03
1.000000e+00	1.100000e+00	5.925714e-02	2.912329e-03	2.912329e-03
1.100000e+00	1.200000e+00	6.856080e-02	3.132623e-03	3.132623e-03
1.200000e+00	1.300000e+00	8.487798e-02	3.485521e-03	3.485521e-03
1.300000e+00	1.400000e+00	8.902884e-02	3.569731e-03	3.569731e-03
1.400000e+00	1.500000e+00	1.079224e-01	3.930303e-03	3.930303e-03
1.500000e+00	1.600000e+00	1.248121e-01	4.226672e-03	4.226672e-03
1.600000e+00	1.700000e+00	1.382667e-01	4.448657e-03	4.448657e-03
1.700000e+00	1.800000e+00	1.561583e-01	4.727731e-03	4.727731e-03
1.800000e+00	1.900000e+00	1.684678e-01	4.910533e-03	4.910533e-03
1.900000e+00	2.000000e+00	1.696128e-01	4.927192e-03	4.927192e-03
2.000000e+00	2.100000e+00	1.769126e-01	5.032104e-03	5.032104e-03
2.100000e+00	2.200000e+00	1.926573e-01	5.251252e-03	5.251252e-03
2.200000e+00	2.300000e+00	1.960925e-01	5.297862e-03	5.297862e-03
2.300000e+00	2.400000e+00	1.979532e-01	5.322938e-03	5.322938e-03
2.400000e+00	2.500000e+00	2.039648e-01	5.403159e-03	5.403159e-03
2.500000e+00	2.600000e+00	2.088313e-01	5.467238e-03	5.467238e-03
2.600000e+00	2.700000e+00	1.983826e-01	5.328708e-03	5.328708e-03
2.700000e+00	2.800000e+00	2.046805e-01	5.412631e-03	5.412631e-03
2.800000e+00	2.900000e+00	2.076863e-01	5.452228e-03	5.452228e-03
2.900000e+00	3.000000e+00	2.158448e-01	5.558288e-03	5.558288e-03
3.000000e+00	3.100000e+00	2.021041e-01	5.378457e-03	5.378457e-03
3.100000e+00	3.200000e+00	2.003865e-01	5.355553e-03	5.355553e-03
3.200000e+00	3.300000e+00	2.115508e-01	5.502722e-03	5.502722e-03
3.300000e+00	3.400000e+00	2.051099e-01	5.418305e-03	5.418305e-03
3.400000e+00	3.500000e+00	1.933729e-01	5.260996e-03	5.260996e-03
3.500000e+00	3.600000e+00	2.159880e-01	5.560130e-03	5.560130e-03
3.600000e+00	3.700000e+00	2.009590e-01	5.363199e-03	5.363199e-03
3.700000e+00	3.800000e+00	2.013884e-01	5.368925e-03	5.368925e-03
3.800000e+00	3.900000e+00	1.905103e-01	5.221910e-03	5.221910e-03
3.900000e+00	4.000000e+00	2.076863e-01	5.452228e-03	5.452228e-03
4.000000e+00	4.100000e+00	1.940886e-01	5.270723e-03	5.270723e-03
4.100000e+00	4.200000e+00	1.965219e-01	5.303659e-03	5.303659e-03
4.200000e+00	4.300000e+00	2.009590e-01	5.363199e-03	5.363199e-03
4.300000e+00	4.400000e+00	1.839261e-01	5.130880e-03	5.130880e-03
4.400000e+00	4.500000e+00	1.866457e-01	5.168674e-03	5.168674e-03
4.500000e+00	4.600000e+00	1.862163e-01	5.162725e-03	5.162725e-03
4.600000e+00	4.700000e+00	1.810635e-01	5.090795e-03	5.090795e-03
4.700000e+00	4.800000e+00	1.736206e-01	4.985064e-03	4.985064e-03
4.800000e+00	4.900000e+00	1.719030e-01	4.960345e-03	4.960345e-03
4.900000e+00	5.000000e+00	1.736206e-01	4.985064e-03	4.985064e-03
5.000000e+00	5.100000e+00	1.644600e-01	4.851772e-03	4.851772e-03
5.100000e+00	5.200000e+00	1.575896e-01	4.749348e-03	4.749348e-03
5.200000e+00	5.300000e+00	1.664639e-01	4.881241e-03	4.881241e-03
5.300000e+00	5.400000e+00	1.591641e-01	4.773014e-03	4.773014e-03
5.400000e+00	5.500000e+00	1.458527e-01	4.569066e-03	4.569066e-03
5.500000e+00	5.600000e+00	1.462821e-01	4.575787e-03	4.575787e-03
5.600000e+00	5.700000e+00	1.375510e-01	4.437129e-03	4.437129e-03
5.700000e+00	5.800000e+00	1.193731e-01	4.133552e-03	4.133552e-03
5.800000e+00	5.900000e+00	1.185143e-01	4.118656e-03	4.118656e-03
5.900000e+00	6.000000e+00	1.175123e-01	4.101210e-03	4.101210e-03
6.000000e+00	6.100000e+00	1.116439e-01	3.997492e-03	3.997492e-03
6.100000e+00	6.200000e+00	1.067774e-01	3.909396e-03	3.909396e-03
6.200000e+00	6.300000e+00	1.043441e-01	3.864596e-03	3.864596e-03
6.300000e+00	6.400000e+00	9.360910e-02	3.660406e-03	3.660406e-03
6.400000e+00	6.500000e+00	9.475417e-02	3.682726e-03	3.682726e-03
6.500000e+00	6.600000e+00	9.088957e-02	3.606842e-03	3.606842e-03
6.600000e+00	6.700000e+00	8.201532e-02	3.426238e-03	3.426238e-03
6.700000e+00	6.800000e+00	7.900952e-02	3.362868e-03	3.362868e-03
6.800000e+00	6.900000e+00	6.541187e-02	3.059838e-03	3.059838e-03
6.900000e+00	7.000000e+00	6.598440e-02	3.073200e-03	3.073200e-03
7.000000e+00	7.100000e+00	6.025907e-02	2.936847e-03	2.936847e-03
7.100000e+00	7.200000e+00	5.224361e-02	2.734556e-03	2.734556e-03
7.200000e+00	7.300000e+00	4.623202e-02	2.572418e-03	2.572418e-03
7.300000e+00	7.400000e+00	4.279682e-02	2.475004e-03	2.475004e-03
7.400000e+00	7.500000e+00	3.649896e-02	2.285654e-03	2.285654e-03
7.500000e+00	7.600000e+00	3.177557e-02	2.132636e-03	2.132636e-03
7.600000e+00	7.700000e+00	3.320690e-02	2.180140e-03	2.180140e-03
7.700000e+00	7.800000e+00	2.862664e-02	2.024209e-03	2.024209e-03
7.800000e+00	7.900000e+00	2.089745e-02	1.729485e-03	1.729485e-03
7.900000e+00	8.000000e+00	2.018178e-02	1.699612e-03	1.699612e-03
8.000000e+00	8.100000e+00	1.903671e-02	1.650692e-03	1.650692e-03
8.100000e+00	8.200000e+00	1.631718e-02	1.528244e-03	1.528244e-03
8.200000e+00	8.300000e+00	1.402705e-02	1.416946e-03	1.416946e-03
8.300000e+00	8.400000e+00	1.159379e-02	1.288199e-03	1.288199e-03
8.400000e+00	8.500000e+00	8.874257e-03	1.127032e-03	1.127032e-03
8.500000e+00	8.600000e+00	8.587991e-03	1.108705e-03	1.108705e-03
8.600000e+00	8.700000e+00	7.872325e-03	1.061504e-03	1.061504e-03
8.700000e+00	8.800000e+00	5.868461e-03	9.164996e-04	9.164996e-04
8.800000e+00	8.900000e+00	4.723395e-03	8.222376e-04	8.222376e-04
8.900000e+00	9.000000e+00	4.293996e-03	7.839728e-04	7.839728e-04
9.000000e+00	9.100000e+00	3.148930e-03	6.713542e-04	6.713542e-04
9.100000e+00	9.200000e+00	3.292063e-03	6.864426e-04	6.864426e-04
9.200000e+00	9.300000e+00	3.292063e-03	6.864426e-04	6.864426e-04
9.300000e+00	9.400000e+00	3.148930e-03	6.713542e-04	6.713542e-04
9.400000e+00	9.500000e+00	1.860731e-03	5.160740e-04	5.160740e-04
9.500000e+00	9.600000e+00	2.146998e-03	5.543524e-04	5.543524e-04
9.600000e+00	9.700000e+00	1.431332e-03	4.526269e-04	4.526269e-04
9.700000e+00	9.800000e+00	1.717598e-03	4.958279e-04	4.958279e-04
9.800000e+00	9.900000e+00	1.288199e-03	4.293996e-04	4.293996e-04
9.900000e+00	1.000000e+01	1.145065e-03	4.048418e-04	4.048418e-04
1.000000e+01	1.010000e+01	1.145065e-03	4.048418e-04	4.048418e-04
1.010000e+01	1.020000e+01	8.587991e-04	3.506033e-04	3.506033e-04
1.020000e+01	1.030000e+01	7.156659e-04	3.200555e-04	3.200555e-04
1.030000e+01	1.040000e+01	5.725327e-04	2.862664e-04	2.862664e-04
1.040000e+01	1.050000e+01	5.725327e-04	2.862664e-04	2.862664e-04
1.050000e+01	1.060000e+01	2.862664e-04	2.024209e-04	2.024209e-04
1.060000e+01	1.070000e+01	8.587991e-04	3.506033e-04	3.506033e-04
1.070000e+01	1.080000e+01	0.000000e+00	0.000000e+00	0.000000e+00
1.080000e+01	1.090000e+01	2.862664e-04	2.024209e-04	2.024209e-04
1.090000e+01	1.100000e+01	4.293996e-04	2.479140e-04	2.479140e-04
1.100000e+01	1.110000e+01	0.000000e+00	0.000000e+00	0.000000e+00
1.110000e+01	1.120000e+01	0.000000e+00	0.000000e+00	0.000000e+00
1.120000e+01	1.130000e+01	1.431332e-04	1.431332e-04	1.431332e-04
1.130000e+01	1.140000e+01	1.431332e-04	1.431332e-04	1.431332e-04
1.140000e+01	1.150000e+01	1.431332e-04	1.431332e-04	1.431332e-04
1.150000e+01	1.160000e+01	1.431332e-04	1.431332e-04	1.431332e-04
1.160000e+01	1.170000e+01	2.862664e-04	2.024209e-04	2.024209e-04
1.170000e+01	1.180000e+01	1.431332e-04	1.431332e-04	1.431332e-04
1.180000e+01	1.190000e+01	0.000000e+00	0.000000e+00	0.000000e+00
1.190000e+01	1.200000e+01	1.431332e-04	1.431332e-04	1.431332e-04
1.200000e+01	1.210000e+01	1.431332e-04	1.431332e-04	1.431332e-04
1.210000e+01	1.220000e+01	1.431332e-04	1.431332e-04	1.431332e-04
1.220000e+01	1.230000e+01	1.431332e-04	1.431332e-04	1.431332e-04
1.230000e+01	1.240000e+01	1.431332e-04	1.431332e-04	1.431332e-04
1.240000e+01	1.250000e+01	0.000000e+00	0.000000e+00	0.000000e+00
1.250000e+01	1.260000e+01	0.000000e+00	0.000000e+00	0.000000e+00
1.260000e+01	1.270000e+01	0.000000e+00	0.000000e+00	0.000000e+00
1.270000e+01	1.280000e+01	0.000000e+00	0.000000e+00	0.000000e+00
1.280000e+01	1.290000e+01	0.000000e+00	0.000000e+00	0.000000e+00
1.290000e+01	1.300000e+01	0.000000e+00	0.000000e+00	0.000000e+00
1.300000e+01	1.310000e+01	0.000000e+00	0.000000e+00	0.000000e+00
1.310000e+01	1.320000e+01	1.431332e-04	1.431332e-04	1.431332e-04
1.320000e+01	1.330000e+01	0.000000e+00	0.000000e+00	0.000000e+00
1.330000e+01	1.340000e+01	0.000000e+00	0.000000e+00	0.000000e+00
1.340000e+01	1.350000e+01	0.000000e+00	0.000000e+00	0.000000e+00
1.350000e+01	1.360000e+01	0.000000e+00	0.000000e+00	0.000000e+00
1.360000e+01	1.370000e+01	0.000000e+00	0.000000e+00	0.000000e+00
1.370000e+01	1.380000e+01	0.000000e+00	0.000000e+00	0.000000e+00
1.380000e+01	1.390000e+01	0.000000e+00	0.000000e+00	0.000000e+00
1.390000e+01	1.400000e+01	0.000000e+00	0.000000e+00	0.000000e+00
1.400000e+01	1.410000e+01	0.000000e+00	0.000000e+00	0.000000e+00
1.410000e+01	1.420000e+01	0.000000e+00	0.000000e+00	0.000000e+00
1.420000e+01	1.430000e+01	0.000000e+00	0.000000e+00	0.000000e+00
1.430000e+01	1.440000e+01	0.000000e+00	0.000000e+00	0.000000e+00
1.440000e+01	1.450000e+01	0.000000e+00	0.000000e+00	0.000000e+00
1.450000e+01	1.460000e+01	0.000000e+00	0.000000e+00	0.000000e+00
1.460000e+01	1.470000e+01	0.000000e+00	0.000000e+00	0.000000e+00
1.470000e+01	1.480000e+01	0.000000e+00	0.000000e+00	0.000000e+00
1.480000e+01	1.490000e+01	0.000000e+00	0.000000e+00	0.000000e+00
1.490000e+01	1.500000e+01	0.000000e+00	0.000000e+00	0.000000e+00
# END HISTO1D

