# BEGIN PLOT
LegendOnly=//home/frederic/Work/Software/LesHouches2017/lh2017-alphas/rivet-analysis/gluon-as013650-parton.yoda/MC_LHJSS_Zjet/log_theta_g_zcut_0.2_beta_1_alpha_1 //home/frederic/Work/Software/LesHouches2017/lh2017-alphas/rivet-analysis/gluon-as012285-parton.yoda/MC_LHJSS_Zjet/log_theta_g_zcut_0.2_beta_1_alpha_1 //home/frederic/Work/Software/LesHouches2017/lh2017-alphas/rivet-analysis/gluon-as015015-parton.yoda/MC_LHJSS_Zjet/log_theta_g_zcut_0.2_beta_1_alpha_1
DrawOnly=//home/frederic/Work/Software/LesHouches2017/lh2017-alphas/rivet-analysis/gluon-as013650-parton.yoda/MC_LHJSS_Zjet/log_theta_g_zcut_0.2_beta_1_alpha_1 //home/frederic/Work/Software/LesHouches2017/lh2017-alphas/rivet-analysis/gluon-as012285-parton.yoda/MC_LHJSS_Zjet/log_theta_g_zcut_0.2_beta_1_alpha_1 //home/frederic/Work/Software/LesHouches2017/lh2017-alphas/rivet-analysis/gluon-as015015-parton.yoda/MC_LHJSS_Zjet/log_theta_g_zcut_0.2_beta_1_alpha_1
Title=$\theta_g$, $\alpha$ = 1 $z_{cut}$ = 0.2 $\beta$ = 1
RatioPlot=1
LogX=0
LogY=0
RatioPlotYLabel=Ratio
RatioPlotReference=//home/frederic/Work/Software/LesHouches2017/lh2017-alphas/rivet-analysis/gluon-as013650-parton.yoda/MC_LHJSS_Zjet/log_theta_g_zcut_0.2_beta_1_alpha_1
XLabel=$\theta_g$
YLabel=$1/\sigma \text{d}\sigma/\text{d}\theta_g$
Legend=1
# END PLOT

# BEGIN HISTO1D //home/frederic/Work/Software/LesHouches2017/lh2017-alphas/rivet-analysis/gluon-as013650-parton.yoda/MC_LHJSS_Zjet/log_theta_g_zcut_0.2_beta_1_alpha_1
LineColor=red
LineStyle=solid
NormalizeToSum=1
Path=//home/frederic/Work/Software/LesHouches2017/lh2017-alphas/rivet-analysis/gluon-as013650-parton.yoda/MC_LHJSS_Zjet/log_theta_g_zcut_0.2_beta_1_alpha_1
ScaledBy=1.42364966828962723e-05
Title=gluon-as013650-parton
XLabel=
YLabel=
# xlow	 xhigh	 val	 errminus	 errplus
0.000000e+00	1.000000e-01	8.399533e-03	1.093526e-03	1.093526e-03
1.000000e-01	2.000000e-01	4.342131e-02	2.486297e-03	2.486297e-03
2.000000e-01	3.000000e-01	1.373822e-01	4.422489e-03	4.422489e-03
3.000000e-01	4.000000e-01	1.826543e-01	5.099370e-03	5.099370e-03
4.000000e-01	5.000000e-01	2.188150e-01	5.581360e-03	5.581360e-03
5.000000e-01	6.000000e-01	2.504200e-01	5.970848e-03	5.970848e-03
6.000000e-01	7.000000e-01	2.676461e-01	6.172798e-03	6.172798e-03
7.000000e-01	8.000000e-01	2.870078e-01	6.392171e-03	6.392171e-03
8.000000e-01	9.000000e-01	2.971157e-01	6.503757e-03	6.503757e-03
9.000000e-01	1.000000e+00	3.217448e-01	6.767953e-03	6.767953e-03
1.000000e+00	1.100000e+00	3.587597e-01	7.146665e-03	7.146665e-03
1.100000e+00	1.200000e+00	3.631730e-01	7.190488e-03	7.190488e-03
1.200000e+00	1.300000e+00	3.722844e-01	7.280127e-03	7.280127e-03
1.300000e+00	1.400000e+00	3.785484e-01	7.341120e-03	7.341120e-03
1.400000e+00	1.500000e+00	4.026081e-01	7.570818e-03	7.570818e-03
1.500000e+00	1.600000e+00	3.896529e-01	7.448015e-03	7.448015e-03
1.600000e+00	1.700000e+00	3.909342e-01	7.460250e-03	7.460250e-03
1.700000e+00	1.800000e+00	4.074485e-01	7.616193e-03	7.616193e-03
1.800000e+00	1.900000e+00	4.159904e-01	7.695613e-03	7.695613e-03
1.900000e+00	2.000000e+00	4.134279e-01	7.671873e-03	7.671873e-03
2.000000e+00	2.100000e+00	4.013268e-01	7.558762e-03	7.558762e-03
2.100000e+00	2.200000e+00	3.953475e-01	7.502242e-03	7.502242e-03
2.200000e+00	2.300000e+00	3.887987e-01	7.439847e-03	7.439847e-03
2.300000e+00	2.400000e+00	3.721420e-01	7.278735e-03	7.278735e-03
2.400000e+00	2.500000e+00	3.443809e-01	7.001983e-03	7.001983e-03
2.500000e+00	2.600000e+00	3.221719e-01	6.772443e-03	6.772443e-03
2.600000e+00	2.700000e+00	3.006748e-01	6.542596e-03	6.542596e-03
2.700000e+00	2.800000e+00	2.662225e-01	6.156359e-03	6.156359e-03
2.800000e+00	2.900000e+00	2.336209e-01	5.767099e-03	5.767099e-03
2.900000e+00	3.000000e+00	1.980297e-01	5.309660e-03	5.309660e-03
3.000000e+00	3.100000e+00	1.687025e-01	4.900747e-03	4.900747e-03
3.100000e+00	3.200000e+00	1.370975e-01	4.417904e-03	4.417904e-03
3.200000e+00	3.300000e+00	1.107599e-01	3.970937e-03	3.970937e-03
3.300000e+00	3.400000e+00	8.712736e-02	3.521914e-03	3.521914e-03
3.400000e+00	3.500000e+00	7.018593e-02	3.161015e-03	3.161015e-03
3.500000e+00	3.600000e+00	5.780018e-02	2.868575e-03	2.868575e-03
3.600000e+00	3.700000e+00	4.199767e-02	2.445199e-03	2.445199e-03
3.700000e+00	3.800000e+00	3.231685e-02	2.144945e-03	2.144945e-03
3.800000e+00	3.900000e+00	3.032374e-02	2.077748e-03	2.077748e-03
3.900000e+00	4.000000e+00	2.107002e-02	1.731945e-03	1.731945e-03
4.000000e+00	4.100000e+00	1.921927e-02	1.654131e-03	1.654131e-03
4.100000e+00	4.200000e+00	1.395177e-02	1.409341e-03	1.409341e-03
4.200000e+00	4.300000e+00	1.010791e-02	1.199589e-03	1.199589e-03
4.300000e+00	4.400000e+00	7.830073e-03	1.055807e-03	1.055807e-03
4.400000e+00	4.500000e+00	9.823183e-03	1.182572e-03	1.182572e-03
4.500000e+00	4.600000e+00	6.406424e-03	9.550132e-04	9.550132e-04
4.600000e+00	4.700000e+00	4.840409e-03	8.301232e-04	8.301232e-04
4.700000e+00	4.800000e+00	5.267504e-03	8.659723e-04	8.659723e-04
4.800000e+00	4.900000e+00	2.989664e-03	6.523983e-04	6.523983e-04
4.900000e+00	5.000000e+00	2.420204e-03	5.869858e-04	5.869858e-04
5.000000e+00	5.100000e+00	1.850745e-03	5.133042e-04	5.133042e-04
5.100000e+00	5.200000e+00	1.850745e-03	5.133042e-04	5.133042e-04
5.200000e+00	5.300000e+00	1.708380e-03	4.931667e-04	4.931667e-04
5.300000e+00	5.400000e+00	8.541898e-04	3.487215e-04	3.487215e-04
5.400000e+00	5.500000e+00	5.694599e-04	2.847299e-04	2.847299e-04
5.500000e+00	5.600000e+00	1.423650e-04	1.423650e-04	1.423650e-04
5.600000e+00	5.700000e+00	4.270949e-04	2.465834e-04	2.465834e-04
5.700000e+00	5.800000e+00	0.000000e+00	0.000000e+00	0.000000e+00
5.800000e+00	5.900000e+00	1.423650e-04	1.423650e-04	1.423650e-04
5.900000e+00	6.000000e+00	1.423650e-04	1.423650e-04	1.423650e-04
6.000000e+00	6.100000e+00	0.000000e+00	0.000000e+00	0.000000e+00
6.100000e+00	6.200000e+00	0.000000e+00	0.000000e+00	0.000000e+00
6.200000e+00	6.300000e+00	0.000000e+00	0.000000e+00	0.000000e+00
6.300000e+00	6.400000e+00	0.000000e+00	0.000000e+00	0.000000e+00
6.400000e+00	6.500000e+00	0.000000e+00	0.000000e+00	0.000000e+00
6.500000e+00	6.600000e+00	1.423650e-04	1.423650e-04	1.423650e-04
6.600000e+00	6.700000e+00	0.000000e+00	0.000000e+00	0.000000e+00
6.700000e+00	6.800000e+00	0.000000e+00	0.000000e+00	0.000000e+00
6.800000e+00	6.900000e+00	0.000000e+00	0.000000e+00	0.000000e+00
6.900000e+00	7.000000e+00	0.000000e+00	0.000000e+00	0.000000e+00
7.000000e+00	7.100000e+00	0.000000e+00	0.000000e+00	0.000000e+00
7.100000e+00	7.200000e+00	0.000000e+00	0.000000e+00	0.000000e+00
7.200000e+00	7.300000e+00	0.000000e+00	0.000000e+00	0.000000e+00
7.300000e+00	7.400000e+00	0.000000e+00	0.000000e+00	0.000000e+00
7.400000e+00	7.500000e+00	0.000000e+00	0.000000e+00	0.000000e+00
7.500000e+00	7.600000e+00	0.000000e+00	0.000000e+00	0.000000e+00
7.600000e+00	7.700000e+00	0.000000e+00	0.000000e+00	0.000000e+00
7.700000e+00	7.800000e+00	0.000000e+00	0.000000e+00	0.000000e+00
7.800000e+00	7.900000e+00	0.000000e+00	0.000000e+00	0.000000e+00
7.900000e+00	8.000000e+00	0.000000e+00	0.000000e+00	0.000000e+00
8.000000e+00	8.100000e+00	0.000000e+00	0.000000e+00	0.000000e+00
8.100000e+00	8.200000e+00	0.000000e+00	0.000000e+00	0.000000e+00
8.200000e+00	8.300000e+00	0.000000e+00	0.000000e+00	0.000000e+00
8.300000e+00	8.400000e+00	0.000000e+00	0.000000e+00	0.000000e+00
8.400000e+00	8.500000e+00	0.000000e+00	0.000000e+00	0.000000e+00
8.500000e+00	8.600000e+00	0.000000e+00	0.000000e+00	0.000000e+00
8.600000e+00	8.700000e+00	0.000000e+00	0.000000e+00	0.000000e+00
8.700000e+00	8.800000e+00	0.000000e+00	0.000000e+00	0.000000e+00
8.800000e+00	8.900000e+00	0.000000e+00	0.000000e+00	0.000000e+00
8.900000e+00	9.000000e+00	0.000000e+00	0.000000e+00	0.000000e+00
9.000000e+00	9.100000e+00	0.000000e+00	0.000000e+00	0.000000e+00
9.100000e+00	9.200000e+00	0.000000e+00	0.000000e+00	0.000000e+00
9.200000e+00	9.300000e+00	0.000000e+00	0.000000e+00	0.000000e+00
9.300000e+00	9.400000e+00	0.000000e+00	0.000000e+00	0.000000e+00
9.400000e+00	9.500000e+00	0.000000e+00	0.000000e+00	0.000000e+00
9.500000e+00	9.600000e+00	0.000000e+00	0.000000e+00	0.000000e+00
9.600000e+00	9.700000e+00	0.000000e+00	0.000000e+00	0.000000e+00
9.700000e+00	9.800000e+00	0.000000e+00	0.000000e+00	0.000000e+00
9.800000e+00	9.900000e+00	0.000000e+00	0.000000e+00	0.000000e+00
9.900000e+00	1.000000e+01	0.000000e+00	0.000000e+00	0.000000e+00
1.000000e+01	1.010000e+01	0.000000e+00	0.000000e+00	0.000000e+00
1.010000e+01	1.020000e+01	0.000000e+00	0.000000e+00	0.000000e+00
1.020000e+01	1.030000e+01	0.000000e+00	0.000000e+00	0.000000e+00
1.030000e+01	1.040000e+01	0.000000e+00	0.000000e+00	0.000000e+00
1.040000e+01	1.050000e+01	0.000000e+00	0.000000e+00	0.000000e+00
1.050000e+01	1.060000e+01	0.000000e+00	0.000000e+00	0.000000e+00
1.060000e+01	1.070000e+01	0.000000e+00	0.000000e+00	0.000000e+00
1.070000e+01	1.080000e+01	0.000000e+00	0.000000e+00	0.000000e+00
1.080000e+01	1.090000e+01	0.000000e+00	0.000000e+00	0.000000e+00
1.090000e+01	1.100000e+01	0.000000e+00	0.000000e+00	0.000000e+00
1.100000e+01	1.110000e+01	0.000000e+00	0.000000e+00	0.000000e+00
1.110000e+01	1.120000e+01	0.000000e+00	0.000000e+00	0.000000e+00
1.120000e+01	1.130000e+01	0.000000e+00	0.000000e+00	0.000000e+00
1.130000e+01	1.140000e+01	0.000000e+00	0.000000e+00	0.000000e+00
1.140000e+01	1.150000e+01	0.000000e+00	0.000000e+00	0.000000e+00
1.150000e+01	1.160000e+01	0.000000e+00	0.000000e+00	0.000000e+00
1.160000e+01	1.170000e+01	0.000000e+00	0.000000e+00	0.000000e+00
1.170000e+01	1.180000e+01	0.000000e+00	0.000000e+00	0.000000e+00
1.180000e+01	1.190000e+01	0.000000e+00	0.000000e+00	0.000000e+00
1.190000e+01	1.200000e+01	0.000000e+00	0.000000e+00	0.000000e+00
1.200000e+01	1.210000e+01	0.000000e+00	0.000000e+00	0.000000e+00
1.210000e+01	1.220000e+01	0.000000e+00	0.000000e+00	0.000000e+00
1.220000e+01	1.230000e+01	0.000000e+00	0.000000e+00	0.000000e+00
1.230000e+01	1.240000e+01	0.000000e+00	0.000000e+00	0.000000e+00
1.240000e+01	1.250000e+01	0.000000e+00	0.000000e+00	0.000000e+00
1.250000e+01	1.260000e+01	0.000000e+00	0.000000e+00	0.000000e+00
1.260000e+01	1.270000e+01	0.000000e+00	0.000000e+00	0.000000e+00
1.270000e+01	1.280000e+01	0.000000e+00	0.000000e+00	0.000000e+00
1.280000e+01	1.290000e+01	0.000000e+00	0.000000e+00	0.000000e+00
1.290000e+01	1.300000e+01	0.000000e+00	0.000000e+00	0.000000e+00
1.300000e+01	1.310000e+01	0.000000e+00	0.000000e+00	0.000000e+00
1.310000e+01	1.320000e+01	0.000000e+00	0.000000e+00	0.000000e+00
1.320000e+01	1.330000e+01	0.000000e+00	0.000000e+00	0.000000e+00
1.330000e+01	1.340000e+01	0.000000e+00	0.000000e+00	0.000000e+00
1.340000e+01	1.350000e+01	0.000000e+00	0.000000e+00	0.000000e+00
1.350000e+01	1.360000e+01	0.000000e+00	0.000000e+00	0.000000e+00
1.360000e+01	1.370000e+01	0.000000e+00	0.000000e+00	0.000000e+00
1.370000e+01	1.380000e+01	0.000000e+00	0.000000e+00	0.000000e+00
1.380000e+01	1.390000e+01	0.000000e+00	0.000000e+00	0.000000e+00
1.390000e+01	1.400000e+01	0.000000e+00	0.000000e+00	0.000000e+00
1.400000e+01	1.410000e+01	0.000000e+00	0.000000e+00	0.000000e+00
1.410000e+01	1.420000e+01	0.000000e+00	0.000000e+00	0.000000e+00
1.420000e+01	1.430000e+01	0.000000e+00	0.000000e+00	0.000000e+00
1.430000e+01	1.440000e+01	0.000000e+00	0.000000e+00	0.000000e+00
1.440000e+01	1.450000e+01	0.000000e+00	0.000000e+00	0.000000e+00
1.450000e+01	1.460000e+01	0.000000e+00	0.000000e+00	0.000000e+00
1.460000e+01	1.470000e+01	0.000000e+00	0.000000e+00	0.000000e+00
1.470000e+01	1.480000e+01	0.000000e+00	0.000000e+00	0.000000e+00
1.480000e+01	1.490000e+01	0.000000e+00	0.000000e+00	0.000000e+00
1.490000e+01	1.500000e+01	0.000000e+00	0.000000e+00	0.000000e+00
# END HISTO1D

# BEGIN HISTO1D //home/frederic/Work/Software/LesHouches2017/lh2017-alphas/rivet-analysis/gluon-as012285-parton.yoda/MC_LHJSS_Zjet/log_theta_g_zcut_0.2_beta_1_alpha_1
LineColor=blue
LineStyle=solid
NormalizeToSum=1
Path=//home/frederic/Work/Software/LesHouches2017/lh2017-alphas/rivet-analysis/gluon-as012285-parton.yoda/MC_LHJSS_Zjet/log_theta_g_zcut_0.2_beta_1_alpha_1
ScaledBy=1.41430713093655423e-05
Title=gluon-as012285-parton
XLabel=
YLabel=
# xlow	 xhigh	 val	 errminus	 errplus
0.000000e+00	1.000000e-01	5.515798e-03	8.832345e-04	8.832345e-04
1.000000e-01	2.000000e-01	3.394337e-02	2.191035e-03	2.191035e-03
2.000000e-01	3.000000e-01	1.179532e-01	4.084386e-03	4.084386e-03
3.000000e-01	4.000000e-01	1.769298e-01	5.002330e-03	5.002330e-03
4.000000e-01	5.000000e-01	1.883857e-01	5.161737e-03	5.161737e-03
5.000000e-01	6.000000e-01	2.269963e-01	5.666061e-03	5.666061e-03
6.000000e-01	7.000000e-01	2.412808e-01	5.841620e-03	5.841620e-03
7.000000e-01	8.000000e-01	2.632026e-01	6.101224e-03	6.101224e-03
8.000000e-01	9.000000e-01	2.783356e-01	6.274170e-03	6.274170e-03
9.000000e-01	1.000000e+00	3.047832e-01	6.565493e-03	6.565493e-03
1.000000e+00	1.100000e+00	3.179362e-01	6.705666e-03	6.705666e-03
1.100000e+00	1.200000e+00	3.367465e-01	6.901181e-03	6.901181e-03
1.200000e+00	1.300000e+00	3.402823e-01	6.937317e-03	6.937317e-03
1.300000e+00	1.400000e+00	3.738014e-01	7.270969e-03	7.270969e-03
1.400000e+00	1.500000e+00	3.641841e-01	7.176825e-03	7.176825e-03
1.500000e+00	1.600000e+00	3.629112e-01	7.164272e-03	7.164272e-03
1.600000e+00	1.700000e+00	3.770543e-01	7.302538e-03	7.302538e-03
1.700000e+00	1.800000e+00	3.796000e-01	7.327148e-03	7.327148e-03
1.800000e+00	1.900000e+00	3.749328e-01	7.281965e-03	7.281965e-03
1.900000e+00	2.000000e+00	3.763471e-01	7.295686e-03	7.295686e-03
2.000000e+00	2.100000e+00	3.678613e-01	7.212966e-03	7.212966e-03
2.100000e+00	2.200000e+00	3.769129e-01	7.301168e-03	7.301168e-03
2.200000e+00	2.300000e+00	3.783272e-01	7.314853e-03	7.314853e-03
2.300000e+00	2.400000e+00	3.661641e-01	7.196308e-03	7.196308e-03
2.400000e+00	2.500000e+00	3.530111e-01	7.065876e-03	7.065876e-03
2.500000e+00	2.600000e+00	3.288264e-01	6.819542e-03	6.819542e-03
2.600000e+00	2.700000e+00	3.193506e-01	6.720564e-03	6.720564e-03
2.700000e+00	2.800000e+00	2.793257e-01	6.285319e-03	6.285319e-03
2.800000e+00	2.900000e+00	2.612225e-01	6.078231e-03	6.078231e-03
2.900000e+00	3.000000e+00	2.252991e-01	5.644840e-03	5.644840e-03
3.000000e+00	3.100000e+00	1.902243e-01	5.186864e-03	5.186864e-03
3.100000e+00	3.200000e+00	1.735355e-01	4.954114e-03	4.954114e-03
3.200000e+00	3.300000e+00	1.517552e-01	4.632800e-03	4.632800e-03
3.300000e+00	3.400000e+00	1.151246e-01	4.035115e-03	4.035115e-03
3.400000e+00	3.500000e+00	9.688004e-02	3.701596e-03	3.701596e-03
3.500000e+00	3.600000e+00	8.372698e-02	3.441158e-03	3.441158e-03
3.600000e+00	3.700000e+00	6.816960e-02	3.105040e-03	3.105040e-03
3.700000e+00	3.800000e+00	5.628942e-02	2.821534e-03	2.821534e-03
3.800000e+00	3.900000e+00	4.794501e-02	2.604016e-03	2.604016e-03
3.900000e+00	4.000000e+00	3.988346e-02	2.375025e-03	2.375025e-03
4.000000e+00	4.100000e+00	3.465052e-02	2.213741e-03	2.213741e-03
4.100000e+00	4.200000e+00	3.040760e-02	2.073781e-03	2.073781e-03
4.200000e+00	4.300000e+00	2.673040e-02	1.944351e-03	1.944351e-03
4.300000e+00	4.400000e+00	2.008316e-02	1.685342e-03	1.685342e-03
4.400000e+00	4.500000e+00	1.767884e-02	1.581243e-03	1.581243e-03
4.500000e+00	4.600000e+00	1.371878e-02	1.392931e-03	1.392931e-03
4.600000e+00	4.700000e+00	1.216304e-02	1.311575e-03	1.311575e-03
4.700000e+00	4.800000e+00	1.188018e-02	1.296234e-03	1.296234e-03
4.800000e+00	4.900000e+00	9.900150e-03	1.183294e-03	1.183294e-03
4.900000e+00	5.000000e+00	7.495828e-03	1.029631e-03	1.029631e-03
5.000000e+00	5.100000e+00	8.485843e-03	1.095518e-03	1.095518e-03
5.100000e+00	5.200000e+00	5.657229e-03	8.944864e-04	8.944864e-04
5.200000e+00	5.300000e+00	5.940090e-03	9.165758e-04	9.165758e-04
5.300000e+00	5.400000e+00	4.101491e-03	7.616277e-04	7.616277e-04
5.400000e+00	5.500000e+00	2.828614e-03	6.324974e-04	6.324974e-04
5.500000e+00	5.600000e+00	1.838599e-03	5.099357e-04	5.099357e-04
5.600000e+00	5.700000e+00	9.900150e-04	3.741905e-04	3.741905e-04
5.700000e+00	5.800000e+00	7.071536e-04	3.162486e-04	3.162486e-04
5.800000e+00	5.900000e+00	1.414307e-04	1.414307e-04	1.414307e-04
5.900000e+00	6.000000e+00	2.828614e-04	2.000132e-04	2.000132e-04
6.000000e+00	6.100000e+00	1.414307e-04	1.414307e-04	1.414307e-04
6.100000e+00	6.200000e+00	0.000000e+00	0.000000e+00	0.000000e+00
6.200000e+00	6.300000e+00	1.414307e-04	1.414307e-04	1.414307e-04
6.300000e+00	6.400000e+00	1.414307e-04	1.414307e-04	1.414307e-04
6.400000e+00	6.500000e+00	0.000000e+00	0.000000e+00	0.000000e+00
6.500000e+00	6.600000e+00	0.000000e+00	0.000000e+00	0.000000e+00
6.600000e+00	6.700000e+00	0.000000e+00	0.000000e+00	0.000000e+00
6.700000e+00	6.800000e+00	0.000000e+00	0.000000e+00	0.000000e+00
6.800000e+00	6.900000e+00	0.000000e+00	0.000000e+00	0.000000e+00
6.900000e+00	7.000000e+00	0.000000e+00	0.000000e+00	0.000000e+00
7.000000e+00	7.100000e+00	0.000000e+00	0.000000e+00	0.000000e+00
7.100000e+00	7.200000e+00	0.000000e+00	0.000000e+00	0.000000e+00
7.200000e+00	7.300000e+00	0.000000e+00	0.000000e+00	0.000000e+00
7.300000e+00	7.400000e+00	0.000000e+00	0.000000e+00	0.000000e+00
7.400000e+00	7.500000e+00	0.000000e+00	0.000000e+00	0.000000e+00
7.500000e+00	7.600000e+00	0.000000e+00	0.000000e+00	0.000000e+00
7.600000e+00	7.700000e+00	0.000000e+00	0.000000e+00	0.000000e+00
7.700000e+00	7.800000e+00	0.000000e+00	0.000000e+00	0.000000e+00
7.800000e+00	7.900000e+00	0.000000e+00	0.000000e+00	0.000000e+00
7.900000e+00	8.000000e+00	0.000000e+00	0.000000e+00	0.000000e+00
8.000000e+00	8.100000e+00	0.000000e+00	0.000000e+00	0.000000e+00
8.100000e+00	8.200000e+00	0.000000e+00	0.000000e+00	0.000000e+00
8.200000e+00	8.300000e+00	0.000000e+00	0.000000e+00	0.000000e+00
8.300000e+00	8.400000e+00	0.000000e+00	0.000000e+00	0.000000e+00
8.400000e+00	8.500000e+00	0.000000e+00	0.000000e+00	0.000000e+00
8.500000e+00	8.600000e+00	0.000000e+00	0.000000e+00	0.000000e+00
8.600000e+00	8.700000e+00	0.000000e+00	0.000000e+00	0.000000e+00
8.700000e+00	8.800000e+00	0.000000e+00	0.000000e+00	0.000000e+00
8.800000e+00	8.900000e+00	0.000000e+00	0.000000e+00	0.000000e+00
8.900000e+00	9.000000e+00	0.000000e+00	0.000000e+00	0.000000e+00
9.000000e+00	9.100000e+00	0.000000e+00	0.000000e+00	0.000000e+00
9.100000e+00	9.200000e+00	0.000000e+00	0.000000e+00	0.000000e+00
9.200000e+00	9.300000e+00	0.000000e+00	0.000000e+00	0.000000e+00
9.300000e+00	9.400000e+00	0.000000e+00	0.000000e+00	0.000000e+00
9.400000e+00	9.500000e+00	0.000000e+00	0.000000e+00	0.000000e+00
9.500000e+00	9.600000e+00	0.000000e+00	0.000000e+00	0.000000e+00
9.600000e+00	9.700000e+00	0.000000e+00	0.000000e+00	0.000000e+00
9.700000e+00	9.800000e+00	0.000000e+00	0.000000e+00	0.000000e+00
9.800000e+00	9.900000e+00	0.000000e+00	0.000000e+00	0.000000e+00
9.900000e+00	1.000000e+01	0.000000e+00	0.000000e+00	0.000000e+00
1.000000e+01	1.010000e+01	0.000000e+00	0.000000e+00	0.000000e+00
1.010000e+01	1.020000e+01	0.000000e+00	0.000000e+00	0.000000e+00
1.020000e+01	1.030000e+01	0.000000e+00	0.000000e+00	0.000000e+00
1.030000e+01	1.040000e+01	0.000000e+00	0.000000e+00	0.000000e+00
1.040000e+01	1.050000e+01	0.000000e+00	0.000000e+00	0.000000e+00
1.050000e+01	1.060000e+01	0.000000e+00	0.000000e+00	0.000000e+00
1.060000e+01	1.070000e+01	0.000000e+00	0.000000e+00	0.000000e+00
1.070000e+01	1.080000e+01	0.000000e+00	0.000000e+00	0.000000e+00
1.080000e+01	1.090000e+01	0.000000e+00	0.000000e+00	0.000000e+00
1.090000e+01	1.100000e+01	0.000000e+00	0.000000e+00	0.000000e+00
1.100000e+01	1.110000e+01	0.000000e+00	0.000000e+00	0.000000e+00
1.110000e+01	1.120000e+01	0.000000e+00	0.000000e+00	0.000000e+00
1.120000e+01	1.130000e+01	0.000000e+00	0.000000e+00	0.000000e+00
1.130000e+01	1.140000e+01	0.000000e+00	0.000000e+00	0.000000e+00
1.140000e+01	1.150000e+01	0.000000e+00	0.000000e+00	0.000000e+00
1.150000e+01	1.160000e+01	0.000000e+00	0.000000e+00	0.000000e+00
1.160000e+01	1.170000e+01	0.000000e+00	0.000000e+00	0.000000e+00
1.170000e+01	1.180000e+01	0.000000e+00	0.000000e+00	0.000000e+00
1.180000e+01	1.190000e+01	0.000000e+00	0.000000e+00	0.000000e+00
1.190000e+01	1.200000e+01	0.000000e+00	0.000000e+00	0.000000e+00
1.200000e+01	1.210000e+01	0.000000e+00	0.000000e+00	0.000000e+00
1.210000e+01	1.220000e+01	0.000000e+00	0.000000e+00	0.000000e+00
1.220000e+01	1.230000e+01	0.000000e+00	0.000000e+00	0.000000e+00
1.230000e+01	1.240000e+01	0.000000e+00	0.000000e+00	0.000000e+00
1.240000e+01	1.250000e+01	0.000000e+00	0.000000e+00	0.000000e+00
1.250000e+01	1.260000e+01	0.000000e+00	0.000000e+00	0.000000e+00
1.260000e+01	1.270000e+01	0.000000e+00	0.000000e+00	0.000000e+00
1.270000e+01	1.280000e+01	0.000000e+00	0.000000e+00	0.000000e+00
1.280000e+01	1.290000e+01	0.000000e+00	0.000000e+00	0.000000e+00
1.290000e+01	1.300000e+01	0.000000e+00	0.000000e+00	0.000000e+00
1.300000e+01	1.310000e+01	0.000000e+00	0.000000e+00	0.000000e+00
1.310000e+01	1.320000e+01	0.000000e+00	0.000000e+00	0.000000e+00
1.320000e+01	1.330000e+01	0.000000e+00	0.000000e+00	0.000000e+00
1.330000e+01	1.340000e+01	0.000000e+00	0.000000e+00	0.000000e+00
1.340000e+01	1.350000e+01	0.000000e+00	0.000000e+00	0.000000e+00
1.350000e+01	1.360000e+01	0.000000e+00	0.000000e+00	0.000000e+00
1.360000e+01	1.370000e+01	0.000000e+00	0.000000e+00	0.000000e+00
1.370000e+01	1.380000e+01	0.000000e+00	0.000000e+00	0.000000e+00
1.380000e+01	1.390000e+01	0.000000e+00	0.000000e+00	0.000000e+00
1.390000e+01	1.400000e+01	0.000000e+00	0.000000e+00	0.000000e+00
1.400000e+01	1.410000e+01	0.000000e+00	0.000000e+00	0.000000e+00
1.410000e+01	1.420000e+01	0.000000e+00	0.000000e+00	0.000000e+00
1.420000e+01	1.430000e+01	0.000000e+00	0.000000e+00	0.000000e+00
1.430000e+01	1.440000e+01	0.000000e+00	0.000000e+00	0.000000e+00
1.440000e+01	1.450000e+01	0.000000e+00	0.000000e+00	0.000000e+00
1.450000e+01	1.460000e+01	0.000000e+00	0.000000e+00	0.000000e+00
1.460000e+01	1.470000e+01	0.000000e+00	0.000000e+00	0.000000e+00
1.470000e+01	1.480000e+01	0.000000e+00	0.000000e+00	0.000000e+00
1.480000e+01	1.490000e+01	0.000000e+00	0.000000e+00	0.000000e+00
1.490000e+01	1.500000e+01	0.000000e+00	0.000000e+00	0.000000e+00
# END HISTO1D

# BEGIN HISTO1D //home/frederic/Work/Software/LesHouches2017/lh2017-alphas/rivet-analysis/gluon-as015015-parton.yoda/MC_LHJSS_Zjet/log_theta_g_zcut_0.2_beta_1_alpha_1
LineColor=green
LineStyle=solid
NormalizeToSum=1
Path=//home/frederic/Work/Software/LesHouches2017/lh2017-alphas/rivet-analysis/gluon-as015015-parton.yoda/MC_LHJSS_Zjet/log_theta_g_zcut_0.2_beta_1_alpha_1
ScaledBy=1.43133185429041716e-05
Title=gluon-as015015-parton
XLabel=
YLabel=
# xlow	 xhigh	 val	 errminus	 errplus
0.000000e+00	1.000000e-01	1.145065e-02	1.280222e-03	1.280222e-03
1.000000e-01	2.000000e-01	4.508695e-02	2.540362e-03	2.540362e-03
2.000000e-01	3.000000e-01	1.336864e-01	4.374353e-03	4.374353e-03
3.000000e-01	4.000000e-01	1.917985e-01	5.239535e-03	5.239535e-03
4.000000e-01	5.000000e-01	2.393187e-01	5.852730e-03	5.852730e-03
5.000000e-01	6.000000e-01	2.626494e-01	6.131382e-03	6.131382e-03
6.000000e-01	7.000000e-01	2.938524e-01	6.485370e-03	6.485370e-03
7.000000e-01	8.000000e-01	3.241967e-01	6.811997e-03	6.811997e-03
8.000000e-01	9.000000e-01	3.436628e-01	7.013526e-03	7.013526e-03
9.000000e-01	1.000000e+00	3.553997e-01	7.132285e-03	7.132285e-03
1.000000e+00	1.100000e+00	3.724325e-01	7.301196e-03	7.301196e-03
1.100000e+00	1.200000e+00	3.954770e-01	7.523688e-03	7.523688e-03
1.200000e+00	1.300000e+00	3.916124e-01	7.486837e-03	7.486837e-03
1.300000e+00	1.400000e+00	4.003435e-01	7.569838e-03	7.569838e-03
1.400000e+00	1.500000e+00	4.105060e-01	7.665313e-03	7.665313e-03
1.500000e+00	1.600000e+00	4.279682e-01	7.826651e-03	7.826651e-03
1.600000e+00	1.700000e+00	4.243899e-01	7.793862e-03	7.793862e-03
1.700000e+00	1.800000e+00	4.183783e-01	7.738464e-03	7.738464e-03
1.800000e+00	1.900000e+00	4.279682e-01	7.826651e-03	7.826651e-03
1.900000e+00	2.000000e+00	4.105060e-01	7.665313e-03	7.665313e-03
2.000000e+00	2.100000e+00	4.263938e-01	7.812240e-03	7.812240e-03
2.100000e+00	2.200000e+00	3.994847e-01	7.561714e-03	7.561714e-03
2.200000e+00	2.300000e+00	3.970515e-01	7.538650e-03	7.538650e-03
2.300000e+00	2.400000e+00	3.738639e-01	7.315212e-03	7.315212e-03
2.400000e+00	2.500000e+00	3.439490e-01	7.016446e-03	7.016446e-03
2.500000e+00	2.600000e+00	3.233379e-01	6.802968e-03	6.802968e-03
2.600000e+00	2.700000e+00	2.826880e-01	6.360978e-03	6.360978e-03
2.700000e+00	2.800000e+00	2.427539e-01	5.894586e-03	5.894586e-03
2.800000e+00	2.900000e+00	2.022472e-01	5.380361e-03	5.380361e-03
2.900000e+00	3.000000e+00	1.633150e-01	4.834852e-03	4.834852e-03
3.000000e+00	3.100000e+00	1.359765e-01	4.411661e-03	4.411661e-03
3.100000e+00	3.200000e+00	1.030559e-01	3.840667e-03	3.840667e-03
3.200000e+00	3.300000e+00	8.273098e-02	3.441155e-03	3.441155e-03
3.300000e+00	3.400000e+00	6.011594e-02	2.933357e-03	2.933357e-03
3.400000e+00	3.500000e+00	4.179489e-02	2.445861e-03	2.445861e-03
3.500000e+00	3.600000e+00	3.134617e-02	2.118178e-03	2.118178e-03
3.600000e+00	3.700000e+00	2.819724e-02	2.008970e-03	2.008970e-03
3.700000e+00	3.800000e+00	1.717598e-02	1.567945e-03	1.567945e-03
3.800000e+00	3.900000e+00	1.316825e-02	1.372885e-03	1.372885e-03
3.900000e+00	4.000000e+00	8.731124e-03	1.117906e-03	1.117906e-03
4.000000e+00	4.100000e+00	8.015458e-03	1.071111e-03	1.071111e-03
4.100000e+00	4.200000e+00	5.582194e-03	8.938664e-04	8.938664e-04
4.200000e+00	4.300000e+00	4.437129e-03	7.969319e-04	7.969319e-04
4.300000e+00	4.400000e+00	4.150862e-03	7.707958e-04	7.707958e-04
4.400000e+00	4.500000e+00	2.003865e-03	5.355553e-04	5.355553e-04
4.500000e+00	4.600000e+00	2.146998e-03	5.543524e-04	5.543524e-04
4.600000e+00	4.700000e+00	1.288199e-03	4.293996e-04	4.293996e-04
4.700000e+00	4.800000e+00	1.288199e-03	4.293996e-04	4.293996e-04
4.800000e+00	4.900000e+00	1.145065e-03	4.048418e-04	4.048418e-04
4.900000e+00	5.000000e+00	2.862664e-04	2.024209e-04	2.024209e-04
5.000000e+00	5.100000e+00	2.862664e-04	2.024209e-04	2.024209e-04
5.100000e+00	5.200000e+00	2.862664e-04	2.024209e-04	2.024209e-04
5.200000e+00	5.300000e+00	4.293996e-04	2.479140e-04	2.479140e-04
5.300000e+00	5.400000e+00	4.293996e-04	2.479140e-04	2.479140e-04
5.400000e+00	5.500000e+00	1.431332e-04	1.431332e-04	1.431332e-04
5.500000e+00	5.600000e+00	1.431332e-04	1.431332e-04	1.431332e-04
5.600000e+00	5.700000e+00	0.000000e+00	0.000000e+00	0.000000e+00
5.700000e+00	5.800000e+00	1.431332e-04	1.431332e-04	1.431332e-04
5.800000e+00	5.900000e+00	0.000000e+00	0.000000e+00	0.000000e+00
5.900000e+00	6.000000e+00	0.000000e+00	0.000000e+00	0.000000e+00
6.000000e+00	6.100000e+00	0.000000e+00	0.000000e+00	0.000000e+00
6.100000e+00	6.200000e+00	0.000000e+00	0.000000e+00	0.000000e+00
6.200000e+00	6.300000e+00	0.000000e+00	0.000000e+00	0.000000e+00
6.300000e+00	6.400000e+00	0.000000e+00	0.000000e+00	0.000000e+00
6.400000e+00	6.500000e+00	0.000000e+00	0.000000e+00	0.000000e+00
6.500000e+00	6.600000e+00	0.000000e+00	0.000000e+00	0.000000e+00
6.600000e+00	6.700000e+00	0.000000e+00	0.000000e+00	0.000000e+00
6.700000e+00	6.800000e+00	0.000000e+00	0.000000e+00	0.000000e+00
6.800000e+00	6.900000e+00	0.000000e+00	0.000000e+00	0.000000e+00
6.900000e+00	7.000000e+00	0.000000e+00	0.000000e+00	0.000000e+00
7.000000e+00	7.100000e+00	0.000000e+00	0.000000e+00	0.000000e+00
7.100000e+00	7.200000e+00	0.000000e+00	0.000000e+00	0.000000e+00
7.200000e+00	7.300000e+00	0.000000e+00	0.000000e+00	0.000000e+00
7.300000e+00	7.400000e+00	0.000000e+00	0.000000e+00	0.000000e+00
7.400000e+00	7.500000e+00	0.000000e+00	0.000000e+00	0.000000e+00
7.500000e+00	7.600000e+00	0.000000e+00	0.000000e+00	0.000000e+00
7.600000e+00	7.700000e+00	0.000000e+00	0.000000e+00	0.000000e+00
7.700000e+00	7.800000e+00	0.000000e+00	0.000000e+00	0.000000e+00
7.800000e+00	7.900000e+00	0.000000e+00	0.000000e+00	0.000000e+00
7.900000e+00	8.000000e+00	0.000000e+00	0.000000e+00	0.000000e+00
8.000000e+00	8.100000e+00	0.000000e+00	0.000000e+00	0.000000e+00
8.100000e+00	8.200000e+00	0.000000e+00	0.000000e+00	0.000000e+00
8.200000e+00	8.300000e+00	0.000000e+00	0.000000e+00	0.000000e+00
8.300000e+00	8.400000e+00	0.000000e+00	0.000000e+00	0.000000e+00
8.400000e+00	8.500000e+00	0.000000e+00	0.000000e+00	0.000000e+00
8.500000e+00	8.600000e+00	0.000000e+00	0.000000e+00	0.000000e+00
8.600000e+00	8.700000e+00	0.000000e+00	0.000000e+00	0.000000e+00
8.700000e+00	8.800000e+00	0.000000e+00	0.000000e+00	0.000000e+00
8.800000e+00	8.900000e+00	0.000000e+00	0.000000e+00	0.000000e+00
8.900000e+00	9.000000e+00	0.000000e+00	0.000000e+00	0.000000e+00
9.000000e+00	9.100000e+00	0.000000e+00	0.000000e+00	0.000000e+00
9.100000e+00	9.200000e+00	0.000000e+00	0.000000e+00	0.000000e+00
9.200000e+00	9.300000e+00	0.000000e+00	0.000000e+00	0.000000e+00
9.300000e+00	9.400000e+00	0.000000e+00	0.000000e+00	0.000000e+00
9.400000e+00	9.500000e+00	0.000000e+00	0.000000e+00	0.000000e+00
9.500000e+00	9.600000e+00	0.000000e+00	0.000000e+00	0.000000e+00
9.600000e+00	9.700000e+00	0.000000e+00	0.000000e+00	0.000000e+00
9.700000e+00	9.800000e+00	0.000000e+00	0.000000e+00	0.000000e+00
9.800000e+00	9.900000e+00	0.000000e+00	0.000000e+00	0.000000e+00
9.900000e+00	1.000000e+01	0.000000e+00	0.000000e+00	0.000000e+00
1.000000e+01	1.010000e+01	0.000000e+00	0.000000e+00	0.000000e+00
1.010000e+01	1.020000e+01	0.000000e+00	0.000000e+00	0.000000e+00
1.020000e+01	1.030000e+01	0.000000e+00	0.000000e+00	0.000000e+00
1.030000e+01	1.040000e+01	0.000000e+00	0.000000e+00	0.000000e+00
1.040000e+01	1.050000e+01	0.000000e+00	0.000000e+00	0.000000e+00
1.050000e+01	1.060000e+01	0.000000e+00	0.000000e+00	0.000000e+00
1.060000e+01	1.070000e+01	0.000000e+00	0.000000e+00	0.000000e+00
1.070000e+01	1.080000e+01	0.000000e+00	0.000000e+00	0.000000e+00
1.080000e+01	1.090000e+01	0.000000e+00	0.000000e+00	0.000000e+00
1.090000e+01	1.100000e+01	0.000000e+00	0.000000e+00	0.000000e+00
1.100000e+01	1.110000e+01	0.000000e+00	0.000000e+00	0.000000e+00
1.110000e+01	1.120000e+01	0.000000e+00	0.000000e+00	0.000000e+00
1.120000e+01	1.130000e+01	0.000000e+00	0.000000e+00	0.000000e+00
1.130000e+01	1.140000e+01	0.000000e+00	0.000000e+00	0.000000e+00
1.140000e+01	1.150000e+01	0.000000e+00	0.000000e+00	0.000000e+00
1.150000e+01	1.160000e+01	0.000000e+00	0.000000e+00	0.000000e+00
1.160000e+01	1.170000e+01	0.000000e+00	0.000000e+00	0.000000e+00
1.170000e+01	1.180000e+01	0.000000e+00	0.000000e+00	0.000000e+00
1.180000e+01	1.190000e+01	0.000000e+00	0.000000e+00	0.000000e+00
1.190000e+01	1.200000e+01	0.000000e+00	0.000000e+00	0.000000e+00
1.200000e+01	1.210000e+01	0.000000e+00	0.000000e+00	0.000000e+00
1.210000e+01	1.220000e+01	0.000000e+00	0.000000e+00	0.000000e+00
1.220000e+01	1.230000e+01	0.000000e+00	0.000000e+00	0.000000e+00
1.230000e+01	1.240000e+01	0.000000e+00	0.000000e+00	0.000000e+00
1.240000e+01	1.250000e+01	0.000000e+00	0.000000e+00	0.000000e+00
1.250000e+01	1.260000e+01	0.000000e+00	0.000000e+00	0.000000e+00
1.260000e+01	1.270000e+01	0.000000e+00	0.000000e+00	0.000000e+00
1.270000e+01	1.280000e+01	0.000000e+00	0.000000e+00	0.000000e+00
1.280000e+01	1.290000e+01	0.000000e+00	0.000000e+00	0.000000e+00
1.290000e+01	1.300000e+01	0.000000e+00	0.000000e+00	0.000000e+00
1.300000e+01	1.310000e+01	0.000000e+00	0.000000e+00	0.000000e+00
1.310000e+01	1.320000e+01	0.000000e+00	0.000000e+00	0.000000e+00
1.320000e+01	1.330000e+01	0.000000e+00	0.000000e+00	0.000000e+00
1.330000e+01	1.340000e+01	0.000000e+00	0.000000e+00	0.000000e+00
1.340000e+01	1.350000e+01	0.000000e+00	0.000000e+00	0.000000e+00
1.350000e+01	1.360000e+01	0.000000e+00	0.000000e+00	0.000000e+00
1.360000e+01	1.370000e+01	0.000000e+00	0.000000e+00	0.000000e+00
1.370000e+01	1.380000e+01	0.000000e+00	0.000000e+00	0.000000e+00
1.380000e+01	1.390000e+01	0.000000e+00	0.000000e+00	0.000000e+00
1.390000e+01	1.400000e+01	0.000000e+00	0.000000e+00	0.000000e+00
1.400000e+01	1.410000e+01	0.000000e+00	0.000000e+00	0.000000e+00
1.410000e+01	1.420000e+01	0.000000e+00	0.000000e+00	0.000000e+00
1.420000e+01	1.430000e+01	0.000000e+00	0.000000e+00	0.000000e+00
1.430000e+01	1.440000e+01	0.000000e+00	0.000000e+00	0.000000e+00
1.440000e+01	1.450000e+01	0.000000e+00	0.000000e+00	0.000000e+00
1.450000e+01	1.460000e+01	0.000000e+00	0.000000e+00	0.000000e+00
1.460000e+01	1.470000e+01	0.000000e+00	0.000000e+00	0.000000e+00
1.470000e+01	1.480000e+01	0.000000e+00	0.000000e+00	0.000000e+00
1.480000e+01	1.490000e+01	0.000000e+00	0.000000e+00	0.000000e+00
1.490000e+01	1.500000e+01	0.000000e+00	0.000000e+00	0.000000e+00
# END HISTO1D

