# BEGIN PLOT
LegendOnly=//home/frederic/Work/Software/LesHouches2017/lh2017-alphas/rivet-analysis/gluon-as013650-parton.yoda/MC_LHJSS_Zjet/log_theta_g_zcut_0.1_beta_1_alpha_1 //home/frederic/Work/Software/LesHouches2017/lh2017-alphas/rivet-analysis/gluon-as012285-parton.yoda/MC_LHJSS_Zjet/log_theta_g_zcut_0.1_beta_1_alpha_1 //home/frederic/Work/Software/LesHouches2017/lh2017-alphas/rivet-analysis/gluon-as015015-parton.yoda/MC_LHJSS_Zjet/log_theta_g_zcut_0.1_beta_1_alpha_1
DrawOnly=//home/frederic/Work/Software/LesHouches2017/lh2017-alphas/rivet-analysis/gluon-as013650-parton.yoda/MC_LHJSS_Zjet/log_theta_g_zcut_0.1_beta_1_alpha_1 //home/frederic/Work/Software/LesHouches2017/lh2017-alphas/rivet-analysis/gluon-as012285-parton.yoda/MC_LHJSS_Zjet/log_theta_g_zcut_0.1_beta_1_alpha_1 //home/frederic/Work/Software/LesHouches2017/lh2017-alphas/rivet-analysis/gluon-as015015-parton.yoda/MC_LHJSS_Zjet/log_theta_g_zcut_0.1_beta_1_alpha_1
Title=$\theta_g$, $\alpha$ = 1 $z_{cut}$ = 0.1 $\beta$ = 1
RatioPlot=1
LogX=0
LogY=0
RatioPlotYLabel=Ratio
RatioPlotReference=//home/frederic/Work/Software/LesHouches2017/lh2017-alphas/rivet-analysis/gluon-as013650-parton.yoda/MC_LHJSS_Zjet/log_theta_g_zcut_0.1_beta_1_alpha_1
XLabel=$\theta_g$
YLabel=$1/\sigma \text{d}\sigma/\text{d}\theta_g$
Legend=1
# END PLOT

# BEGIN HISTO1D //home/frederic/Work/Software/LesHouches2017/lh2017-alphas/rivet-analysis/gluon-as013650-parton.yoda/MC_LHJSS_Zjet/log_theta_g_zcut_0.1_beta_1_alpha_1
LineColor=red
LineStyle=solid
NormalizeToSum=1
Path=//home/frederic/Work/Software/LesHouches2017/lh2017-alphas/rivet-analysis/gluon-as013650-parton.yoda/MC_LHJSS_Zjet/log_theta_g_zcut_0.1_beta_1_alpha_1
ScaledBy=1.42364966828962723e-05
Title=gluon-as013650-parton
XLabel=
YLabel=
# xlow	 xhigh	 val	 errminus	 errplus
0.000000e+00	1.000000e-01	1.295521e-02	1.358075e-03	1.358075e-03
1.000000e-01	2.000000e-01	7.701945e-02	3.311325e-03	3.311325e-03
2.000000e-01	3.000000e-01	2.411663e-01	5.859491e-03	5.859491e-03
3.000000e-01	4.000000e-01	3.228837e-01	6.779921e-03	6.779921e-03
4.000000e-01	5.000000e-01	3.564819e-01	7.123941e-03	7.123941e-03
5.000000e-01	6.000000e-01	3.886564e-01	7.438484e-03	7.438484e-03
6.000000e-01	7.000000e-01	4.127160e-01	7.665266e-03	7.665266e-03
7.000000e-01	8.000000e-01	4.279491e-01	7.805444e-03	7.805444e-03
8.000000e-01	9.000000e-01	4.223969e-01	7.754644e-03	7.754644e-03
9.000000e-01	1.000000e+00	4.363486e-01	7.881672e-03	7.881672e-03
1.000000e+00	1.100000e+00	4.440363e-01	7.950800e-03	7.950800e-03
1.100000e+00	1.200000e+00	4.467413e-01	7.974980e-03	7.974980e-03
1.200000e+00	1.300000e+00	4.421856e-01	7.934213e-03	7.934213e-03
1.300000e+00	1.400000e+00	4.411890e-01	7.925267e-03	7.925267e-03
1.400000e+00	1.500000e+00	4.414738e-01	7.927824e-03	7.927824e-03
1.500000e+00	1.600000e+00	4.266678e-01	7.793751e-03	7.793751e-03
1.600000e+00	1.700000e+00	4.184106e-01	7.717967e-03	7.717967e-03
1.700000e+00	1.800000e+00	4.127160e-01	7.665266e-03	7.665266e-03
1.800000e+00	1.900000e+00	4.097264e-01	7.637452e-03	7.637452e-03
1.900000e+00	2.000000e+00	3.947781e-01	7.496837e-03	7.496837e-03
2.000000e+00	2.100000e+00	3.583326e-01	7.142409e-03	7.142409e-03
2.100000e+00	2.200000e+00	3.405370e-01	6.962797e-03	6.962797e-03
2.200000e+00	2.300000e+00	3.072236e-01	6.613462e-03	6.613462e-03
2.300000e+00	2.400000e+00	2.797472e-01	6.310800e-03	6.310800e-03
2.400000e+00	2.500000e+00	2.388884e-01	5.831753e-03	5.831753e-03
2.500000e+00	2.600000e+00	2.185302e-01	5.577728e-03	5.577728e-03
2.600000e+00	2.700000e+00	1.773867e-01	5.025302e-03	5.025302e-03
2.700000e+00	2.800000e+00	1.426497e-01	4.506475e-03	4.506475e-03
2.800000e+00	2.900000e+00	1.163122e-01	4.069248e-03	4.069248e-03
2.900000e+00	3.000000e+00	9.068648e-02	3.593130e-03	3.593130e-03
3.000000e+00	3.100000e+00	6.975883e-02	3.151383e-03	3.151383e-03
3.100000e+00	3.200000e+00	5.552234e-02	2.811483e-03	2.811483e-03
3.200000e+00	3.300000e+00	4.342131e-02	2.486297e-03	2.486297e-03
3.300000e+00	3.400000e+00	3.516415e-02	2.237441e-03	2.237441e-03
3.400000e+00	3.500000e+00	2.932718e-02	2.043322e-03	2.043322e-03
3.500000e+00	3.600000e+00	2.349022e-02	1.828711e-03	1.828711e-03
3.600000e+00	3.700000e+00	1.793799e-02	1.598043e-03	1.598043e-03
3.700000e+00	3.800000e+00	1.167393e-02	1.289170e-03	1.289170e-03
3.800000e+00	3.900000e+00	1.081974e-02	1.241109e-03	1.241109e-03
3.900000e+00	4.000000e+00	8.826628e-03	1.120983e-03	1.120983e-03
4.000000e+00	4.100000e+00	7.545343e-03	1.036433e-03	1.036433e-03
4.100000e+00	4.200000e+00	4.982774e-03	8.422425e-04	8.422425e-04
4.200000e+00	4.300000e+00	3.416759e-03	6.974430e-04	6.974430e-04
4.300000e+00	4.400000e+00	3.559124e-03	7.118248e-04	7.118248e-04
4.400000e+00	4.500000e+00	4.128584e-03	7.666588e-04	7.666588e-04
4.500000e+00	4.600000e+00	2.562569e-03	6.040034e-04	6.040034e-04
4.600000e+00	4.700000e+00	2.420204e-03	5.869858e-04	5.869858e-04
4.700000e+00	4.800000e+00	1.566015e-03	4.721712e-04	4.721712e-04
4.800000e+00	4.900000e+00	1.281285e-03	4.270950e-04	4.270950e-04
4.900000e+00	5.000000e+00	7.118248e-04	3.183377e-04	3.183377e-04
5.000000e+00	5.100000e+00	8.541898e-04	3.487215e-04	3.487215e-04
5.100000e+00	5.200000e+00	4.270949e-04	2.465834e-04	2.465834e-04
5.200000e+00	5.300000e+00	7.118248e-04	3.183377e-04	3.183377e-04
5.300000e+00	5.400000e+00	2.847299e-04	2.013345e-04	2.013345e-04
5.400000e+00	5.500000e+00	2.847299e-04	2.013345e-04	2.013345e-04
5.500000e+00	5.600000e+00	0.000000e+00	0.000000e+00	0.000000e+00
5.600000e+00	5.700000e+00	0.000000e+00	0.000000e+00	0.000000e+00
5.700000e+00	5.800000e+00	0.000000e+00	0.000000e+00	0.000000e+00
5.800000e+00	5.900000e+00	0.000000e+00	0.000000e+00	0.000000e+00
5.900000e+00	6.000000e+00	1.423650e-04	1.423650e-04	1.423650e-04
6.000000e+00	6.100000e+00	0.000000e+00	0.000000e+00	0.000000e+00
6.100000e+00	6.200000e+00	0.000000e+00	0.000000e+00	0.000000e+00
6.200000e+00	6.300000e+00	0.000000e+00	0.000000e+00	0.000000e+00
6.300000e+00	6.400000e+00	0.000000e+00	0.000000e+00	0.000000e+00
6.400000e+00	6.500000e+00	0.000000e+00	0.000000e+00	0.000000e+00
6.500000e+00	6.600000e+00	0.000000e+00	0.000000e+00	0.000000e+00
6.600000e+00	6.700000e+00	0.000000e+00	0.000000e+00	0.000000e+00
6.700000e+00	6.800000e+00	0.000000e+00	0.000000e+00	0.000000e+00
6.800000e+00	6.900000e+00	0.000000e+00	0.000000e+00	0.000000e+00
6.900000e+00	7.000000e+00	0.000000e+00	0.000000e+00	0.000000e+00
7.000000e+00	7.100000e+00	0.000000e+00	0.000000e+00	0.000000e+00
7.100000e+00	7.200000e+00	0.000000e+00	0.000000e+00	0.000000e+00
7.200000e+00	7.300000e+00	0.000000e+00	0.000000e+00	0.000000e+00
7.300000e+00	7.400000e+00	0.000000e+00	0.000000e+00	0.000000e+00
7.400000e+00	7.500000e+00	0.000000e+00	0.000000e+00	0.000000e+00
7.500000e+00	7.600000e+00	0.000000e+00	0.000000e+00	0.000000e+00
7.600000e+00	7.700000e+00	0.000000e+00	0.000000e+00	0.000000e+00
7.700000e+00	7.800000e+00	0.000000e+00	0.000000e+00	0.000000e+00
7.800000e+00	7.900000e+00	0.000000e+00	0.000000e+00	0.000000e+00
7.900000e+00	8.000000e+00	0.000000e+00	0.000000e+00	0.000000e+00
8.000000e+00	8.100000e+00	0.000000e+00	0.000000e+00	0.000000e+00
8.100000e+00	8.200000e+00	0.000000e+00	0.000000e+00	0.000000e+00
8.200000e+00	8.300000e+00	0.000000e+00	0.000000e+00	0.000000e+00
8.300000e+00	8.400000e+00	0.000000e+00	0.000000e+00	0.000000e+00
8.400000e+00	8.500000e+00	0.000000e+00	0.000000e+00	0.000000e+00
8.500000e+00	8.600000e+00	0.000000e+00	0.000000e+00	0.000000e+00
8.600000e+00	8.700000e+00	0.000000e+00	0.000000e+00	0.000000e+00
8.700000e+00	8.800000e+00	0.000000e+00	0.000000e+00	0.000000e+00
8.800000e+00	8.900000e+00	0.000000e+00	0.000000e+00	0.000000e+00
8.900000e+00	9.000000e+00	0.000000e+00	0.000000e+00	0.000000e+00
9.000000e+00	9.100000e+00	0.000000e+00	0.000000e+00	0.000000e+00
9.100000e+00	9.200000e+00	0.000000e+00	0.000000e+00	0.000000e+00
9.200000e+00	9.300000e+00	0.000000e+00	0.000000e+00	0.000000e+00
9.300000e+00	9.400000e+00	0.000000e+00	0.000000e+00	0.000000e+00
9.400000e+00	9.500000e+00	0.000000e+00	0.000000e+00	0.000000e+00
9.500000e+00	9.600000e+00	0.000000e+00	0.000000e+00	0.000000e+00
9.600000e+00	9.700000e+00	0.000000e+00	0.000000e+00	0.000000e+00
9.700000e+00	9.800000e+00	0.000000e+00	0.000000e+00	0.000000e+00
9.800000e+00	9.900000e+00	0.000000e+00	0.000000e+00	0.000000e+00
9.900000e+00	1.000000e+01	0.000000e+00	0.000000e+00	0.000000e+00
1.000000e+01	1.010000e+01	0.000000e+00	0.000000e+00	0.000000e+00
1.010000e+01	1.020000e+01	0.000000e+00	0.000000e+00	0.000000e+00
1.020000e+01	1.030000e+01	0.000000e+00	0.000000e+00	0.000000e+00
1.030000e+01	1.040000e+01	0.000000e+00	0.000000e+00	0.000000e+00
1.040000e+01	1.050000e+01	0.000000e+00	0.000000e+00	0.000000e+00
1.050000e+01	1.060000e+01	0.000000e+00	0.000000e+00	0.000000e+00
1.060000e+01	1.070000e+01	0.000000e+00	0.000000e+00	0.000000e+00
1.070000e+01	1.080000e+01	0.000000e+00	0.000000e+00	0.000000e+00
1.080000e+01	1.090000e+01	0.000000e+00	0.000000e+00	0.000000e+00
1.090000e+01	1.100000e+01	0.000000e+00	0.000000e+00	0.000000e+00
1.100000e+01	1.110000e+01	0.000000e+00	0.000000e+00	0.000000e+00
1.110000e+01	1.120000e+01	0.000000e+00	0.000000e+00	0.000000e+00
1.120000e+01	1.130000e+01	0.000000e+00	0.000000e+00	0.000000e+00
1.130000e+01	1.140000e+01	0.000000e+00	0.000000e+00	0.000000e+00
1.140000e+01	1.150000e+01	0.000000e+00	0.000000e+00	0.000000e+00
1.150000e+01	1.160000e+01	0.000000e+00	0.000000e+00	0.000000e+00
1.160000e+01	1.170000e+01	0.000000e+00	0.000000e+00	0.000000e+00
1.170000e+01	1.180000e+01	0.000000e+00	0.000000e+00	0.000000e+00
1.180000e+01	1.190000e+01	0.000000e+00	0.000000e+00	0.000000e+00
1.190000e+01	1.200000e+01	0.000000e+00	0.000000e+00	0.000000e+00
1.200000e+01	1.210000e+01	0.000000e+00	0.000000e+00	0.000000e+00
1.210000e+01	1.220000e+01	0.000000e+00	0.000000e+00	0.000000e+00
1.220000e+01	1.230000e+01	0.000000e+00	0.000000e+00	0.000000e+00
1.230000e+01	1.240000e+01	0.000000e+00	0.000000e+00	0.000000e+00
1.240000e+01	1.250000e+01	0.000000e+00	0.000000e+00	0.000000e+00
1.250000e+01	1.260000e+01	0.000000e+00	0.000000e+00	0.000000e+00
1.260000e+01	1.270000e+01	0.000000e+00	0.000000e+00	0.000000e+00
1.270000e+01	1.280000e+01	0.000000e+00	0.000000e+00	0.000000e+00
1.280000e+01	1.290000e+01	0.000000e+00	0.000000e+00	0.000000e+00
1.290000e+01	1.300000e+01	0.000000e+00	0.000000e+00	0.000000e+00
1.300000e+01	1.310000e+01	0.000000e+00	0.000000e+00	0.000000e+00
1.310000e+01	1.320000e+01	0.000000e+00	0.000000e+00	0.000000e+00
1.320000e+01	1.330000e+01	0.000000e+00	0.000000e+00	0.000000e+00
1.330000e+01	1.340000e+01	0.000000e+00	0.000000e+00	0.000000e+00
1.340000e+01	1.350000e+01	0.000000e+00	0.000000e+00	0.000000e+00
1.350000e+01	1.360000e+01	0.000000e+00	0.000000e+00	0.000000e+00
1.360000e+01	1.370000e+01	0.000000e+00	0.000000e+00	0.000000e+00
1.370000e+01	1.380000e+01	0.000000e+00	0.000000e+00	0.000000e+00
1.380000e+01	1.390000e+01	0.000000e+00	0.000000e+00	0.000000e+00
1.390000e+01	1.400000e+01	0.000000e+00	0.000000e+00	0.000000e+00
1.400000e+01	1.410000e+01	0.000000e+00	0.000000e+00	0.000000e+00
1.410000e+01	1.420000e+01	0.000000e+00	0.000000e+00	0.000000e+00
1.420000e+01	1.430000e+01	0.000000e+00	0.000000e+00	0.000000e+00
1.430000e+01	1.440000e+01	0.000000e+00	0.000000e+00	0.000000e+00
1.440000e+01	1.450000e+01	0.000000e+00	0.000000e+00	0.000000e+00
1.450000e+01	1.460000e+01	0.000000e+00	0.000000e+00	0.000000e+00
1.460000e+01	1.470000e+01	0.000000e+00	0.000000e+00	0.000000e+00
1.470000e+01	1.480000e+01	0.000000e+00	0.000000e+00	0.000000e+00
1.480000e+01	1.490000e+01	0.000000e+00	0.000000e+00	0.000000e+00
1.490000e+01	1.500000e+01	0.000000e+00	0.000000e+00	0.000000e+00
# END HISTO1D

# BEGIN HISTO1D //home/frederic/Work/Software/LesHouches2017/lh2017-alphas/rivet-analysis/gluon-as012285-parton.yoda/MC_LHJSS_Zjet/log_theta_g_zcut_0.1_beta_1_alpha_1
LineColor=blue
LineStyle=solid
NormalizeToSum=1
Path=//home/frederic/Work/Software/LesHouches2017/lh2017-alphas/rivet-analysis/gluon-as012285-parton.yoda/MC_LHJSS_Zjet/log_theta_g_zcut_0.1_beta_1_alpha_1
ScaledBy=1.41430713093655423e-05
Title=gluon-as012285-parton
XLabel=
YLabel=
# xlow	 xhigh	 val	 errminus	 errplus
0.000000e+00	1.000000e-01	8.202981e-03	1.077104e-03	1.077104e-03
1.000000e-01	2.000000e-01	6.237094e-02	2.970045e-03	2.970045e-03
2.000000e-01	3.000000e-01	2.216219e-01	5.598585e-03	5.598585e-03
3.000000e-01	4.000000e-01	3.012474e-01	6.527300e-03	6.527300e-03
4.000000e-01	5.000000e-01	3.148248e-01	6.672772e-03	6.672772e-03
5.000000e-01	6.000000e-01	3.629112e-01	7.164272e-03	7.164272e-03
6.000000e-01	7.000000e-01	3.691342e-01	7.225435e-03	7.225435e-03
7.000000e-01	8.000000e-01	3.798829e-01	7.329878e-03	7.329878e-03
8.000000e-01	9.000000e-01	3.975617e-01	7.498496e-03	7.498496e-03
9.000000e-01	1.000000e+00	4.043504e-01	7.562246e-03	7.562246e-03
1.000000e+00	1.100000e+00	4.076033e-01	7.592604e-03	7.592604e-03
1.100000e+00	1.200000e+00	4.169377e-01	7.679049e-03	7.679049e-03
1.200000e+00	1.300000e+00	4.135434e-01	7.647728e-03	7.647728e-03
1.300000e+00	1.400000e+00	4.300908e-01	7.799234e-03	7.799234e-03
1.400000e+00	1.500000e+00	4.241507e-01	7.745188e-03	7.745188e-03
1.500000e+00	1.600000e+00	4.039261e-01	7.558278e-03	7.558278e-03
1.600000e+00	1.700000e+00	4.061890e-01	7.579420e-03	7.579420e-03
1.700000e+00	1.800000e+00	4.027947e-01	7.547684e-03	7.547684e-03
1.800000e+00	1.900000e+00	3.762057e-01	7.294316e-03	7.294316e-03
1.900000e+00	2.000000e+00	3.752157e-01	7.284711e-03	7.284711e-03
2.000000e+00	2.100000e+00	3.542839e-01	7.078604e-03	7.078604e-03
2.100000e+00	2.200000e+00	3.508896e-01	7.044613e-03	7.044613e-03
2.200000e+00	2.300000e+00	3.179362e-01	6.705666e-03	6.705666e-03
2.300000e+00	2.400000e+00	2.955902e-01	6.465720e-03	6.465720e-03
2.400000e+00	2.500000e+00	2.762142e-01	6.250214e-03	6.250214e-03
2.500000e+00	2.600000e+00	2.374622e-01	5.795208e-03	5.795208e-03
2.600000e+00	2.700000e+00	2.121461e-01	5.477588e-03	5.477588e-03
2.700000e+00	2.800000e+00	1.681611e-01	4.876797e-03	4.876797e-03
2.800000e+00	2.900000e+00	1.490680e-01	4.591600e-03	4.591600e-03
2.900000e+00	3.000000e+00	1.234690e-01	4.178793e-03	4.178793e-03
3.000000e+00	3.100000e+00	9.801148e-02	3.723148e-03	3.723148e-03
3.100000e+00	3.200000e+00	9.037423e-02	3.575149e-03	3.575149e-03
3.200000e+00	3.300000e+00	7.453399e-02	3.246751e-03	3.246751e-03
3.300000e+00	3.400000e+00	5.529941e-02	2.796611e-03	2.796611e-03
3.400000e+00	3.500000e+00	4.582355e-02	2.545753e-03	2.545753e-03
3.500000e+00	3.600000e+00	3.663055e-02	2.276112e-03	2.276112e-03
3.600000e+00	3.700000e+00	3.634769e-02	2.267307e-03	2.267307e-03
3.700000e+00	3.800000e+00	2.757899e-02	1.974972e-03	1.974972e-03
3.800000e+00	3.900000e+00	2.107318e-02	1.726382e-03	1.726382e-03
3.900000e+00	4.000000e+00	2.036602e-02	1.697169e-03	1.697169e-03
4.000000e+00	4.100000e+00	1.640596e-02	1.523255e-03	1.523255e-03
4.100000e+00	4.200000e+00	1.569881e-02	1.490065e-03	1.490065e-03
4.200000e+00	4.300000e+00	1.188018e-02	1.296234e-03	1.296234e-03
4.300000e+00	4.400000e+00	9.900150e-03	1.183294e-03	1.183294e-03
4.400000e+00	4.500000e+00	7.920120e-03	1.058370e-03	1.058370e-03
4.500000e+00	4.600000e+00	6.505813e-03	9.592297e-04	9.592297e-04
4.600000e+00	4.700000e+00	5.091506e-03	8.485843e-04	8.485843e-04
4.700000e+00	4.800000e+00	4.667214e-03	8.124576e-04	8.124576e-04
4.800000e+00	4.900000e+00	3.818629e-03	7.348956e-04	7.348956e-04
4.900000e+00	5.000000e+00	2.970045e-03	6.481170e-04	6.481170e-04
5.000000e+00	5.100000e+00	3.394337e-03	6.928661e-04	6.928661e-04
5.100000e+00	5.200000e+00	3.394337e-03	6.928661e-04	6.928661e-04
5.200000e+00	5.300000e+00	2.404322e-03	5.831338e-04	5.831338e-04
5.300000e+00	5.400000e+00	1.838599e-03	5.099357e-04	5.099357e-04
5.400000e+00	5.500000e+00	1.272876e-03	4.242921e-04	4.242921e-04
5.500000e+00	5.600000e+00	9.900150e-04	3.741905e-04	3.741905e-04
5.600000e+00	5.700000e+00	5.657229e-04	2.828614e-04	2.828614e-04
5.700000e+00	5.800000e+00	1.414307e-04	1.414307e-04	1.414307e-04
5.800000e+00	5.900000e+00	0.000000e+00	0.000000e+00	0.000000e+00
5.900000e+00	6.000000e+00	0.000000e+00	0.000000e+00	0.000000e+00
6.000000e+00	6.100000e+00	1.414307e-04	1.414307e-04	1.414307e-04
6.100000e+00	6.200000e+00	0.000000e+00	0.000000e+00	0.000000e+00
6.200000e+00	6.300000e+00	0.000000e+00	0.000000e+00	0.000000e+00
6.300000e+00	6.400000e+00	0.000000e+00	0.000000e+00	0.000000e+00
6.400000e+00	6.500000e+00	0.000000e+00	0.000000e+00	0.000000e+00
6.500000e+00	6.600000e+00	0.000000e+00	0.000000e+00	0.000000e+00
6.600000e+00	6.700000e+00	0.000000e+00	0.000000e+00	0.000000e+00
6.700000e+00	6.800000e+00	0.000000e+00	0.000000e+00	0.000000e+00
6.800000e+00	6.900000e+00	0.000000e+00	0.000000e+00	0.000000e+00
6.900000e+00	7.000000e+00	0.000000e+00	0.000000e+00	0.000000e+00
7.000000e+00	7.100000e+00	0.000000e+00	0.000000e+00	0.000000e+00
7.100000e+00	7.200000e+00	0.000000e+00	0.000000e+00	0.000000e+00
7.200000e+00	7.300000e+00	0.000000e+00	0.000000e+00	0.000000e+00
7.300000e+00	7.400000e+00	0.000000e+00	0.000000e+00	0.000000e+00
7.400000e+00	7.500000e+00	0.000000e+00	0.000000e+00	0.000000e+00
7.500000e+00	7.600000e+00	0.000000e+00	0.000000e+00	0.000000e+00
7.600000e+00	7.700000e+00	0.000000e+00	0.000000e+00	0.000000e+00
7.700000e+00	7.800000e+00	0.000000e+00	0.000000e+00	0.000000e+00
7.800000e+00	7.900000e+00	0.000000e+00	0.000000e+00	0.000000e+00
7.900000e+00	8.000000e+00	0.000000e+00	0.000000e+00	0.000000e+00
8.000000e+00	8.100000e+00	0.000000e+00	0.000000e+00	0.000000e+00
8.100000e+00	8.200000e+00	0.000000e+00	0.000000e+00	0.000000e+00
8.200000e+00	8.300000e+00	0.000000e+00	0.000000e+00	0.000000e+00
8.300000e+00	8.400000e+00	0.000000e+00	0.000000e+00	0.000000e+00
8.400000e+00	8.500000e+00	0.000000e+00	0.000000e+00	0.000000e+00
8.500000e+00	8.600000e+00	0.000000e+00	0.000000e+00	0.000000e+00
8.600000e+00	8.700000e+00	0.000000e+00	0.000000e+00	0.000000e+00
8.700000e+00	8.800000e+00	0.000000e+00	0.000000e+00	0.000000e+00
8.800000e+00	8.900000e+00	0.000000e+00	0.000000e+00	0.000000e+00
8.900000e+00	9.000000e+00	0.000000e+00	0.000000e+00	0.000000e+00
9.000000e+00	9.100000e+00	0.000000e+00	0.000000e+00	0.000000e+00
9.100000e+00	9.200000e+00	0.000000e+00	0.000000e+00	0.000000e+00
9.200000e+00	9.300000e+00	0.000000e+00	0.000000e+00	0.000000e+00
9.300000e+00	9.400000e+00	0.000000e+00	0.000000e+00	0.000000e+00
9.400000e+00	9.500000e+00	0.000000e+00	0.000000e+00	0.000000e+00
9.500000e+00	9.600000e+00	0.000000e+00	0.000000e+00	0.000000e+00
9.600000e+00	9.700000e+00	0.000000e+00	0.000000e+00	0.000000e+00
9.700000e+00	9.800000e+00	0.000000e+00	0.000000e+00	0.000000e+00
9.800000e+00	9.900000e+00	0.000000e+00	0.000000e+00	0.000000e+00
9.900000e+00	1.000000e+01	0.000000e+00	0.000000e+00	0.000000e+00
1.000000e+01	1.010000e+01	0.000000e+00	0.000000e+00	0.000000e+00
1.010000e+01	1.020000e+01	0.000000e+00	0.000000e+00	0.000000e+00
1.020000e+01	1.030000e+01	0.000000e+00	0.000000e+00	0.000000e+00
1.030000e+01	1.040000e+01	0.000000e+00	0.000000e+00	0.000000e+00
1.040000e+01	1.050000e+01	0.000000e+00	0.000000e+00	0.000000e+00
1.050000e+01	1.060000e+01	0.000000e+00	0.000000e+00	0.000000e+00
1.060000e+01	1.070000e+01	0.000000e+00	0.000000e+00	0.000000e+00
1.070000e+01	1.080000e+01	0.000000e+00	0.000000e+00	0.000000e+00
1.080000e+01	1.090000e+01	0.000000e+00	0.000000e+00	0.000000e+00
1.090000e+01	1.100000e+01	0.000000e+00	0.000000e+00	0.000000e+00
1.100000e+01	1.110000e+01	0.000000e+00	0.000000e+00	0.000000e+00
1.110000e+01	1.120000e+01	0.000000e+00	0.000000e+00	0.000000e+00
1.120000e+01	1.130000e+01	0.000000e+00	0.000000e+00	0.000000e+00
1.130000e+01	1.140000e+01	0.000000e+00	0.000000e+00	0.000000e+00
1.140000e+01	1.150000e+01	0.000000e+00	0.000000e+00	0.000000e+00
1.150000e+01	1.160000e+01	0.000000e+00	0.000000e+00	0.000000e+00
1.160000e+01	1.170000e+01	0.000000e+00	0.000000e+00	0.000000e+00
1.170000e+01	1.180000e+01	0.000000e+00	0.000000e+00	0.000000e+00
1.180000e+01	1.190000e+01	0.000000e+00	0.000000e+00	0.000000e+00
1.190000e+01	1.200000e+01	0.000000e+00	0.000000e+00	0.000000e+00
1.200000e+01	1.210000e+01	0.000000e+00	0.000000e+00	0.000000e+00
1.210000e+01	1.220000e+01	0.000000e+00	0.000000e+00	0.000000e+00
1.220000e+01	1.230000e+01	0.000000e+00	0.000000e+00	0.000000e+00
1.230000e+01	1.240000e+01	0.000000e+00	0.000000e+00	0.000000e+00
1.240000e+01	1.250000e+01	0.000000e+00	0.000000e+00	0.000000e+00
1.250000e+01	1.260000e+01	0.000000e+00	0.000000e+00	0.000000e+00
1.260000e+01	1.270000e+01	0.000000e+00	0.000000e+00	0.000000e+00
1.270000e+01	1.280000e+01	0.000000e+00	0.000000e+00	0.000000e+00
1.280000e+01	1.290000e+01	0.000000e+00	0.000000e+00	0.000000e+00
1.290000e+01	1.300000e+01	0.000000e+00	0.000000e+00	0.000000e+00
1.300000e+01	1.310000e+01	0.000000e+00	0.000000e+00	0.000000e+00
1.310000e+01	1.320000e+01	0.000000e+00	0.000000e+00	0.000000e+00
1.320000e+01	1.330000e+01	0.000000e+00	0.000000e+00	0.000000e+00
1.330000e+01	1.340000e+01	0.000000e+00	0.000000e+00	0.000000e+00
1.340000e+01	1.350000e+01	0.000000e+00	0.000000e+00	0.000000e+00
1.350000e+01	1.360000e+01	0.000000e+00	0.000000e+00	0.000000e+00
1.360000e+01	1.370000e+01	0.000000e+00	0.000000e+00	0.000000e+00
1.370000e+01	1.380000e+01	0.000000e+00	0.000000e+00	0.000000e+00
1.380000e+01	1.390000e+01	0.000000e+00	0.000000e+00	0.000000e+00
1.390000e+01	1.400000e+01	0.000000e+00	0.000000e+00	0.000000e+00
1.400000e+01	1.410000e+01	0.000000e+00	0.000000e+00	0.000000e+00
1.410000e+01	1.420000e+01	0.000000e+00	0.000000e+00	0.000000e+00
1.420000e+01	1.430000e+01	0.000000e+00	0.000000e+00	0.000000e+00
1.430000e+01	1.440000e+01	0.000000e+00	0.000000e+00	0.000000e+00
1.440000e+01	1.450000e+01	0.000000e+00	0.000000e+00	0.000000e+00
1.450000e+01	1.460000e+01	0.000000e+00	0.000000e+00	0.000000e+00
1.460000e+01	1.470000e+01	0.000000e+00	0.000000e+00	0.000000e+00
1.470000e+01	1.480000e+01	0.000000e+00	0.000000e+00	0.000000e+00
1.480000e+01	1.490000e+01	0.000000e+00	0.000000e+00	0.000000e+00
1.490000e+01	1.500000e+01	0.000000e+00	0.000000e+00	0.000000e+00
# END HISTO1D

# BEGIN HISTO1D //home/frederic/Work/Software/LesHouches2017/lh2017-alphas/rivet-analysis/gluon-as015015-parton.yoda/MC_LHJSS_Zjet/log_theta_g_zcut_0.1_beta_1_alpha_1
LineColor=green
LineStyle=solid
NormalizeToSum=1
Path=//home/frederic/Work/Software/LesHouches2017/lh2017-alphas/rivet-analysis/gluon-as015015-parton.yoda/MC_LHJSS_Zjet/log_theta_g_zcut_0.1_beta_1_alpha_1
ScaledBy=1.43133185429041716e-05
Title=gluon-as015015-parton
XLabel=
YLabel=
# xlow	 xhigh	 val	 errminus	 errplus
0.000000e+00	1.000000e-01	1.688972e-02	1.554824e-03	1.554824e-03
1.000000e-01	2.000000e-01	8.287411e-02	3.444131e-03	3.444131e-03
2.000000e-01	3.000000e-01	2.484792e-01	5.963692e-03	5.963692e-03
3.000000e-01	4.000000e-01	3.283475e-01	6.855467e-03	6.855467e-03
4.000000e-01	5.000000e-01	3.937594e-01	7.507332e-03	7.507332e-03
5.000000e-01	6.000000e-01	4.186646e-01	7.741110e-03	7.741110e-03
6.000000e-01	7.000000e-01	4.371287e-01	7.909970e-03	7.909970e-03
7.000000e-01	8.000000e-01	4.696200e-01	8.198671e-03	8.198671e-03
8.000000e-01	9.000000e-01	4.711944e-01	8.212403e-03	8.212403e-03
9.000000e-01	1.000000e+00	4.548773e-01	8.068955e-03	8.068955e-03
1.000000e+00	1.100000e+00	4.691906e-01	8.194922e-03	8.194922e-03
1.100000e+00	1.200000e+00	4.830745e-01	8.315287e-03	8.315287e-03
1.200000e+00	1.300000e+00	4.644672e-01	8.153568e-03	8.153568e-03
1.300000e+00	1.400000e+00	4.565949e-01	8.084175e-03	8.084175e-03
1.400000e+00	1.500000e+00	4.584556e-01	8.100630e-03	8.100630e-03
1.500000e+00	1.600000e+00	4.521577e-01	8.044798e-03	8.044798e-03
1.600000e+00	1.700000e+00	4.442854e-01	7.974459e-03	7.974459e-03
1.700000e+00	1.800000e+00	4.338367e-01	7.880129e-03	7.880129e-03
1.800000e+00	1.900000e+00	4.149431e-01	7.706629e-03	7.706629e-03
1.900000e+00	2.000000e+00	3.811637e-01	7.386283e-03	7.386283e-03
2.000000e+00	2.100000e+00	3.768697e-01	7.344560e-03	7.344560e-03
2.100000e+00	2.200000e+00	3.294926e-01	6.867410e-03	6.867410e-03
2.200000e+00	2.300000e+00	2.935662e-01	6.482211e-03	6.482211e-03
2.300000e+00	2.400000e+00	2.563515e-01	6.057426e-03	6.057426e-03
2.400000e+00	2.500000e+00	2.126959e-01	5.517594e-03	5.517594e-03
2.500000e+00	2.600000e+00	1.751950e-01	5.007616e-03	5.007616e-03
2.600000e+00	2.700000e+00	1.422744e-01	4.512670e-03	4.512670e-03
2.700000e+00	2.800000e+00	1.046304e-01	3.869894e-03	3.869894e-03
2.800000e+00	2.900000e+00	8.373291e-02	3.461930e-03	3.461930e-03
2.900000e+00	3.000000e+00	6.226294e-02	2.985279e-03	2.985279e-03
3.000000e+00	3.100000e+00	4.752022e-02	2.608011e-03	2.608011e-03
3.100000e+00	3.200000e+00	3.463823e-02	2.226630e-03	2.226630e-03
3.200000e+00	3.300000e+00	2.576397e-02	1.920333e-03	1.920333e-03
3.300000e+00	3.400000e+00	1.875045e-02	1.638234e-03	1.638234e-03
3.400000e+00	3.500000e+00	1.145065e-02	1.280222e-03	1.280222e-03
3.500000e+00	3.600000e+00	9.589923e-03	1.171595e-03	1.171595e-03
3.600000e+00	3.700000e+00	7.013526e-03	1.001932e-03	1.001932e-03
3.700000e+00	3.800000e+00	5.295928e-03	8.706452e-04	8.706452e-04
3.800000e+00	3.900000e+00	4.007729e-03	7.573896e-04	7.573896e-04
3.900000e+00	4.000000e+00	2.433264e-03	5.901532e-04	5.901532e-04
4.000000e+00	4.100000e+00	2.290131e-03	5.725327e-04	5.725327e-04
4.100000e+00	4.200000e+00	1.717598e-03	4.958279e-04	4.958279e-04
4.200000e+00	4.300000e+00	2.003865e-03	5.355553e-04	5.355553e-04
4.300000e+00	4.400000e+00	5.725327e-04	2.862664e-04	2.862664e-04
4.400000e+00	4.500000e+00	1.145065e-03	4.048418e-04	4.048418e-04
4.500000e+00	4.600000e+00	2.862664e-04	2.024209e-04	2.024209e-04
4.600000e+00	4.700000e+00	7.156659e-04	3.200555e-04	3.200555e-04
4.700000e+00	4.800000e+00	8.587991e-04	3.506033e-04	3.506033e-04
4.800000e+00	4.900000e+00	7.156659e-04	3.200555e-04	3.200555e-04
4.900000e+00	5.000000e+00	0.000000e+00	0.000000e+00	0.000000e+00
5.000000e+00	5.100000e+00	1.431332e-04	1.431332e-04	1.431332e-04
5.100000e+00	5.200000e+00	0.000000e+00	0.000000e+00	0.000000e+00
5.200000e+00	5.300000e+00	2.862664e-04	2.024209e-04	2.024209e-04
5.300000e+00	5.400000e+00	2.862664e-04	2.024209e-04	2.024209e-04
5.400000e+00	5.500000e+00	0.000000e+00	0.000000e+00	0.000000e+00
5.500000e+00	5.600000e+00	1.431332e-04	1.431332e-04	1.431332e-04
5.600000e+00	5.700000e+00	0.000000e+00	0.000000e+00	0.000000e+00
5.700000e+00	5.800000e+00	0.000000e+00	0.000000e+00	0.000000e+00
5.800000e+00	5.900000e+00	0.000000e+00	0.000000e+00	0.000000e+00
5.900000e+00	6.000000e+00	0.000000e+00	0.000000e+00	0.000000e+00
6.000000e+00	6.100000e+00	0.000000e+00	0.000000e+00	0.000000e+00
6.100000e+00	6.200000e+00	0.000000e+00	0.000000e+00	0.000000e+00
6.200000e+00	6.300000e+00	0.000000e+00	0.000000e+00	0.000000e+00
6.300000e+00	6.400000e+00	0.000000e+00	0.000000e+00	0.000000e+00
6.400000e+00	6.500000e+00	0.000000e+00	0.000000e+00	0.000000e+00
6.500000e+00	6.600000e+00	0.000000e+00	0.000000e+00	0.000000e+00
6.600000e+00	6.700000e+00	0.000000e+00	0.000000e+00	0.000000e+00
6.700000e+00	6.800000e+00	0.000000e+00	0.000000e+00	0.000000e+00
6.800000e+00	6.900000e+00	0.000000e+00	0.000000e+00	0.000000e+00
6.900000e+00	7.000000e+00	0.000000e+00	0.000000e+00	0.000000e+00
7.000000e+00	7.100000e+00	0.000000e+00	0.000000e+00	0.000000e+00
7.100000e+00	7.200000e+00	0.000000e+00	0.000000e+00	0.000000e+00
7.200000e+00	7.300000e+00	0.000000e+00	0.000000e+00	0.000000e+00
7.300000e+00	7.400000e+00	0.000000e+00	0.000000e+00	0.000000e+00
7.400000e+00	7.500000e+00	0.000000e+00	0.000000e+00	0.000000e+00
7.500000e+00	7.600000e+00	0.000000e+00	0.000000e+00	0.000000e+00
7.600000e+00	7.700000e+00	0.000000e+00	0.000000e+00	0.000000e+00
7.700000e+00	7.800000e+00	0.000000e+00	0.000000e+00	0.000000e+00
7.800000e+00	7.900000e+00	0.000000e+00	0.000000e+00	0.000000e+00
7.900000e+00	8.000000e+00	0.000000e+00	0.000000e+00	0.000000e+00
8.000000e+00	8.100000e+00	0.000000e+00	0.000000e+00	0.000000e+00
8.100000e+00	8.200000e+00	0.000000e+00	0.000000e+00	0.000000e+00
8.200000e+00	8.300000e+00	0.000000e+00	0.000000e+00	0.000000e+00
8.300000e+00	8.400000e+00	0.000000e+00	0.000000e+00	0.000000e+00
8.400000e+00	8.500000e+00	0.000000e+00	0.000000e+00	0.000000e+00
8.500000e+00	8.600000e+00	0.000000e+00	0.000000e+00	0.000000e+00
8.600000e+00	8.700000e+00	0.000000e+00	0.000000e+00	0.000000e+00
8.700000e+00	8.800000e+00	0.000000e+00	0.000000e+00	0.000000e+00
8.800000e+00	8.900000e+00	0.000000e+00	0.000000e+00	0.000000e+00
8.900000e+00	9.000000e+00	0.000000e+00	0.000000e+00	0.000000e+00
9.000000e+00	9.100000e+00	0.000000e+00	0.000000e+00	0.000000e+00
9.100000e+00	9.200000e+00	0.000000e+00	0.000000e+00	0.000000e+00
9.200000e+00	9.300000e+00	0.000000e+00	0.000000e+00	0.000000e+00
9.300000e+00	9.400000e+00	0.000000e+00	0.000000e+00	0.000000e+00
9.400000e+00	9.500000e+00	0.000000e+00	0.000000e+00	0.000000e+00
9.500000e+00	9.600000e+00	0.000000e+00	0.000000e+00	0.000000e+00
9.600000e+00	9.700000e+00	0.000000e+00	0.000000e+00	0.000000e+00
9.700000e+00	9.800000e+00	0.000000e+00	0.000000e+00	0.000000e+00
9.800000e+00	9.900000e+00	0.000000e+00	0.000000e+00	0.000000e+00
9.900000e+00	1.000000e+01	0.000000e+00	0.000000e+00	0.000000e+00
1.000000e+01	1.010000e+01	0.000000e+00	0.000000e+00	0.000000e+00
1.010000e+01	1.020000e+01	0.000000e+00	0.000000e+00	0.000000e+00
1.020000e+01	1.030000e+01	0.000000e+00	0.000000e+00	0.000000e+00
1.030000e+01	1.040000e+01	0.000000e+00	0.000000e+00	0.000000e+00
1.040000e+01	1.050000e+01	0.000000e+00	0.000000e+00	0.000000e+00
1.050000e+01	1.060000e+01	0.000000e+00	0.000000e+00	0.000000e+00
1.060000e+01	1.070000e+01	0.000000e+00	0.000000e+00	0.000000e+00
1.070000e+01	1.080000e+01	0.000000e+00	0.000000e+00	0.000000e+00
1.080000e+01	1.090000e+01	0.000000e+00	0.000000e+00	0.000000e+00
1.090000e+01	1.100000e+01	0.000000e+00	0.000000e+00	0.000000e+00
1.100000e+01	1.110000e+01	0.000000e+00	0.000000e+00	0.000000e+00
1.110000e+01	1.120000e+01	0.000000e+00	0.000000e+00	0.000000e+00
1.120000e+01	1.130000e+01	0.000000e+00	0.000000e+00	0.000000e+00
1.130000e+01	1.140000e+01	0.000000e+00	0.000000e+00	0.000000e+00
1.140000e+01	1.150000e+01	0.000000e+00	0.000000e+00	0.000000e+00
1.150000e+01	1.160000e+01	0.000000e+00	0.000000e+00	0.000000e+00
1.160000e+01	1.170000e+01	0.000000e+00	0.000000e+00	0.000000e+00
1.170000e+01	1.180000e+01	0.000000e+00	0.000000e+00	0.000000e+00
1.180000e+01	1.190000e+01	0.000000e+00	0.000000e+00	0.000000e+00
1.190000e+01	1.200000e+01	0.000000e+00	0.000000e+00	0.000000e+00
1.200000e+01	1.210000e+01	0.000000e+00	0.000000e+00	0.000000e+00
1.210000e+01	1.220000e+01	0.000000e+00	0.000000e+00	0.000000e+00
1.220000e+01	1.230000e+01	0.000000e+00	0.000000e+00	0.000000e+00
1.230000e+01	1.240000e+01	0.000000e+00	0.000000e+00	0.000000e+00
1.240000e+01	1.250000e+01	0.000000e+00	0.000000e+00	0.000000e+00
1.250000e+01	1.260000e+01	0.000000e+00	0.000000e+00	0.000000e+00
1.260000e+01	1.270000e+01	0.000000e+00	0.000000e+00	0.000000e+00
1.270000e+01	1.280000e+01	0.000000e+00	0.000000e+00	0.000000e+00
1.280000e+01	1.290000e+01	0.000000e+00	0.000000e+00	0.000000e+00
1.290000e+01	1.300000e+01	0.000000e+00	0.000000e+00	0.000000e+00
1.300000e+01	1.310000e+01	0.000000e+00	0.000000e+00	0.000000e+00
1.310000e+01	1.320000e+01	0.000000e+00	0.000000e+00	0.000000e+00
1.320000e+01	1.330000e+01	0.000000e+00	0.000000e+00	0.000000e+00
1.330000e+01	1.340000e+01	0.000000e+00	0.000000e+00	0.000000e+00
1.340000e+01	1.350000e+01	0.000000e+00	0.000000e+00	0.000000e+00
1.350000e+01	1.360000e+01	0.000000e+00	0.000000e+00	0.000000e+00
1.360000e+01	1.370000e+01	0.000000e+00	0.000000e+00	0.000000e+00
1.370000e+01	1.380000e+01	0.000000e+00	0.000000e+00	0.000000e+00
1.380000e+01	1.390000e+01	0.000000e+00	0.000000e+00	0.000000e+00
1.390000e+01	1.400000e+01	0.000000e+00	0.000000e+00	0.000000e+00
1.400000e+01	1.410000e+01	0.000000e+00	0.000000e+00	0.000000e+00
1.410000e+01	1.420000e+01	0.000000e+00	0.000000e+00	0.000000e+00
1.420000e+01	1.430000e+01	0.000000e+00	0.000000e+00	0.000000e+00
1.430000e+01	1.440000e+01	0.000000e+00	0.000000e+00	0.000000e+00
1.440000e+01	1.450000e+01	0.000000e+00	0.000000e+00	0.000000e+00
1.450000e+01	1.460000e+01	0.000000e+00	0.000000e+00	0.000000e+00
1.460000e+01	1.470000e+01	0.000000e+00	0.000000e+00	0.000000e+00
1.470000e+01	1.480000e+01	0.000000e+00	0.000000e+00	0.000000e+00
1.480000e+01	1.490000e+01	0.000000e+00	0.000000e+00	0.000000e+00
1.490000e+01	1.500000e+01	0.000000e+00	0.000000e+00	0.000000e+00
# END HISTO1D

