# BEGIN PLOT
RatioPlotYLabel=Ratio
LegendOnly=//home/frederic/Work/Software/LesHouches2017/lh2017-alphas/pythia-alphas/robustness/quark-as013650-as012285-truth.yoda/MC_LHJSS_Zjet/Angularity_zcut_0.2_beta_1_alpha_2 //home/frederic/Work/Software/LesHouches2017/lh2017-alphas/pythia-alphas/robustness/quark-as013650-as015015-truth.yoda/MC_LHJSS_Zjet/Angularity_zcut_0.2_beta_1_alpha_2 //home/frederic/Work/Software/LesHouches2017/lh2017-alphas/pythia-alphas/robustness/as013650-quark-robustness.yoda/MC_LHJSS_Zjet/Angularity_zcut_0.2_beta_1_alpha_2
XLabel=$e_\alpha$
RatioPlotReference=//home/frederic/Work/Software/LesHouches2017/lh2017-alphas/pythia-alphas/robustness/quark-as013650-as012285-truth.yoda/MC_LHJSS_Zjet/Angularity_zcut_0.2_beta_1_alpha_2
YLabel=$1/\sigma \text{d}\sigma/\text{d}e_{\alpha}$
DrawOnly=//home/frederic/Work/Software/LesHouches2017/lh2017-alphas/pythia-alphas/robustness/quark-as013650-as012285-truth.yoda/MC_LHJSS_Zjet/Angularity_zcut_0.2_beta_1_alpha_2 //home/frederic/Work/Software/LesHouches2017/lh2017-alphas/pythia-alphas/robustness/quark-as013650-as015015-truth.yoda/MC_LHJSS_Zjet/Angularity_zcut_0.2_beta_1_alpha_2 //home/frederic/Work/Software/LesHouches2017/lh2017-alphas/pythia-alphas/robustness/as013650-quark-robustness.yoda/MC_LHJSS_Zjet/Angularity_zcut_0.2_beta_1_alpha_2
RatioPlot=1
Title=Angularity, $\alpha$ = 2 $z_{cut}$ = 0.2 $\beta$ = 1
Legend=1
LogY=0
# END PLOT

# BEGIN HISTO1D //home/frederic/Work/Software/LesHouches2017/lh2017-alphas/pythia-alphas/robustness/quark-as013650-as012285-truth.yoda/MC_LHJSS_Zjet/Angularity_zcut_0.2_beta_1_alpha_2
LineColor=red
LineStyle=solid
NormalizeToSum=1
Path=//home/frederic/Work/Software/LesHouches2017/lh2017-alphas/pythia-alphas/robustness/quark-as013650-as012285-truth.yoda/MC_LHJSS_Zjet/Angularity_zcut_0.2_beta_1_alpha_2
ScaledBy=1.0
Title=quark-as013650-as012285-truth
XLabel=
YLabel=
# xlow	 xhigh	 val	 errminus	 errplus
0.000000e+00	1.000000e-02	1.400880e-02	2.122460e-02	2.122460e-02
1.000000e-02	2.000000e-02	2.077431e-02	2.581650e-02	2.581650e-02
2.000000e-02	3.000000e-02	1.675265e-04	2.321154e-03	2.321154e-03
3.000000e-02	4.000000e-02	6.917081e-06	4.716621e-04	4.716621e-04
4.000000e-02	5.000000e-02	3.655137e-02	3.404843e-02	3.404843e-02
5.000000e-02	6.000000e-02	2.091336e-02	2.573832e-02	2.573832e-02
6.000000e-02	7.000000e-02	2.467316e-02	2.794083e-02	2.794083e-02
7.000000e-02	8.000000e-02	4.169496e-04	3.661329e-03	3.661329e-03
8.000000e-02	9.000000e-02	2.704212e-03	9.313759e-03	9.313759e-03
9.000000e-02	1.000000e-01	9.549409e-03	1.744373e-02	1.744373e-02
1.000000e-01	1.100000e-01	9.323136e-04	5.472618e-03	5.472618e-03
1.100000e-01	1.200000e-01	8.695749e-03	1.662073e-02	1.662073e-02
1.200000e-01	1.300000e-01	5.877145e-03	1.368097e-02	1.368097e-02
1.300000e-01	1.400000e-01	2.384024e-03	8.739302e-03	8.739302e-03
1.400000e-01	1.500000e-01	9.333252e-03	1.718543e-02	1.718543e-02
1.500000e-01	1.600000e-01	2.396102e-03	8.759199e-03	8.759199e-03
1.600000e-01	1.700000e-01	2.593215e-05	9.132299e-04	9.132299e-04
1.700000e-01	1.800000e-01	3.519657e-02	3.207242e-02	3.207242e-02
1.800000e-01	1.900000e-01	6.655450e-03	1.451621e-02	1.451621e-02
1.900000e-01	2.000000e-01	1.097825e-02	1.853314e-02	1.853314e-02
2.000000e-01	2.100000e-01	2.926087e-03	9.659724e-03	9.659724e-03
2.100000e-01	2.200000e-01	4.939810e-03	1.250339e-02	1.250339e-02
2.200000e-01	2.300000e-01	1.928103e-03	7.844531e-03	7.844531e-03
2.300000e-01	2.400000e-01	6.286137e-03	1.405161e-02	1.405161e-02
2.400000e-01	2.500000e-01	2.104327e-03	8.193381e-03	8.193381e-03
2.500000e-01	2.600000e-01	2.073577e-02	2.407367e-02	2.407367e-02
2.600000e-01	2.700000e-01	1.068747e-02	1.807616e-02	1.807616e-02
2.700000e-01	2.800000e-01	1.576253e-02	2.155681e-02	2.155681e-02
2.800000e-01	2.900000e-01	5.061055e-03	1.263918e-02	1.263918e-02
2.900000e-01	3.000000e-01	4.466154e-03	1.185705e-02	1.185705e-02
3.000000e-01	3.100000e-01	1.727629e-02	2.273654e-02	2.273654e-02
3.100000e-01	3.200000e-01	7.296746e-03	1.499131e-02	1.499131e-02
3.200000e-01	3.300000e-01	3.169392e-03	9.903041e-03	9.903041e-03
3.300000e-01	3.400000e-01	1.790343e-02	2.298544e-02	2.298544e-02
3.400000e-01	3.500000e-01	3.240445e-02	2.993485e-02	2.993485e-02
3.500000e-01	3.600000e-01	3.743602e-03	1.079607e-02	1.079607e-02
3.600000e-01	3.700000e-01	1.974803e-03	7.870542e-03	7.870542e-03
3.700000e-01	3.800000e-01	7.367448e-03	1.498650e-02	1.498650e-02
3.800000e-01	3.900000e-01	2.379077e-03	8.660666e-03	8.660666e-03
3.900000e-01	4.000000e-01	1.871803e-03	7.633976e-03	7.633976e-03
4.000000e-01	4.100000e-01	1.035651e-02	1.734371e-02	1.734371e-02
4.100000e-01	4.200000e-01	5.758764e-03	1.312695e-02	1.312695e-02
4.200000e-01	4.300000e-01	1.018240e-03	5.691263e-03	5.691263e-03
4.300000e-01	4.400000e-01	1.919587e-03	7.578846e-03	7.578846e-03
4.400000e-01	4.500000e-01	8.527861e-03	1.564535e-02	1.564535e-02
4.500000e-01	4.600000e-01	9.977385e-03	5.760445e-03	5.760445e-03
4.600000e-01	4.700000e-01	1.152769e-05	6.087919e-04	6.087919e-04
4.700000e-01	4.800000e-01	3.394130e-04	3.285850e-03	3.285850e-03
4.800000e-01	4.900000e-01	1.662897e-02	7.436703e-03	7.436703e-03
4.900000e-01	5.000000e-01	1.275510e-02	1.275510e-02	1.275510e-02
5.000000e-01	5.100000e-01	6.651590e-03	4.703384e-03	4.703384e-03
5.100000e-01	5.200000e-01	1.919587e-03	7.578846e-03	7.578846e-03
5.200000e-01	5.300000e-01	3.325795e-03	3.325795e-03	3.325795e-03
5.300000e-01	5.400000e-01	0.000000e+00	0.000000e+00	0.000000e+00
5.400000e-01	5.500000e-01	0.000000e+00	0.000000e+00	0.000000e+00
5.500000e-01	5.600000e-01	0.000000e+00	0.000000e+00	0.000000e+00
5.600000e-01	5.700000e-01	1.706714e-02	1.849019e-02	1.849019e-02
5.700000e-01	5.800000e-01	3.325795e-03	3.325795e-03	3.325795e-03
5.800000e-01	5.900000e-01	3.325795e-03	3.325795e-03	3.325795e-03
5.900000e-01	6.000000e-01	0.000000e+00	0.000000e+00	0.000000e+00
6.000000e-01	6.100000e-01	0.000000e+00	0.000000e+00	0.000000e+00
6.100000e-01	6.200000e-01	3.325795e-03	3.325795e-03	3.325795e-03
6.200000e-01	6.300000e-01	0.000000e+00	0.000000e+00	0.000000e+00
6.300000e-01	6.400000e-01	0.000000e+00	0.000000e+00	0.000000e+00
6.400000e-01	6.500000e-01	0.000000e+00	0.000000e+00	0.000000e+00
6.500000e-01	6.600000e-01	0.000000e+00	0.000000e+00	0.000000e+00
6.600000e-01	6.700000e-01	0.000000e+00	0.000000e+00	0.000000e+00
6.700000e-01	6.800000e-01	0.000000e+00	0.000000e+00	0.000000e+00
6.800000e-01	6.900000e-01	0.000000e+00	0.000000e+00	0.000000e+00
6.900000e-01	7.000000e-01	3.325795e-03	3.325795e-03	3.325795e-03
7.000000e-01	7.100000e-01	0.000000e+00	0.000000e+00	0.000000e+00
7.100000e-01	7.200000e-01	0.000000e+00	0.000000e+00	0.000000e+00
7.200000e-01	7.300000e-01	0.000000e+00	0.000000e+00	0.000000e+00
7.300000e-01	7.400000e-01	0.000000e+00	0.000000e+00	0.000000e+00
7.400000e-01	7.500000e-01	3.325795e-03	3.325795e-03	3.325795e-03
7.500000e-01	7.600000e-01	0.000000e+00	0.000000e+00	0.000000e+00
7.600000e-01	7.700000e-01	0.000000e+00	0.000000e+00	0.000000e+00
7.700000e-01	7.800000e-01	0.000000e+00	0.000000e+00	0.000000e+00
7.800000e-01	7.900000e-01	0.000000e+00	0.000000e+00	0.000000e+00
7.900000e-01	8.000000e-01	0.000000e+00	0.000000e+00	0.000000e+00
8.000000e-01	8.100000e-01	0.000000e+00	0.000000e+00	0.000000e+00
8.100000e-01	8.200000e-01	0.000000e+00	0.000000e+00	0.000000e+00
8.200000e-01	8.300000e-01	0.000000e+00	0.000000e+00	0.000000e+00
8.300000e-01	8.400000e-01	0.000000e+00	0.000000e+00	0.000000e+00
8.400000e-01	8.500000e-01	0.000000e+00	0.000000e+00	0.000000e+00
8.500000e-01	8.600000e-01	0.000000e+00	0.000000e+00	0.000000e+00
8.600000e-01	8.700000e-01	0.000000e+00	0.000000e+00	0.000000e+00
8.700000e-01	8.800000e-01	0.000000e+00	0.000000e+00	0.000000e+00
8.800000e-01	8.900000e-01	0.000000e+00	0.000000e+00	0.000000e+00
8.900000e-01	9.000000e-01	0.000000e+00	0.000000e+00	0.000000e+00
9.000000e-01	9.100000e-01	0.000000e+00	0.000000e+00	0.000000e+00
9.100000e-01	9.200000e-01	0.000000e+00	0.000000e+00	0.000000e+00
9.200000e-01	9.300000e-01	0.000000e+00	0.000000e+00	0.000000e+00
9.300000e-01	9.400000e-01	0.000000e+00	0.000000e+00	0.000000e+00
9.400000e-01	9.500000e-01	0.000000e+00	0.000000e+00	0.000000e+00
9.500000e-01	9.600000e-01	0.000000e+00	0.000000e+00	0.000000e+00
9.600000e-01	9.700000e-01	0.000000e+00	0.000000e+00	0.000000e+00
9.700000e-01	9.800000e-01	0.000000e+00	0.000000e+00	0.000000e+00
9.800000e-01	9.900000e-01	0.000000e+00	0.000000e+00	0.000000e+00
9.900000e-01	1.000000e+00	0.000000e+00	0.000000e+00	0.000000e+00
# END HISTO1D

# BEGIN HISTO1D //home/frederic/Work/Software/LesHouches2017/lh2017-alphas/pythia-alphas/robustness/quark-as013650-as015015-truth.yoda/MC_LHJSS_Zjet/Angularity_zcut_0.2_beta_1_alpha_2
LineColor=blue
LineStyle=solid
NormalizeToSum=1
Path=//home/frederic/Work/Software/LesHouches2017/lh2017-alphas/pythia-alphas/robustness/quark-as013650-as015015-truth.yoda/MC_LHJSS_Zjet/Angularity_zcut_0.2_beta_1_alpha_2
ScaledBy=1.0
Title=quark-as013650-as015015-truth
XLabel=
YLabel=
# xlow	 xhigh	 val	 errminus	 errplus
0.000000e+00	1.000000e-02	2.765119e-02	2.962156e-02	2.962156e-02
1.000000e-02	2.000000e-02	8.553440e-03	1.646946e-02	1.646946e-02
2.000000e-02	3.000000e-02	4.863559e-03	1.241846e-02	1.241846e-02
3.000000e-02	4.000000e-02	1.809875e-02	2.389934e-02	2.389934e-02
4.000000e-02	5.000000e-02	1.244455e-02	1.982992e-02	1.982992e-02
5.000000e-02	6.000000e-02	6.004628e-02	4.278122e-02	4.278122e-02
6.000000e-02	7.000000e-02	1.021183e-02	1.795351e-02	1.795351e-02
7.000000e-02	8.000000e-02	4.058294e-03	1.133236e-02	1.133236e-02
8.000000e-02	9.000000e-02	1.085584e-04	1.856196e-03	1.856196e-03
9.000000e-02	1.000000e-01	3.598727e-03	1.066974e-02	1.066974e-02
1.000000e-01	1.100000e-01	2.419298e-03	8.750760e-03	8.750760e-03
1.100000e-01	1.200000e-01	2.391856e-04	2.754964e-03	2.754964e-03
1.200000e-01	1.300000e-01	2.240435e-02	2.621061e-02	2.621061e-02
1.300000e-01	1.400000e-01	1.284201e-03	6.378461e-03	6.378461e-03
1.400000e-01	1.500000e-01	5.344749e-03	1.297543e-02	1.297543e-02
1.500000e-01	1.600000e-01	7.615861e-03	1.544414e-02	1.544414e-02
1.600000e-01	1.700000e-01	9.910896e-04	5.604092e-03	5.604092e-03
1.700000e-01	1.800000e-01	6.585475e-02	4.214812e-02	4.214812e-02
1.800000e-01	1.900000e-01	5.256991e-04	4.082584e-03	4.082584e-03
1.900000e-01	2.000000e-01	1.301639e-03	6.416131e-03	6.416131e-03
2.000000e-01	2.100000e-01	3.731627e-05	1.088281e-03	1.088281e-03
2.100000e-01	2.200000e-01	1.621626e-02	2.214540e-02	2.214540e-02
2.200000e-01	2.300000e-01	2.874626e-03	9.506286e-03	9.506286e-03
2.300000e-01	2.400000e-01	6.208599e-03	1.391312e-02	1.391312e-02
2.400000e-01	2.500000e-01	5.838593e-03	1.346867e-02	1.346867e-02
2.500000e-01	2.600000e-01	6.593975e-02	3.841601e-02	3.841601e-02
2.600000e-01	2.700000e-01	2.050832e-03	8.024232e-03	8.024232e-03
2.700000e-01	2.800000e-01	1.572300e-02	2.138859e-02	2.138859e-02
2.800000e-01	2.900000e-01	1.062296e-03	5.796155e-03	5.796155e-03
2.900000e-01	3.000000e-01	6.097029e-03	1.370450e-02	1.370450e-02
3.000000e-01	3.100000e-01	5.830811e-03	1.345695e-02	1.345695e-02
3.100000e-01	3.200000e-01	3.153217e-03	9.917595e-03	9.917595e-03
3.200000e-01	3.300000e-01	1.339699e-02	1.925458e-02	1.925458e-02
3.300000e-01	3.400000e-01	1.335821e-02	1.996811e-02	1.996811e-02
3.400000e-01	3.500000e-01	1.555229e-02	2.151958e-02	2.151958e-02
3.500000e-01	3.600000e-01	9.487550e-03	1.687685e-02	1.687685e-02
3.600000e-01	3.700000e-01	3.405333e-03	1.018412e-02	1.018412e-02
3.700000e-01	3.800000e-01	1.701614e-02	2.166328e-02	2.166328e-02
3.800000e-01	3.900000e-01	4.801510e-03	1.208533e-02	1.208533e-02
3.900000e-01	4.000000e-01	1.284196e-03	6.331359e-03	6.331359e-03
4.000000e-01	4.100000e-01	8.966391e-03	1.616041e-02	1.616041e-02
4.100000e-01	4.200000e-01	7.279364e-04	4.788305e-03	4.788305e-03
4.200000e-01	4.300000e-01	7.279364e-04	4.788305e-03	4.788305e-03
4.300000e-01	4.400000e-01	2.371885e-03	8.438423e-03	8.438423e-03
4.400000e-01	4.500000e-01	9.559206e-03	1.632387e-02	1.632387e-02
4.500000e-01	4.600000e-01	2.180957e-02	8.243243e-03	8.243243e-03
4.600000e-01	4.700000e-01	2.241599e-03	8.080205e-03	8.080205e-03
4.700000e-01	4.800000e-01	3.392473e-06	3.281332e-04	3.281332e-04
4.800000e-01	4.900000e-01	1.246261e-02	6.231306e-03	6.231306e-03
4.900000e-01	5.000000e-01	2.241599e-03	8.080205e-03	8.080205e-03
5.000000e-01	5.100000e-01	9.346960e-03	5.396469e-03	5.396469e-03
5.100000e-01	5.200000e-01	2.241599e-03	8.080205e-03	8.080205e-03
5.200000e-01	5.300000e-01	3.115653e-03	3.115653e-03	3.115653e-03
5.300000e-01	5.400000e-01	1.246261e-02	6.231306e-03	6.231306e-03
5.400000e-01	5.500000e-01	0.000000e+00	0.000000e+00	0.000000e+00
5.500000e-01	5.600000e-01	9.346960e-03	5.396469e-03	5.396469e-03
5.600000e-01	5.700000e-01	2.551021e-02	1.803844e-02	1.803844e-02
5.700000e-01	5.800000e-01	0.000000e+00	0.000000e+00	0.000000e+00
5.800000e-01	5.900000e-01	0.000000e+00	0.000000e+00	0.000000e+00
5.900000e-01	6.000000e-01	0.000000e+00	0.000000e+00	0.000000e+00
6.000000e-01	6.100000e-01	3.115653e-03	3.115653e-03	3.115653e-03
6.100000e-01	6.200000e-01	0.000000e+00	0.000000e+00	0.000000e+00
6.200000e-01	6.300000e-01	3.115653e-03	3.115653e-03	3.115653e-03
6.300000e-01	6.400000e-01	0.000000e+00	0.000000e+00	0.000000e+00
6.400000e-01	6.500000e-01	0.000000e+00	0.000000e+00	0.000000e+00
6.500000e-01	6.600000e-01	0.000000e+00	0.000000e+00	0.000000e+00
6.600000e-01	6.700000e-01	0.000000e+00	0.000000e+00	0.000000e+00
6.700000e-01	6.800000e-01	0.000000e+00	0.000000e+00	0.000000e+00
6.800000e-01	6.900000e-01	0.000000e+00	0.000000e+00	0.000000e+00
6.900000e-01	7.000000e-01	0.000000e+00	0.000000e+00	0.000000e+00
7.000000e-01	7.100000e-01	0.000000e+00	0.000000e+00	0.000000e+00
7.100000e-01	7.200000e-01	0.000000e+00	0.000000e+00	0.000000e+00
7.200000e-01	7.300000e-01	0.000000e+00	0.000000e+00	0.000000e+00
7.300000e-01	7.400000e-01	3.115653e-03	3.115653e-03	3.115653e-03
7.400000e-01	7.500000e-01	0.000000e+00	0.000000e+00	0.000000e+00
7.500000e-01	7.600000e-01	0.000000e+00	0.000000e+00	0.000000e+00
7.600000e-01	7.700000e-01	0.000000e+00	0.000000e+00	0.000000e+00
7.700000e-01	7.800000e-01	0.000000e+00	0.000000e+00	0.000000e+00
7.800000e-01	7.900000e-01	0.000000e+00	0.000000e+00	0.000000e+00
7.900000e-01	8.000000e-01	0.000000e+00	0.000000e+00	0.000000e+00
8.000000e-01	8.100000e-01	0.000000e+00	0.000000e+00	0.000000e+00
8.100000e-01	8.200000e-01	0.000000e+00	0.000000e+00	0.000000e+00
8.200000e-01	8.300000e-01	0.000000e+00	0.000000e+00	0.000000e+00
8.300000e-01	8.400000e-01	0.000000e+00	0.000000e+00	0.000000e+00
8.400000e-01	8.500000e-01	0.000000e+00	0.000000e+00	0.000000e+00
8.500000e-01	8.600000e-01	0.000000e+00	0.000000e+00	0.000000e+00
8.600000e-01	8.700000e-01	0.000000e+00	0.000000e+00	0.000000e+00
8.700000e-01	8.800000e-01	0.000000e+00	0.000000e+00	0.000000e+00
8.800000e-01	8.900000e-01	0.000000e+00	0.000000e+00	0.000000e+00
8.900000e-01	9.000000e-01	0.000000e+00	0.000000e+00	0.000000e+00
9.000000e-01	9.100000e-01	0.000000e+00	0.000000e+00	0.000000e+00
9.100000e-01	9.200000e-01	0.000000e+00	0.000000e+00	0.000000e+00
9.200000e-01	9.300000e-01	0.000000e+00	0.000000e+00	0.000000e+00
9.300000e-01	9.400000e-01	0.000000e+00	0.000000e+00	0.000000e+00
9.400000e-01	9.500000e-01	0.000000e+00	0.000000e+00	0.000000e+00
9.500000e-01	9.600000e-01	0.000000e+00	0.000000e+00	0.000000e+00
9.600000e-01	9.700000e-01	0.000000e+00	0.000000e+00	0.000000e+00
9.700000e-01	9.800000e-01	0.000000e+00	0.000000e+00	0.000000e+00
9.800000e-01	9.900000e-01	0.000000e+00	0.000000e+00	0.000000e+00
9.900000e-01	1.000000e+00	0.000000e+00	0.000000e+00	0.000000e+00
# END HISTO1D

# BEGIN HISTO1D //home/frederic/Work/Software/LesHouches2017/lh2017-alphas/pythia-alphas/robustness/as013650-quark-robustness.yoda/MC_LHJSS_Zjet/Angularity_zcut_0.2_beta_1_alpha_2
LineColor=green
LineStyle=solid
NormalizeToSum=1
Path=//home/frederic/Work/Software/LesHouches2017/lh2017-alphas/pythia-alphas/robustness/as013650-quark-robustness.yoda/MC_LHJSS_Zjet/Angularity_zcut_0.2_beta_1_alpha_2
ScaledBy=1.0
Title=as013650-quark-robustness
XLabel=
YLabel=
# xlow	 xhigh	 val	 errminus	 errplus
0.000000e+00	1.000000e-02	1.829186e-03	6.895566e-03	6.895566e-03
1.000000e-02	2.000000e-02	1.160985e-03	5.493259e-03	5.493259e-03
2.000000e-02	3.000000e-02	1.853626e-03	6.940164e-03	6.940164e-03
3.000000e-02	4.000000e-02	9.182673e-03	1.542683e-02	1.542683e-02
4.000000e-02	5.000000e-02	2.354172e-02	2.463120e-02	2.463120e-02
5.000000e-02	6.000000e-02	4.942329e-02	3.522628e-02	3.522628e-02
6.000000e-02	7.000000e-02	2.325769e-03	7.770029e-03	7.770029e-03
7.000000e-02	8.000000e-02	8.711063e-04	4.757002e-03	4.757002e-03
8.000000e-02	9.000000e-02	3.093351e-04	2.835299e-03	2.835299e-03
9.000000e-02	1.000000e-01	2.030532e-03	7.258446e-03	7.258446e-03
1.000000e-01	1.100000e-01	1.545986e-03	6.333593e-03	6.333593e-03
1.100000e-01	1.200000e-01	1.526522e-07	6.299360e-05	6.299360e-05
1.200000e-01	1.300000e-01	1.460802e-02	1.925698e-02	1.925698e-02
1.300000e-01	1.400000e-01	1.479568e-04	1.960936e-03	1.960936e-03
1.400000e-01	1.500000e-01	4.164699e-04	3.289229e-03	3.289229e-03
1.500000e-01	1.600000e-01	2.855704e-04	2.723844e-03	2.723844e-03
1.600000e-01	1.700000e-01	2.364420e-03	7.823950e-03	7.823950e-03
1.700000e-01	1.800000e-01	2.395441e-02	2.408529e-02	2.408529e-02
1.800000e-01	1.900000e-01	1.546855e-05	6.341072e-04	6.341072e-04
1.900000e-01	2.000000e-01	2.737607e-03	8.404249e-03	8.404249e-03
2.000000e-01	2.100000e-01	4.650936e-05	1.099482e-03	1.099482e-03
2.100000e-01	2.200000e-01	3.861658e-03	9.954448e-03	9.954448e-03
2.200000e-01	2.300000e-01	2.479266e-03	7.994061e-03	7.994061e-03
2.300000e-01	2.400000e-01	5.370660e-06	3.736415e-04	3.736415e-04
2.400000e-01	2.500000e-01	1.265049e-03	5.720156e-03	5.720156e-03
2.500000e-01	2.600000e-01	2.797996e-02	2.452737e-02	2.452737e-02
2.600000e-01	2.700000e-01	4.375976e-03	1.054462e-02	1.054462e-02
2.700000e-01	2.800000e-01	7.387686e-03	1.354499e-02	1.354499e-02
2.800000e-01	2.900000e-01	9.081680e-03	1.510425e-02	1.510425e-02
2.900000e-01	3.000000e-01	1.259850e-03	5.706719e-03	5.706719e-03
3.000000e-01	3.100000e-01	1.191294e-02	1.719852e-02	1.719852e-02
3.100000e-01	3.200000e-01	3.515183e-03	9.467951e-03	9.467951e-03
3.200000e-01	3.300000e-01	1.169836e-02	1.635888e-02	1.635888e-02
3.300000e-01	3.400000e-01	1.562632e-02	1.945772e-02	1.945772e-02
3.400000e-01	3.500000e-01	3.250136e-02	2.708251e-02	2.708251e-02
3.500000e-01	3.600000e-01	9.382246e-04	4.920369e-03	4.920369e-03
3.600000e-01	3.700000e-01	1.902922e-03	6.947029e-03	6.947029e-03
3.700000e-01	3.800000e-01	9.283642e-03	1.502653e-02	1.502653e-02
3.800000e-01	3.900000e-01	4.358938e-03	1.044876e-02	1.044876e-02
3.900000e-01	4.000000e-01	3.722156e-05	9.833896e-04	9.833896e-04
4.000000e-01	4.100000e-01	8.360477e-03	1.419327e-02	1.419327e-02
4.100000e-01	4.200000e-01	1.715035e-03	6.614924e-03	6.614924e-03
4.200000e-01	4.300000e-01	3.787654e-03	9.708805e-03	9.708805e-03
4.300000e-01	4.400000e-01	1.747305e-03	6.594799e-03	6.594799e-03
4.400000e-01	4.500000e-01	9.378698e-03	1.470712e-02	1.470712e-02
4.500000e-01	4.600000e-01	1.260508e-02	1.748010e-03	1.748010e-03
4.600000e-01	4.700000e-01	6.345415e-05	1.283167e-03	1.283167e-03
4.700000e-01	4.800000e-01	1.089734e-03	5.224382e-03	5.224382e-03
4.800000e-01	4.900000e-01	9.453810e-03	1.513821e-03	1.513821e-03
4.900000e-01	5.000000e-01	1.998235e-03	6.951770e-03	6.951770e-03
5.000000e-01	5.100000e-01	6.060135e-03	1.212027e-03	1.212027e-03
5.100000e-01	5.200000e-01	3.825437e-03	9.245746e-03	9.245746e-03
5.200000e-01	5.300000e-01	4.363298e-03	1.028439e-03	1.028439e-03
5.300000e-01	5.400000e-01	4.120892e-03	9.994632e-04	9.994632e-04
5.400000e-01	5.500000e-01	1.454432e-03	5.937697e-04	5.937697e-04
5.500000e-01	5.600000e-01	1.939243e-03	6.856262e-04	6.856262e-04
5.600000e-01	5.700000e-01	1.852017e-02	1.748849e-02	1.748849e-02
5.700000e-01	5.800000e-01	1.939243e-03	6.856262e-04	6.856262e-04
5.800000e-01	5.900000e-01	1.212027e-03	5.420351e-04	5.420351e-04
5.900000e-01	6.000000e-01	2.424054e-03	7.665533e-04	7.665533e-04
6.000000e-01	6.100000e-01	9.696220e-04	4.848109e-04	4.848109e-04
6.100000e-01	6.200000e-01	1.212027e-03	5.420351e-04	5.420351e-04
6.200000e-01	6.300000e-01	9.696220e-04	4.848109e-04	4.848109e-04
6.300000e-01	6.400000e-01	1.939243e-03	6.856262e-04	6.856262e-04
6.400000e-01	6.500000e-01	7.272165e-04	4.198585e-04	4.198585e-04
6.500000e-01	6.600000e-01	7.272165e-04	4.198585e-04	4.198585e-04
6.600000e-01	6.700000e-01	2.424054e-04	2.424054e-04	2.424054e-04
6.700000e-01	6.800000e-01	0.000000e+00	0.000000e+00	0.000000e+00
6.800000e-01	6.900000e-01	4.848109e-04	3.428131e-04	3.428131e-04
6.900000e-01	7.000000e-01	7.272165e-04	4.198585e-04	4.198585e-04
7.000000e-01	7.100000e-01	4.848109e-04	3.428131e-04	3.428131e-04
7.100000e-01	7.200000e-01	1.212027e-03	5.420351e-04	5.420351e-04
7.200000e-01	7.300000e-01	7.272165e-04	4.198585e-04	4.198585e-04
7.300000e-01	7.400000e-01	4.848109e-04	3.428131e-04	3.428131e-04
7.400000e-01	7.500000e-01	2.424054e-04	2.424054e-04	2.424054e-04
7.500000e-01	7.600000e-01	4.848109e-04	3.428131e-04	3.428131e-04
7.600000e-01	7.700000e-01	2.424054e-04	2.424054e-04	2.424054e-04
7.700000e-01	7.800000e-01	2.424054e-04	2.424054e-04	2.424054e-04
7.800000e-01	7.900000e-01	2.424054e-04	2.424054e-04	2.424054e-04
7.900000e-01	8.000000e-01	2.424054e-04	2.424054e-04	2.424054e-04
8.000000e-01	8.100000e-01	0.000000e+00	0.000000e+00	0.000000e+00
8.100000e-01	8.200000e-01	0.000000e+00	0.000000e+00	0.000000e+00
8.200000e-01	8.300000e-01	0.000000e+00	0.000000e+00	0.000000e+00
8.300000e-01	8.400000e-01	0.000000e+00	0.000000e+00	0.000000e+00
8.400000e-01	8.500000e-01	0.000000e+00	0.000000e+00	0.000000e+00
8.500000e-01	8.600000e-01	0.000000e+00	0.000000e+00	0.000000e+00
8.600000e-01	8.700000e-01	0.000000e+00	0.000000e+00	0.000000e+00
8.700000e-01	8.800000e-01	0.000000e+00	0.000000e+00	0.000000e+00
8.800000e-01	8.900000e-01	0.000000e+00	0.000000e+00	0.000000e+00
8.900000e-01	9.000000e-01	0.000000e+00	0.000000e+00	0.000000e+00
9.000000e-01	9.100000e-01	0.000000e+00	0.000000e+00	0.000000e+00
9.100000e-01	9.200000e-01	0.000000e+00	0.000000e+00	0.000000e+00
9.200000e-01	9.300000e-01	0.000000e+00	0.000000e+00	0.000000e+00
9.300000e-01	9.400000e-01	0.000000e+00	0.000000e+00	0.000000e+00
9.400000e-01	9.500000e-01	0.000000e+00	0.000000e+00	0.000000e+00
9.500000e-01	9.600000e-01	0.000000e+00	0.000000e+00	0.000000e+00
9.600000e-01	9.700000e-01	0.000000e+00	0.000000e+00	0.000000e+00
9.700000e-01	9.800000e-01	0.000000e+00	0.000000e+00	0.000000e+00
9.800000e-01	9.900000e-01	0.000000e+00	0.000000e+00	0.000000e+00
9.900000e-01	1.000000e+00	0.000000e+00	0.000000e+00	0.000000e+00
# END HISTO1D

