# BEGIN PLOT
LegendOnly=//home/frederic/Work/Software/LesHouches2017/lh2017-alphas/pythia-alphas/robustness/quark-as013650-as012285-truth.yoda/MC_LHJSS_Zjet/log_Angularity_zcut_0.05_beta_1_alpha_2 //home/frederic/Work/Software/LesHouches2017/lh2017-alphas/pythia-alphas/robustness/quark-as013650-as015015-truth.yoda/MC_LHJSS_Zjet/log_Angularity_zcut_0.05_beta_1_alpha_2 //home/frederic/Work/Software/LesHouches2017/lh2017-alphas/pythia-alphas/robustness/as013650-quark-robustness.yoda/MC_LHJSS_Zjet/log_Angularity_zcut_0.05_beta_1_alpha_2
DrawOnly=//home/frederic/Work/Software/LesHouches2017/lh2017-alphas/pythia-alphas/robustness/quark-as013650-as012285-truth.yoda/MC_LHJSS_Zjet/log_Angularity_zcut_0.05_beta_1_alpha_2 //home/frederic/Work/Software/LesHouches2017/lh2017-alphas/pythia-alphas/robustness/quark-as013650-as015015-truth.yoda/MC_LHJSS_Zjet/log_Angularity_zcut_0.05_beta_1_alpha_2 //home/frederic/Work/Software/LesHouches2017/lh2017-alphas/pythia-alphas/robustness/as013650-quark-robustness.yoda/MC_LHJSS_Zjet/log_Angularity_zcut_0.05_beta_1_alpha_2
Title=Angularity, $\alpha$ = 2 $z_{cut}$ = 0.05 $\beta$ = 1
RatioPlot=1
LogX=0
LogY=0
RatioPlotYLabel=Ratio
RatioPlotReference=//home/frederic/Work/Software/LesHouches2017/lh2017-alphas/pythia-alphas/robustness/quark-as013650-as012285-truth.yoda/MC_LHJSS_Zjet/log_Angularity_zcut_0.05_beta_1_alpha_2
XLabel=$e_\alpha$
YLabel=$1/\sigma \text{d}\sigma/\text{d}e_\alpha$
Legend=1
# END PLOT

# BEGIN HISTO1D //home/frederic/Work/Software/LesHouches2017/lh2017-alphas/pythia-alphas/robustness/quark-as013650-as012285-truth.yoda/MC_LHJSS_Zjet/log_Angularity_zcut_0.05_beta_1_alpha_2
LineColor=red
LineStyle=solid
NormalizeToSum=1
Path=//home/frederic/Work/Software/LesHouches2017/lh2017-alphas/pythia-alphas/robustness/quark-as013650-as012285-truth.yoda/MC_LHJSS_Zjet/log_Angularity_zcut_0.05_beta_1_alpha_2
ScaledBy=1.0
Title=quark-as013650-as012285-truth
XLabel=
YLabel=
# xlow	 xhigh	 val	 errminus	 errplus
0.000000e+00	1.000000e-01	0.000000e+00	0.000000e+00	0.000000e+00
1.000000e-01	2.000000e-01	0.000000e+00	0.000000e+00	0.000000e+00
2.000000e-01	3.000000e-01	3.325795e-04	3.325795e-04	3.325795e-04
3.000000e-01	4.000000e-01	3.325795e-04	3.325795e-04	3.325795e-04
4.000000e-01	5.000000e-01	3.325795e-04	3.325795e-04	3.325795e-04
5.000000e-01	6.000000e-01	6.798672e-04	1.378142e-03	1.378142e-03
6.000000e-01	7.000000e-01	5.107157e-05	4.025655e-04	4.025655e-04
7.000000e-01	8.000000e-01	1.273213e-06	6.398825e-05	6.398825e-05
8.000000e-01	9.000000e-01	1.878268e-03	2.381368e-03	2.381368e-03
9.000000e-01	1.000000e+00	7.438691e-04	1.532040e-03	1.532040e-03
1.000000e+00	1.100000e+00	3.374356e-03	3.193209e-03	3.193209e-03
1.100000e+00	1.200000e+00	3.110047e-03	3.086647e-03	3.086647e-03
1.200000e+00	1.300000e+00	1.231220e-04	6.287076e-04	6.287076e-04
1.300000e+00	1.400000e+00	7.091850e-03	4.416402e-03	4.416402e-03
1.400000e+00	1.500000e+00	2.961407e-04	9.737824e-04	9.737824e-04
1.500000e+00	1.600000e+00	1.098386e-04	5.939166e-04	5.939166e-04
1.600000e+00	1.700000e+00	1.528351e-04	7.005585e-04	7.005585e-04
1.700000e+00	1.800000e+00	2.673115e-04	9.260144e-04	9.260144e-04
1.800000e+00	1.900000e+00	2.767019e-05	2.982816e-04	2.982816e-04
1.900000e+00	2.000000e+00	1.860844e-03	2.428190e-03	2.428190e-03
2.000000e+00	2.100000e+00	2.608787e-04	9.149382e-04	9.149382e-04
2.100000e+00	2.200000e+00	2.160531e-03	2.616157e-03	2.616157e-03
2.200000e+00	2.300000e+00	4.708955e-04	1.228555e-03	1.228555e-03
2.300000e+00	2.400000e+00	1.739312e-05	2.365005e-04	2.365005e-04
2.400000e+00	2.500000e+00	4.495747e-05	3.801883e-04	3.801883e-04
2.500000e+00	2.600000e+00	2.658028e-03	2.902237e-03	2.902237e-03
2.600000e+00	2.700000e+00	3.630310e-03	3.381242e-03	3.381242e-03
2.700000e+00	2.800000e+00	1.019534e-06	5.726242e-05	5.726242e-05
2.800000e+00	2.900000e+00	2.500294e-04	8.959653e-04	8.959653e-04
2.900000e+00	3.000000e+00	1.061824e-03	1.841775e-03	1.841775e-03
3.000000e+00	3.100000e+00	6.638233e-03	4.550534e-03	4.550534e-03
3.100000e+00	3.200000e+00	8.300393e-04	1.630410e-03	1.630410e-03
3.200000e+00	3.300000e+00	3.735859e-04	1.095038e-03	1.095038e-03
3.300000e+00	3.400000e+00	3.562415e-06	1.070380e-04	1.070380e-04
3.400000e+00	3.500000e+00	8.832237e-04	1.681597e-03	1.681597e-03
3.500000e+00	3.600000e+00	1.941035e-04	7.896802e-04	7.896802e-04
3.600000e+00	3.700000e+00	1.453602e-05	2.162092e-04	2.162092e-04
3.700000e+00	3.800000e+00	1.357163e-05	2.089158e-04	2.089158e-04
3.800000e+00	3.900000e+00	1.752560e-03	2.360989e-03	2.360989e-03
3.900000e+00	4.000000e+00	8.299420e-06	1.633741e-04	1.633741e-04
4.000000e+00	4.100000e+00	3.951271e-04	1.125928e-03	1.125928e-03
4.100000e+00	4.200000e+00	9.985200e-05	5.665126e-04	5.665126e-04
4.200000e+00	4.300000e+00	8.486809e-04	1.648344e-03	1.648344e-03
4.300000e+00	4.400000e+00	6.965451e-04	1.493546e-03	1.493546e-03
4.400000e+00	4.500000e+00	7.219761e-04	1.520913e-03	1.520913e-03
4.500000e+00	4.600000e+00	3.951271e-04	1.125928e-03	1.125928e-03
4.600000e+00	4.700000e+00	2.985683e-03	3.071461e-03	3.071461e-03
4.700000e+00	4.800000e+00	2.856811e-03	3.009379e-03	3.009379e-03
4.800000e+00	4.900000e+00	9.861487e-06	1.780852e-04	1.780852e-04
4.900000e+00	5.000000e+00	2.174802e-05	2.644547e-04	2.644547e-04
5.000000e+00	5.100000e+00	1.034353e-04	5.765901e-04	5.765901e-04
5.100000e+00	5.200000e+00	7.604523e-04	1.560516e-03	1.560516e-03
5.200000e+00	5.300000e+00	3.841964e-03	3.482713e-03	3.482713e-03
5.300000e+00	5.400000e+00	3.412370e-03	3.284542e-03	3.284542e-03
5.400000e+00	5.500000e+00	5.268563e-03	4.064755e-03	4.064755e-03
5.500000e+00	5.600000e+00	3.279103e-06	1.026936e-04	1.026936e-04
5.600000e+00	5.700000e+00	1.312131e-03	2.046767e-03	2.046767e-03
5.700000e+00	5.800000e+00	8.638885e-05	5.269707e-04	5.269707e-04
5.800000e+00	5.900000e+00	5.122929e-04	1.281682e-03	1.281682e-03
5.900000e+00	6.000000e+00	3.527151e-03	3.330406e-03	3.330406e-03
6.000000e+00	6.100000e+00	1.406572e-03	2.119262e-03	2.119262e-03
6.100000e+00	6.200000e+00	7.589998e-06	1.562359e-04	1.562359e-04
6.200000e+00	6.300000e+00	2.138313e-03	2.608069e-03	2.608069e-03
6.300000e+00	6.400000e+00	5.732927e-04	1.355933e-03	1.355933e-03
6.400000e+00	6.500000e+00	1.146689e-03	1.914992e-03	1.914992e-03
6.500000e+00	6.600000e+00	2.209598e-04	8.425248e-04	8.425248e-04
6.600000e+00	6.700000e+00	2.260336e-03	2.682995e-03	2.682995e-03
6.700000e+00	6.800000e+00	1.239815e-03	1.990858e-03	1.990858e-03
6.800000e+00	6.900000e+00	5.890724e-04	1.374298e-03	1.374298e-03
6.900000e+00	7.000000e+00	4.562970e-04	1.210209e-03	1.210209e-03
7.000000e+00	7.100000e+00	3.821341e-05	3.505415e-04	3.505415e-04
7.100000e+00	7.200000e+00	8.948656e-04	1.692675e-03	1.692675e-03
7.200000e+00	7.300000e+00	7.085476e-04	1.506874e-03	1.506874e-03
7.300000e+00	7.400000e+00	1.637068e-03	2.285970e-03	2.285970e-03
7.400000e+00	7.500000e+00	1.842426e-03	2.422493e-03	2.422493e-03
7.500000e+00	7.600000e+00	1.051107e-04	5.812895e-04	5.812895e-04
7.600000e+00	7.700000e+00	8.541246e-03	5.107242e-03	5.107242e-03
7.700000e+00	7.800000e+00	1.945114e-03	2.490272e-03	2.490272e-03
7.800000e+00	7.900000e+00	5.137232e-03	4.009323e-03	4.009323e-03
7.900000e+00	8.000000e+00	1.619142e-03	2.273075e-03	2.273075e-03
8.000000e+00	8.100000e+00	5.095193e-03	3.992207e-03	3.992207e-03
8.100000e+00	8.200000e+00	3.874573e-03	3.489776e-03	3.489776e-03
8.200000e+00	8.300000e+00	6.592904e-03	4.496315e-03	4.496315e-03
8.300000e+00	8.400000e+00	1.504942e-03	2.188992e-03	2.188992e-03
8.400000e+00	8.500000e+00	8.999049e-04	1.695625e-03	1.695625e-03
8.500000e+00	8.600000e+00	4.542297e-03	3.744974e-03	3.744974e-03
8.600000e+00	8.700000e+00	2.628177e-04	9.182910e-04	9.182910e-04
8.700000e+00	8.800000e+00	2.547594e-03	2.822915e-03	2.822915e-03
8.800000e+00	8.900000e+00	3.361853e-03	3.207203e-03	3.207203e-03
8.900000e+00	9.000000e+00	4.122252e-03	3.480052e-03	3.480052e-03
9.000000e+00	9.100000e+00	3.697430e-06	1.090451e-04	1.090451e-04
9.100000e+00	9.200000e+00	8.492911e-05	5.221137e-04	5.221137e-04
9.200000e+00	9.300000e+00	1.377407e-02	4.606510e-03	4.606510e-03
9.300000e+00	9.400000e+00	3.416574e-06	1.048208e-04	1.048208e-04
9.400000e+00	9.500000e+00	2.807048e-05	3.003154e-04	3.003154e-04
9.500000e+00	9.600000e+00	1.068747e-03	1.807616e-03	1.807616e-03
9.600000e+00	9.700000e+00	6.148650e-04	1.357852e-03	1.357852e-03
9.700000e+00	9.800000e+00	2.061083e-03	2.335919e-03	2.335919e-03
9.800000e+00	9.900000e+00	1.532146e-04	6.972637e-04	6.972637e-04
9.900000e+00	1.000000e+01	3.658375e-03	1.103041e-03	1.103041e-03
1.000000e+01	1.010000e+01	2.660636e-03	9.406769e-04	9.406769e-04
1.010000e+01	1.020000e+01	1.871803e-04	7.633976e-04	7.633976e-04
1.020000e+01	1.030000e+01	1.584697e-04	7.002511e-04	7.002511e-04
1.030000e+01	1.040000e+01	1.995477e-03	8.146501e-04	8.146501e-04
1.040000e+01	1.050000e+01	3.839177e-04	1.071811e-03	1.071811e-03
1.050000e+01	1.060000e+01	6.651590e-04	4.703384e-04	4.703384e-04
1.060000e+01	1.070000e+01	1.662898e-03	7.436703e-04	7.436703e-04
1.070000e+01	1.080000e+01	0.000000e+00	0.000000e+00	0.000000e+00
1.080000e+01	1.090000e+01	0.000000e+00	0.000000e+00	0.000000e+00
1.090000e+01	1.100000e+01	3.325795e-04	3.325795e-04	3.325795e-04
1.100000e+01	1.110000e+01	3.325795e-04	3.325795e-04	3.325795e-04
1.110000e+01	1.120000e+01	9.977385e-04	5.760445e-04	5.760445e-04
1.120000e+01	1.130000e+01	0.000000e+00	0.000000e+00	0.000000e+00
1.130000e+01	1.140000e+01	0.000000e+00	0.000000e+00	0.000000e+00
1.140000e+01	1.150000e+01	6.651590e-04	4.703384e-04	4.703384e-04
1.150000e+01	1.160000e+01	0.000000e+00	0.000000e+00	0.000000e+00
1.160000e+01	1.170000e+01	3.325795e-04	3.325795e-04	3.325795e-04
1.170000e+01	1.180000e+01	0.000000e+00	0.000000e+00	0.000000e+00
1.180000e+01	1.190000e+01	3.325795e-04	3.325795e-04	3.325795e-04
1.190000e+01	1.200000e+01	3.325795e-04	3.325795e-04	3.325795e-04
1.200000e+01	1.210000e+01	0.000000e+00	0.000000e+00	0.000000e+00
1.210000e+01	1.220000e+01	0.000000e+00	0.000000e+00	0.000000e+00
1.220000e+01	1.230000e+01	0.000000e+00	0.000000e+00	0.000000e+00
1.230000e+01	1.240000e+01	0.000000e+00	0.000000e+00	0.000000e+00
1.240000e+01	1.250000e+01	3.325795e-04	3.325795e-04	3.325795e-04
1.250000e+01	1.260000e+01	0.000000e+00	0.000000e+00	0.000000e+00
1.260000e+01	1.270000e+01	0.000000e+00	0.000000e+00	0.000000e+00
1.270000e+01	1.280000e+01	0.000000e+00	0.000000e+00	0.000000e+00
1.280000e+01	1.290000e+01	0.000000e+00	0.000000e+00	0.000000e+00
1.290000e+01	1.300000e+01	0.000000e+00	0.000000e+00	0.000000e+00
1.300000e+01	1.310000e+01	0.000000e+00	0.000000e+00	0.000000e+00
1.310000e+01	1.320000e+01	0.000000e+00	0.000000e+00	0.000000e+00
1.320000e+01	1.330000e+01	0.000000e+00	0.000000e+00	0.000000e+00
1.330000e+01	1.340000e+01	0.000000e+00	0.000000e+00	0.000000e+00
1.340000e+01	1.350000e+01	0.000000e+00	0.000000e+00	0.000000e+00
1.350000e+01	1.360000e+01	0.000000e+00	0.000000e+00	0.000000e+00
1.360000e+01	1.370000e+01	0.000000e+00	0.000000e+00	0.000000e+00
1.370000e+01	1.380000e+01	0.000000e+00	0.000000e+00	0.000000e+00
1.380000e+01	1.390000e+01	0.000000e+00	0.000000e+00	0.000000e+00
1.390000e+01	1.400000e+01	0.000000e+00	0.000000e+00	0.000000e+00
1.400000e+01	1.410000e+01	0.000000e+00	0.000000e+00	0.000000e+00
1.410000e+01	1.420000e+01	0.000000e+00	0.000000e+00	0.000000e+00
1.420000e+01	1.430000e+01	0.000000e+00	0.000000e+00	0.000000e+00
1.430000e+01	1.440000e+01	0.000000e+00	0.000000e+00	0.000000e+00
1.440000e+01	1.450000e+01	0.000000e+00	0.000000e+00	0.000000e+00
1.450000e+01	1.460000e+01	0.000000e+00	0.000000e+00	0.000000e+00
1.460000e+01	1.470000e+01	0.000000e+00	0.000000e+00	0.000000e+00
1.470000e+01	1.480000e+01	0.000000e+00	0.000000e+00	0.000000e+00
1.480000e+01	1.490000e+01	0.000000e+00	0.000000e+00	0.000000e+00
1.490000e+01	1.500000e+01	0.000000e+00	0.000000e+00	0.000000e+00
# END HISTO1D

# BEGIN HISTO1D //home/frederic/Work/Software/LesHouches2017/lh2017-alphas/pythia-alphas/robustness/quark-as013650-as015015-truth.yoda/MC_LHJSS_Zjet/log_Angularity_zcut_0.05_beta_1_alpha_2
LineColor=blue
LineStyle=solid
NormalizeToSum=1
Path=//home/frederic/Work/Software/LesHouches2017/lh2017-alphas/pythia-alphas/robustness/quark-as013650-as015015-truth.yoda/MC_LHJSS_Zjet/log_Angularity_zcut_0.05_beta_1_alpha_2
ScaledBy=1.0
Title=quark-as013650-as015015-truth
XLabel=
YLabel=
# xlow	 xhigh	 val	 errminus	 errplus
0.000000e+00	1.000000e-01	0.000000e+00	0.000000e+00	0.000000e+00
1.000000e-01	2.000000e-01	0.000000e+00	0.000000e+00	0.000000e+00
2.000000e-01	3.000000e-01	0.000000e+00	0.000000e+00	0.000000e+00
3.000000e-01	4.000000e-01	3.115653e-04	3.115653e-04	3.115653e-04
4.000000e-01	5.000000e-01	3.115653e-04	3.115653e-04	3.115653e-04
5.000000e-01	6.000000e-01	4.483200e-04	1.142714e-03	1.142714e-03
6.000000e-01	7.000000e-01	9.845028e-04	1.608993e-03	1.608993e-03
7.000000e-01	8.000000e-01	2.391853e-05	2.753047e-04	2.753047e-04
8.000000e-01	9.000000e-01	3.918439e-04	1.108821e-03	1.108821e-03
9.000000e-01	1.000000e+00	5.841559e-04	1.351678e-03	1.351678e-03
1.000000e+00	1.100000e+00	9.394104e-05	5.456712e-04	5.456712e-04
1.100000e+00	1.200000e+00	1.664440e-03	2.270489e-03	2.270489e-03
1.200000e+00	1.300000e+00	4.611790e-05	3.824767e-04	3.824767e-04
1.300000e+00	1.400000e+00	1.135480e-02	5.353176e-03	5.353176e-03
1.400000e+00	1.500000e+00	9.908731e-04	1.762417e-03	1.762417e-03
1.500000e+00	1.600000e+00	2.249525e-03	2.636322e-03	2.636322e-03
1.600000e+00	1.700000e+00	6.359717e-05	4.491593e-04	4.491593e-04
1.700000e+00	1.800000e+00	2.259197e-03	2.651155e-03	2.651155e-03
1.800000e+00	1.900000e+00	9.845637e-04	1.761083e-03	1.761083e-03
1.900000e+00	2.000000e+00	9.129494e-06	1.702249e-04	1.702249e-04
2.000000e+00	2.100000e+00	2.226916e-03	2.634800e-03	2.634800e-03
2.100000e+00	2.200000e+00	5.151927e-04	1.276616e-03	1.276616e-03
2.200000e+00	2.300000e+00	1.392358e-03	2.093120e-03	2.093120e-03
2.300000e+00	2.400000e+00	1.967899e-04	7.898159e-04	7.898159e-04
2.400000e+00	2.500000e+00	1.756304e-03	2.347022e-03	2.347022e-03
2.500000e+00	2.600000e+00	2.001580e-05	2.520452e-04	2.520452e-04
2.600000e+00	2.700000e+00	1.537090e-04	6.982299e-04	6.982299e-04
2.700000e+00	2.800000e+00	4.087020e-03	3.563478e-03	3.563478e-03
2.800000e+00	2.900000e+00	4.179844e-03	3.595805e-03	3.595805e-03
2.900000e+00	3.000000e+00	7.010393e-03	4.624474e-03	4.624474e-03
3.000000e+00	3.100000e+00	1.010744e-03	1.787399e-03	1.787399e-03
3.100000e+00	3.200000e+00	4.200517e-05	3.651084e-04	3.651084e-04
3.200000e+00	3.300000e+00	4.818041e-04	1.235188e-03	1.235188e-03
3.300000e+00	3.400000e+00	2.421637e-04	8.761759e-04	8.761759e-04
3.400000e+00	3.500000e+00	4.200517e-05	3.651084e-04	3.651084e-04
3.500000e+00	3.600000e+00	8.071942e-04	1.597175e-03	1.597175e-03
3.600000e+00	3.700000e+00	4.471960e-03	3.724026e-03	3.724026e-03
3.700000e+00	3.800000e+00	3.723548e-05	3.437569e-04	3.437569e-04
3.800000e+00	3.900000e+00	4.710217e-03	3.812582e-03	3.812582e-03
3.900000e+00	4.000000e+00	1.097730e-03	1.860937e-03	1.860937e-03
4.000000e+00	4.100000e+00	3.295594e-03	3.206695e-03	3.206695e-03
4.100000e+00	4.200000e+00	8.886877e-04	1.675172e-03	1.675172e-03
4.200000e+00	4.300000e+00	4.763671e-05	3.888047e-04	3.888047e-04
4.300000e+00	4.400000e+00	4.472814e-04	1.190062e-03	1.190062e-03
4.400000e+00	4.500000e+00	3.723548e-05	3.437569e-04	3.437569e-04
4.500000e+00	4.600000e+00	5.703467e-04	1.343359e-03	1.343359e-03
4.600000e+00	4.700000e+00	4.006287e-05	3.565659e-04	3.565659e-04
4.700000e+00	4.800000e+00	1.985876e-04	7.935774e-04	7.935774e-04
4.800000e+00	4.900000e+00	9.897181e-04	1.767326e-03	1.767326e-03
4.900000e+00	5.000000e+00	7.101038e-04	1.498312e-03	1.498312e-03
5.000000e+00	5.100000e+00	3.320194e-03	3.216782e-03	3.216782e-03
5.100000e+00	5.200000e+00	2.118814e-04	8.196084e-04	8.196084e-04
5.200000e+00	5.300000e+00	8.779873e-05	5.278071e-04	5.278071e-04
5.300000e+00	5.400000e+00	4.835970e-04	1.237562e-03	1.237562e-03
5.400000e+00	5.500000e+00	1.326431e-03	2.045864e-03	2.045864e-03
5.500000e+00	5.600000e+00	3.167193e-03	3.143577e-03	3.143577e-03
5.600000e+00	5.700000e+00	4.913023e-04	1.247129e-03	1.247129e-03
5.700000e+00	5.800000e+00	1.606150e-04	7.136728e-04	7.136728e-04
5.800000e+00	5.900000e+00	2.002377e-04	7.968062e-04	7.968062e-04
5.900000e+00	6.000000e+00	3.282559e-03	3.194088e-03	3.194088e-03
6.000000e+00	6.100000e+00	1.629889e-05	2.274449e-04	2.274449e-04
6.100000e+00	6.200000e+00	1.350246e-03	2.062360e-03	2.062360e-03
6.200000e+00	6.300000e+00	5.737812e-04	1.347648e-03	1.347648e-03
6.300000e+00	6.400000e+00	3.653993e-04	1.075985e-03	1.075985e-03
6.400000e+00	6.500000e+00	1.777659e-04	7.508547e-04	7.508547e-04
6.500000e+00	6.600000e+00	3.947066e-04	1.118199e-03	1.118199e-03
6.600000e+00	6.700000e+00	3.993249e-03	3.528455e-03	3.528455e-03
6.700000e+00	6.800000e+00	4.194315e-04	1.152697e-03	1.152697e-03
6.800000e+00	6.900000e+00	7.276598e-04	1.516876e-03	1.516876e-03
6.900000e+00	7.000000e+00	2.077179e-03	2.555521e-03	2.555521e-03
7.000000e+00	7.100000e+00	1.133719e-04	5.997301e-04	5.997301e-04
7.100000e+00	7.200000e+00	2.378429e-04	8.683075e-04	8.683075e-04
7.200000e+00	7.300000e+00	3.185515e-05	3.179561e-04	3.179561e-04
7.300000e+00	7.400000e+00	1.405606e-04	6.677128e-04	6.677128e-04
7.400000e+00	7.500000e+00	4.611039e-05	3.825205e-04	3.825205e-04
7.500000e+00	7.600000e+00	2.734962e-03	2.926170e-03	2.926170e-03
7.600000e+00	7.700000e+00	4.274835e-07	3.683603e-05	3.683603e-05
7.700000e+00	7.800000e+00	2.299109e-03	2.684631e-03	2.684631e-03
7.800000e+00	7.900000e+00	7.583582e-04	1.547574e-03	1.547574e-03
7.900000e+00	8.000000e+00	9.986312e-03	5.446743e-03	5.446743e-03
8.000000e+00	8.100000e+00	4.415792e-03	3.681990e-03	3.681990e-03
8.100000e+00	8.200000e+00	4.283353e-03	3.623866e-03	3.623866e-03
8.200000e+00	8.300000e+00	2.177111e-03	2.599739e-03	2.599739e-03
8.300000e+00	8.400000e+00	7.320043e-03	4.658687e-03	4.658687e-03
8.400000e+00	8.500000e+00	9.612169e-03	5.248899e-03	5.248899e-03
8.500000e+00	8.600000e+00	2.391646e-03	2.713517e-03	2.713517e-03
8.600000e+00	8.700000e+00	7.202843e-03	4.571995e-03	4.571995e-03
8.700000e+00	8.800000e+00	7.435213e-03	4.547449e-03	4.547449e-03
8.800000e+00	8.900000e+00	3.586559e-03	3.232082e-03	3.232082e-03
8.900000e+00	9.000000e+00	8.910044e-04	1.656082e-03	1.656082e-03
9.000000e+00	9.100000e+00	1.390245e-02	5.327966e-03	5.327966e-03
9.100000e+00	9.200000e+00	4.150792e-03	3.378742e-03	3.378742e-03
9.200000e+00	9.300000e+00	6.235493e-04	1.357755e-03	1.357755e-03
9.300000e+00	9.400000e+00	6.545222e-03	4.015846e-03	4.015846e-03
9.400000e+00	9.500000e+00	3.369147e-03	2.985183e-03	2.985183e-03
9.500000e+00	9.600000e+00	1.390780e-03	1.988101e-03	1.988101e-03
9.600000e+00	9.700000e+00	7.494886e-04	1.425259e-03	1.425259e-03
9.700000e+00	9.800000e+00	1.051073e-04	5.725927e-04	5.725927e-04
9.800000e+00	9.900000e+00	2.306192e-03	2.211216e-03	2.211216e-03
9.900000e+00	1.000000e+01	9.346960e-04	5.396469e-04	5.396469e-04
1.000000e+01	1.010000e+01	6.231305e-04	4.406199e-04	4.406199e-04
1.010000e+01	1.020000e+01	1.051073e-04	5.725927e-04	5.725927e-04
1.020000e+01	1.030000e+01	3.392473e-07	3.281332e-05	3.281332e-05
1.030000e+01	1.040000e+01	1.557827e-03	6.966812e-04	6.966812e-04
1.040000e+01	1.050000e+01	1.751968e-03	1.847352e-03	1.847352e-03
1.050000e+01	1.060000e+01	0.000000e+00	0.000000e+00	0.000000e+00
1.060000e+01	1.070000e+01	3.115653e-04	3.115653e-04	3.115653e-04
1.070000e+01	1.080000e+01	3.115653e-04	3.115653e-04	3.115653e-04
1.080000e+01	1.090000e+01	0.000000e+00	0.000000e+00	0.000000e+00
1.090000e+01	1.100000e+01	0.000000e+00	0.000000e+00	0.000000e+00
1.100000e+01	1.110000e+01	0.000000e+00	0.000000e+00	0.000000e+00
1.110000e+01	1.120000e+01	0.000000e+00	0.000000e+00	0.000000e+00
1.120000e+01	1.130000e+01	3.115653e-04	3.115653e-04	3.115653e-04
1.130000e+01	1.140000e+01	0.000000e+00	0.000000e+00	0.000000e+00
1.140000e+01	1.150000e+01	0.000000e+00	0.000000e+00	0.000000e+00
1.150000e+01	1.160000e+01	0.000000e+00	0.000000e+00	0.000000e+00
1.160000e+01	1.170000e+01	0.000000e+00	0.000000e+00	0.000000e+00
1.170000e+01	1.180000e+01	0.000000e+00	0.000000e+00	0.000000e+00
1.180000e+01	1.190000e+01	0.000000e+00	0.000000e+00	0.000000e+00
1.190000e+01	1.200000e+01	0.000000e+00	0.000000e+00	0.000000e+00
1.200000e+01	1.210000e+01	0.000000e+00	0.000000e+00	0.000000e+00
1.210000e+01	1.220000e+01	0.000000e+00	0.000000e+00	0.000000e+00
1.220000e+01	1.230000e+01	0.000000e+00	0.000000e+00	0.000000e+00
1.230000e+01	1.240000e+01	0.000000e+00	0.000000e+00	0.000000e+00
1.240000e+01	1.250000e+01	0.000000e+00	0.000000e+00	0.000000e+00
1.250000e+01	1.260000e+01	0.000000e+00	0.000000e+00	0.000000e+00
1.260000e+01	1.270000e+01	0.000000e+00	0.000000e+00	0.000000e+00
1.270000e+01	1.280000e+01	0.000000e+00	0.000000e+00	0.000000e+00
1.280000e+01	1.290000e+01	0.000000e+00	0.000000e+00	0.000000e+00
1.290000e+01	1.300000e+01	0.000000e+00	0.000000e+00	0.000000e+00
1.300000e+01	1.310000e+01	0.000000e+00	0.000000e+00	0.000000e+00
1.310000e+01	1.320000e+01	0.000000e+00	0.000000e+00	0.000000e+00
1.320000e+01	1.330000e+01	0.000000e+00	0.000000e+00	0.000000e+00
1.330000e+01	1.340000e+01	0.000000e+00	0.000000e+00	0.000000e+00
1.340000e+01	1.350000e+01	0.000000e+00	0.000000e+00	0.000000e+00
1.350000e+01	1.360000e+01	0.000000e+00	0.000000e+00	0.000000e+00
1.360000e+01	1.370000e+01	0.000000e+00	0.000000e+00	0.000000e+00
1.370000e+01	1.380000e+01	0.000000e+00	0.000000e+00	0.000000e+00
1.380000e+01	1.390000e+01	0.000000e+00	0.000000e+00	0.000000e+00
1.390000e+01	1.400000e+01	0.000000e+00	0.000000e+00	0.000000e+00
1.400000e+01	1.410000e+01	0.000000e+00	0.000000e+00	0.000000e+00
1.410000e+01	1.420000e+01	0.000000e+00	0.000000e+00	0.000000e+00
1.420000e+01	1.430000e+01	0.000000e+00	0.000000e+00	0.000000e+00
1.430000e+01	1.440000e+01	0.000000e+00	0.000000e+00	0.000000e+00
1.440000e+01	1.450000e+01	0.000000e+00	0.000000e+00	0.000000e+00
1.450000e+01	1.460000e+01	0.000000e+00	0.000000e+00	0.000000e+00
1.460000e+01	1.470000e+01	0.000000e+00	0.000000e+00	0.000000e+00
1.470000e+01	1.480000e+01	0.000000e+00	0.000000e+00	0.000000e+00
1.480000e+01	1.490000e+01	0.000000e+00	0.000000e+00	0.000000e+00
1.490000e+01	1.500000e+01	0.000000e+00	0.000000e+00	0.000000e+00
# END HISTO1D

# BEGIN HISTO1D //home/frederic/Work/Software/LesHouches2017/lh2017-alphas/pythia-alphas/robustness/as013650-quark-robustness.yoda/MC_LHJSS_Zjet/log_Angularity_zcut_0.05_beta_1_alpha_2
LineColor=green
LineStyle=solid
NormalizeToSum=1
Path=//home/frederic/Work/Software/LesHouches2017/lh2017-alphas/pythia-alphas/robustness/as013650-quark-robustness.yoda/MC_LHJSS_Zjet/log_Angularity_zcut_0.05_beta_1_alpha_2
ScaledBy=1.0
Title=as013650-quark-robustness
XLabel=
YLabel=
# xlow	 xhigh	 val	 errminus	 errplus
0.000000e+00	1.000000e-01	0.000000e+00	0.000000e+00	0.000000e+00
1.000000e-01	2.000000e-01	0.000000e+00	0.000000e+00	0.000000e+00
2.000000e-01	3.000000e-01	1.696838e-04	6.413445e-05	6.413445e-05
3.000000e-01	4.000000e-01	4.363298e-04	1.028439e-04	1.028439e-04
4.000000e-01	5.000000e-01	6.060135e-04	1.212027e-04	1.212027e-04
5.000000e-01	6.000000e-01	5.854649e-04	1.167060e-03	1.167060e-03
6.000000e-01	7.000000e-01	2.831112e-04	8.294567e-04	8.294567e-04
7.000000e-01	8.000000e-01	2.414013e-06	7.920941e-05	7.920941e-05
8.000000e-01	9.000000e-01	7.443370e-04	1.375565e-03	1.375565e-03
9.000000e-01	1.000000e+00	7.263893e-04	1.361663e-03	1.361663e-03
1.000000e+00	1.100000e+00	2.344078e-03	2.419357e-03	2.419357e-03
1.100000e+00	1.200000e+00	2.018476e-03	2.257154e-03	2.257154e-03
1.200000e+00	1.300000e+00	2.833839e-04	8.564986e-04	8.564986e-04
1.300000e+00	1.400000e+00	5.860382e-03	3.638934e-03	3.638934e-03
1.400000e+00	1.500000e+00	1.402414e-04	6.032136e-04	6.032136e-04
1.500000e+00	1.600000e+00	5.927019e-04	1.236468e-03	1.236468e-03
1.600000e+00	1.700000e+00	2.591666e-05	2.595247e-04	2.595247e-04
1.700000e+00	1.800000e+00	2.457840e-04	7.983644e-04	7.983644e-04
1.800000e+00	1.900000e+00	1.557542e-04	6.358763e-04	6.358763e-04
1.900000e+00	2.000000e+00	2.463255e-04	7.994720e-04	7.994720e-04
2.000000e+00	2.100000e+00	1.297641e-03	1.826587e-03	1.826587e-03
2.100000e+00	2.200000e+00	3.281674e-04	9.226363e-04	9.226363e-04
2.200000e+00	2.300000e+00	4.674813e-05	3.485448e-04	3.485448e-04
2.300000e+00	2.400000e+00	2.947950e-04	8.745253e-04	8.745253e-04
2.400000e+00	2.500000e+00	1.712009e-03	2.097142e-03	2.097142e-03
2.500000e+00	2.600000e+00	1.019906e-03	1.623890e-03	1.623890e-03
2.600000e+00	2.700000e+00	5.007002e-04	1.139358e-03	1.139358e-03
2.700000e+00	2.800000e+00	1.450485e-04	6.137860e-04	6.137860e-04
2.800000e+00	2.900000e+00	2.120313e-03	2.331518e-03	2.331518e-03
2.900000e+00	3.000000e+00	1.747754e-03	2.119814e-03	2.119814e-03
3.000000e+00	3.100000e+00	3.319469e-03	2.916620e-03	2.916620e-03
3.100000e+00	3.200000e+00	4.742691e-04	1.109026e-03	1.109026e-03
3.200000e+00	3.300000e+00	5.598041e-08	1.206321e-05	1.206321e-05
3.300000e+00	3.400000e+00	7.109998e-05	4.298303e-04	4.298303e-04
3.400000e+00	3.500000e+00	5.417085e-04	1.185052e-03	1.185052e-03
3.500000e+00	3.600000e+00	1.565576e-04	6.376623e-04	6.376623e-04
3.600000e+00	3.700000e+00	3.861259e-04	1.000748e-03	1.000748e-03
3.700000e+00	3.800000e+00	3.530278e-04	9.570940e-04	9.570940e-04
3.800000e+00	3.900000e+00	2.131926e-03	2.338178e-03	2.338178e-03
3.900000e+00	4.000000e+00	3.861259e-04	1.000748e-03	1.000748e-03
4.000000e+00	4.100000e+00	1.231456e-04	5.655885e-04	5.655885e-04
4.100000e+00	4.200000e+00	3.361229e-04	9.337989e-04	9.337989e-04
4.200000e+00	4.300000e+00	1.509889e-04	6.262499e-04	6.262499e-04
4.300000e+00	4.400000e+00	1.128814e-04	5.415240e-04	5.415240e-04
4.400000e+00	4.500000e+00	2.097710e-04	7.380485e-04	7.380485e-04
4.500000e+00	4.600000e+00	2.695936e-05	2.647072e-04	2.647072e-04
4.600000e+00	4.700000e+00	1.119141e-04	5.392095e-04	5.392095e-04
4.700000e+00	4.800000e+00	1.623649e-03	2.046363e-03	2.046363e-03
4.800000e+00	4.900000e+00	7.251644e-04	1.370023e-03	1.370023e-03
4.900000e+00	5.000000e+00	1.716743e-04	6.676973e-04	6.676973e-04
5.000000e+00	5.100000e+00	4.569267e-04	1.088360e-03	1.088360e-03
5.100000e+00	5.200000e+00	5.172897e-06	1.159594e-04	1.159594e-04
5.200000e+00	5.300000e+00	2.098219e-03	2.324210e-03	2.324210e-03
5.300000e+00	5.400000e+00	1.771470e-03	2.136837e-03	2.136837e-03
5.400000e+00	5.500000e+00	3.601399e-03	3.034619e-03	3.034619e-03
5.500000e+00	5.600000e+00	5.147101e-04	1.154970e-03	1.154970e-03
5.600000e+00	5.700000e+00	1.039776e-04	5.197522e-04	5.197522e-04
5.700000e+00	5.800000e+00	2.413426e-04	7.914990e-04	7.914990e-04
5.800000e+00	5.900000e+00	8.807418e-06	1.513069e-04	1.513069e-04
5.900000e+00	6.000000e+00	2.466059e-03	2.511265e-03	2.511265e-03
6.000000e+00	6.100000e+00	8.897574e-04	1.517455e-03	1.517455e-03
6.100000e+00	6.200000e+00	4.629430e-04	1.095514e-03	1.095514e-03
6.200000e+00	6.300000e+00	1.452215e-03	1.935924e-03	1.935924e-03
6.300000e+00	6.400000e+00	1.210420e-03	1.768433e-03	1.768433e-03
6.400000e+00	6.500000e+00	1.201835e-03	1.762362e-03	1.762362e-03
6.500000e+00	6.600000e+00	1.119141e-04	5.392095e-04	5.392095e-04
6.600000e+00	6.700000e+00	5.021779e-03	3.572813e-03	3.572813e-03
6.700000e+00	6.800000e+00	1.698819e-03	2.092802e-03	2.092802e-03
6.800000e+00	6.900000e+00	3.880541e-06	1.004353e-04	1.004353e-04
6.900000e+00	7.000000e+00	4.052643e-03	3.215164e-03	3.215164e-03
7.000000e+00	7.100000e+00	2.243503e-03	2.401481e-03	2.401481e-03
7.100000e+00	7.200000e+00	5.956264e-04	1.242250e-03	1.242250e-03
7.200000e+00	7.300000e+00	4.867905e-04	1.123383e-03	1.123383e-03
7.300000e+00	7.400000e+00	1.313184e-03	1.841160e-03	1.841160e-03
7.400000e+00	7.500000e+00	2.575875e-04	8.176644e-04	8.176644e-04
7.500000e+00	7.600000e+00	4.000900e-03	3.192551e-03	3.192551e-03
7.600000e+00	7.700000e+00	4.064943e-04	1.026443e-03	1.026443e-03
7.700000e+00	7.800000e+00	3.680262e-03	3.062066e-03	3.062066e-03
7.800000e+00	7.900000e+00	3.781577e-04	9.902561e-04	9.902561e-04
7.900000e+00	8.000000e+00	3.658501e-03	3.050881e-03	3.050881e-03
8.000000e+00	8.100000e+00	7.152224e-04	1.360247e-03	1.360247e-03
8.100000e+00	8.200000e+00	8.333669e-04	1.467400e-03	1.467400e-03
8.200000e+00	8.300000e+00	1.181743e-04	5.539666e-04	5.539666e-04
8.300000e+00	8.400000e+00	8.977363e-04	1.522264e-03	1.522264e-03
8.400000e+00	8.500000e+00	4.798077e-04	1.114574e-03	1.114574e-03
8.500000e+00	8.600000e+00	1.364001e-04	5.950307e-04	5.950307e-04
8.600000e+00	8.700000e+00	2.823108e-04	8.554665e-04	8.554665e-04
8.700000e+00	8.800000e+00	1.034002e-04	5.181156e-04	5.181156e-04
8.800000e+00	8.900000e+00	2.059586e-03	2.276298e-03	2.276298e-03
8.900000e+00	9.000000e+00	6.013249e-03	3.703192e-03	3.703192e-03
9.000000e+00	9.100000e+00	5.565682e-04	1.197471e-03	1.197471e-03
9.100000e+00	9.200000e+00	2.568250e-03	2.517159e-03	2.517159e-03
9.200000e+00	9.300000e+00	1.576532e-02	4.071761e-03	4.071761e-03
9.300000e+00	9.400000e+00	7.817308e-04	1.413281e-03	1.413281e-03
9.400000e+00	9.500000e+00	2.443537e-03	2.431037e-03	2.431037e-03
9.500000e+00	9.600000e+00	4.889719e-03	3.230094e-03	3.230094e-03
9.600000e+00	9.700000e+00	1.040073e-02	3.674055e-03	3.674055e-03
9.700000e+00	9.800000e+00	8.679362e-03	3.492759e-03	3.492759e-03
9.800000e+00	9.900000e+00	4.614117e-03	3.003321e-03	3.003321e-03
9.900000e+00	1.000000e+01	1.112641e-02	5.193364e-04	5.193364e-04
1.000000e+01	1.010000e+01	1.078704e-02	5.113548e-04	5.113548e-04
1.010000e+01	1.020000e+01	4.450660e-03	2.813495e-03	2.813495e-03
1.020000e+01	1.030000e+01	6.188088e-03	2.718265e-03	2.718265e-03
1.030000e+01	1.040000e+01	9.138685e-03	4.706662e-04	4.706662e-04
1.040000e+01	1.050000e+01	2.610930e-03	2.299080e-03	2.299080e-03
1.050000e+01	1.060000e+01	7.660010e-03	4.309093e-04	4.309093e-04
1.060000e+01	1.070000e+01	7.587290e-03	4.288590e-04	4.288590e-04
1.070000e+01	1.080000e+01	5.308680e-03	3.587273e-04	3.587273e-04
1.080000e+01	1.090000e+01	5.623805e-03	3.692210e-04	3.692210e-04
1.090000e+01	1.100000e+01	5.648045e-03	3.700158e-04	3.700158e-04
1.100000e+01	1.110000e+01	4.411779e-03	3.270228e-04	3.270228e-04
1.110000e+01	1.120000e+01	4.096652e-03	3.151271e-04	3.151271e-04
1.120000e+01	1.130000e+01	4.314817e-03	3.234092e-04	3.234092e-04
1.130000e+01	1.140000e+01	3.175511e-03	2.774457e-04	2.774457e-04
1.140000e+01	1.150000e+01	2.714941e-03	2.565378e-04	2.565378e-04
1.150000e+01	1.160000e+01	2.642220e-03	2.530787e-04	2.530787e-04
1.160000e+01	1.170000e+01	2.375574e-03	2.399692e-04	2.399692e-04
1.170000e+01	1.180000e+01	1.527154e-03	1.924034e-04	1.924034e-04
1.180000e+01	1.190000e+01	1.672598e-03	2.013571e-04	2.013571e-04
1.190000e+01	1.200000e+01	9.938625e-04	1.552152e-04	1.552152e-04
1.200000e+01	1.210000e+01	1.090825e-03	1.626105e-04	1.626105e-04
1.210000e+01	1.220000e+01	8.241785e-04	1.413454e-04	1.413454e-04
1.220000e+01	1.230000e+01	5.817730e-04	1.187539e-04	1.187539e-04
1.230000e+01	1.240000e+01	5.090515e-04	1.110841e-04	1.110841e-04
1.240000e+01	1.250000e+01	5.090515e-04	1.110841e-04	1.110841e-04
1.250000e+01	1.260000e+01	3.878487e-04	9.696217e-05	9.696217e-05
1.260000e+01	1.270000e+01	3.636082e-04	9.388323e-05	9.388323e-05
1.270000e+01	1.280000e+01	3.151270e-04	8.740053e-05	8.740053e-05
1.280000e+01	1.290000e+01	2.666460e-04	8.039678e-05	8.039678e-05
1.290000e+01	1.300000e+01	9.696220e-05	4.848109e-05	4.848109e-05
1.300000e+01	1.310000e+01	2.181649e-04	7.272163e-05	7.272163e-05
1.310000e+01	1.320000e+01	1.939244e-04	6.856262e-05	6.856262e-05
1.320000e+01	1.330000e+01	2.181649e-04	7.272163e-05	7.272163e-05
1.330000e+01	1.340000e+01	9.696220e-05	4.848109e-05	4.848109e-05
1.340000e+01	1.350000e+01	9.696220e-05	4.848109e-05	4.848109e-05
1.350000e+01	1.360000e+01	1.939244e-04	6.856262e-05	6.856262e-05
1.360000e+01	1.370000e+01	7.272165e-05	4.198585e-05	4.198585e-05
1.370000e+01	1.380000e+01	7.272165e-05	4.198585e-05	4.198585e-05
1.380000e+01	1.390000e+01	1.696838e-04	6.413445e-05	6.413445e-05
1.390000e+01	1.400000e+01	2.424055e-05	2.424054e-05	2.424054e-05
1.400000e+01	1.410000e+01	9.696220e-05	4.848109e-05	4.848109e-05
1.410000e+01	1.420000e+01	4.848109e-05	3.428131e-05	3.428131e-05
1.420000e+01	1.430000e+01	9.696220e-05	4.848109e-05	4.848109e-05
1.430000e+01	1.440000e+01	2.424055e-05	2.424054e-05	2.424054e-05
1.440000e+01	1.450000e+01	4.848109e-05	3.428131e-05	3.428131e-05
1.450000e+01	1.460000e+01	7.272165e-05	4.198585e-05	4.198585e-05
1.460000e+01	1.470000e+01	4.848109e-05	3.428131e-05	3.428131e-05
1.470000e+01	1.480000e+01	2.424054e-05	2.424054e-05	2.424054e-05
1.480000e+01	1.490000e+01	2.424055e-05	2.424054e-05	2.424054e-05
1.490000e+01	1.500000e+01	0.000000e+00	0.000000e+00	0.000000e+00
# END HISTO1D

