# BEGIN PLOT
LegendOnly=//home/frederic/Work/Software/LesHouches2017/lh2017-alphas/pythia-alphas/robustness/quark-as013650-as012285-truth.yoda/MC_LHJSS_Zjet/log_Angularity_zcut_0.2_beta_2_alpha_2 //home/frederic/Work/Software/LesHouches2017/lh2017-alphas/pythia-alphas/robustness/quark-as013650-as015015-truth.yoda/MC_LHJSS_Zjet/log_Angularity_zcut_0.2_beta_2_alpha_2 //home/frederic/Work/Software/LesHouches2017/lh2017-alphas/pythia-alphas/robustness/as013650-quark-robustness.yoda/MC_LHJSS_Zjet/log_Angularity_zcut_0.2_beta_2_alpha_2
DrawOnly=//home/frederic/Work/Software/LesHouches2017/lh2017-alphas/pythia-alphas/robustness/quark-as013650-as012285-truth.yoda/MC_LHJSS_Zjet/log_Angularity_zcut_0.2_beta_2_alpha_2 //home/frederic/Work/Software/LesHouches2017/lh2017-alphas/pythia-alphas/robustness/quark-as013650-as015015-truth.yoda/MC_LHJSS_Zjet/log_Angularity_zcut_0.2_beta_2_alpha_2 //home/frederic/Work/Software/LesHouches2017/lh2017-alphas/pythia-alphas/robustness/as013650-quark-robustness.yoda/MC_LHJSS_Zjet/log_Angularity_zcut_0.2_beta_2_alpha_2
Title=Angularity, $\alpha$ = 2 $z_{cut}$ = 0.2 $\beta$ = 2
RatioPlot=1
LogX=0
LogY=0
RatioPlotYLabel=Ratio
RatioPlotReference=//home/frederic/Work/Software/LesHouches2017/lh2017-alphas/pythia-alphas/robustness/quark-as013650-as012285-truth.yoda/MC_LHJSS_Zjet/log_Angularity_zcut_0.2_beta_2_alpha_2
XLabel=$e_\alpha$
YLabel=$1/\sigma \text{d}\sigma/\text{d}e_\alpha$
Legend=1
# END PLOT

# BEGIN HISTO1D //home/frederic/Work/Software/LesHouches2017/lh2017-alphas/pythia-alphas/robustness/quark-as013650-as012285-truth.yoda/MC_LHJSS_Zjet/log_Angularity_zcut_0.2_beta_2_alpha_2
LineColor=red
LineStyle=solid
NormalizeToSum=1
Path=//home/frederic/Work/Software/LesHouches2017/lh2017-alphas/pythia-alphas/robustness/quark-as013650-as012285-truth.yoda/MC_LHJSS_Zjet/log_Angularity_zcut_0.2_beta_2_alpha_2
ScaledBy=1.0
Title=quark-as013650-as012285-truth
XLabel=
YLabel=
# xlow	 xhigh	 val	 errminus	 errplus
0.000000e+00	1.000000e-01	0.000000e+00	0.000000e+00	0.000000e+00
1.000000e-01	2.000000e-01	0.000000e+00	0.000000e+00	0.000000e+00
2.000000e-01	3.000000e-01	3.325795e-04	3.325795e-04	3.325795e-04
3.000000e-01	4.000000e-01	3.325795e-04	3.325795e-04	3.325795e-04
4.000000e-01	5.000000e-01	3.325795e-04	3.325795e-04	3.325795e-04
5.000000e-01	6.000000e-01	6.798672e-04	1.378142e-03	1.378142e-03
6.000000e-01	7.000000e-01	5.107157e-05	4.025655e-04	4.025655e-04
7.000000e-01	8.000000e-01	8.113121e-05	5.089450e-04	5.089450e-04
8.000000e-01	9.000000e-01	2.111545e-03	2.513619e-03	2.513619e-03
9.000000e-01	1.000000e+00	1.160738e-03	1.904834e-03	1.904834e-03
1.000000e+00	1.100000e+00	3.183399e-03	3.102297e-03	3.102297e-03
1.100000e+00	1.200000e+00	2.030643e-03	2.510627e-03	2.510627e-03
1.200000e+00	1.300000e+00	2.670290e-04	9.247931e-04	9.247931e-04
1.300000e+00	1.400000e+00	7.308655e-03	4.438558e-03	4.438558e-03
1.400000e+00	1.500000e+00	8.019489e-04	1.596032e-03	1.596032e-03
1.500000e+00	1.600000e+00	1.125921e-05	1.902780e-04	1.902780e-04
1.600000e+00	1.700000e+00	7.639392e-06	1.567397e-04	1.567397e-04
1.700000e+00	1.800000e+00	6.015362e-04	1.385984e-03	1.385984e-03
1.800000e+00	1.900000e+00	2.009923e-04	8.031327e-04	8.031327e-04
1.900000e+00	2.000000e+00	5.406746e-04	1.314802e-03	1.314802e-03
2.000000e+00	2.100000e+00	2.046413e-04	8.103016e-04	8.103016e-04
2.100000e+00	2.200000e+00	6.046094e-04	1.389866e-03	1.389866e-03
2.200000e+00	2.300000e+00	4.005427e-04	1.132635e-03	1.132635e-03
2.300000e+00	2.400000e+00	4.135481e-04	1.151095e-03	1.151095e-03
2.400000e+00	2.500000e+00	2.396176e-04	8.766908e-04	8.766908e-04
2.500000e+00	2.600000e+00	1.391592e-03	2.103970e-03	2.103970e-03
2.600000e+00	2.700000e+00	2.488270e-03	2.795016e-03	2.795016e-03
2.700000e+00	2.800000e+00	4.008698e-04	1.133554e-03	1.133554e-03
2.800000e+00	2.900000e+00	4.584894e-04	1.211379e-03	1.211379e-03
2.900000e+00	3.000000e+00	1.193500e-03	1.948136e-03	1.948136e-03
3.000000e+00	3.100000e+00	7.311237e-03	4.734754e-03	4.734754e-03
3.100000e+00	3.200000e+00	2.247214e-04	8.494327e-04	8.494327e-04
3.200000e+00	3.300000e+00	2.145497e-04	8.299832e-04	8.299832e-04
3.300000e+00	3.400000e+00	2.251843e-05	2.690938e-04	2.690938e-04
3.400000e+00	3.500000e+00	5.759067e-05	4.302776e-04	4.302776e-04
3.500000e+00	3.600000e+00	6.563260e-04	1.449643e-03	1.449643e-03
3.600000e+00	3.700000e+00	1.082519e-04	5.898193e-04	5.898193e-04
3.700000e+00	3.800000e+00	6.433441e-05	4.547814e-04	4.547814e-04
3.800000e+00	3.900000e+00	1.296742e-03	2.033298e-03	2.033298e-03
3.900000e+00	4.000000e+00	5.360503e-06	1.313000e-04	1.313000e-04
4.000000e+00	4.100000e+00	2.654449e-03	2.895639e-03	2.895639e-03
4.100000e+00	4.200000e+00	1.168018e-04	6.126450e-04	6.126450e-04
4.200000e+00	4.300000e+00	5.385394e-04	1.314040e-03	1.314040e-03
4.300000e+00	4.400000e+00	3.054039e-05	3.133744e-04	3.133744e-04
4.400000e+00	4.500000e+00	4.631485e-04	1.218925e-03	1.218925e-03
4.500000e+00	4.600000e+00	2.591993e-03	2.865748e-03	2.865748e-03
4.600000e+00	4.700000e+00	8.210794e-03	5.031418e-03	5.031418e-03
4.700000e+00	4.800000e+00	2.624567e-03	2.884927e-03	2.884927e-03
4.800000e+00	4.900000e+00	1.112498e-03	1.885732e-03	1.885732e-03
4.900000e+00	5.000000e+00	4.347451e-05	3.738795e-04	3.738795e-04
5.000000e+00	5.100000e+00	3.397124e-04	1.044221e-03	1.044221e-03
5.100000e+00	5.200000e+00	1.808753e-03	2.400807e-03	2.400807e-03
5.200000e+00	5.300000e+00	2.862838e-03	3.014445e-03	3.014445e-03
5.300000e+00	5.400000e+00	4.494720e-03	3.761836e-03	3.761836e-03
5.400000e+00	5.500000e+00	2.450239e-03	2.790570e-03	2.790570e-03
5.500000e+00	5.600000e+00	1.176710e-03	1.939656e-03	1.939656e-03
5.600000e+00	5.700000e+00	1.146689e-03	1.914992e-03	1.914992e-03
5.700000e+00	5.800000e+00	9.169755e-04	1.713146e-03	1.713146e-03
5.800000e+00	5.900000e+00	1.713932e-04	7.421064e-04	7.421064e-04
5.900000e+00	6.000000e+00	5.043781e-04	1.272008e-03	1.272008e-03
6.000000e+00	6.100000e+00	1.462752e-03	2.162015e-03	2.162015e-03
6.100000e+00	6.200000e+00	1.241964e-03	1.992933e-03	1.992933e-03
6.200000e+00	6.300000e+00	2.545594e-03	2.845628e-03	2.845628e-03
6.300000e+00	6.400000e+00	7.962243e-05	5.059587e-04	5.059587e-04
6.400000e+00	6.500000e+00	3.266964e-03	3.220720e-03	3.220720e-03
6.500000e+00	6.600000e+00	7.514245e-04	1.552076e-03	1.552076e-03
6.600000e+00	6.700000e+00	1.781645e-03	2.385918e-03	2.385918e-03
6.700000e+00	6.800000e+00	6.628777e-05	4.616645e-04	4.616645e-04
6.800000e+00	6.900000e+00	8.511249e-04	1.651968e-03	1.651968e-03
6.900000e+00	7.000000e+00	2.288669e-04	8.576165e-04	8.576165e-04
7.000000e+00	7.100000e+00	6.834046e-04	1.480631e-03	1.480631e-03
7.100000e+00	7.200000e+00	2.366286e-04	8.720158e-04	8.720158e-04
7.200000e+00	7.300000e+00	6.081055e-04	1.396898e-03	1.396898e-03
7.300000e+00	7.400000e+00	1.247179e-03	1.998196e-03	1.998196e-03
7.400000e+00	7.500000e+00	3.259658e-03	3.217099e-03	3.217099e-03
7.500000e+00	7.600000e+00	2.999535e-05	3.105800e-04	3.105800e-04
7.600000e+00	7.700000e+00	8.011522e-03	4.983013e-03	4.983013e-03
7.700000e+00	7.800000e+00	2.692690e-03	2.926627e-03	2.926627e-03
7.800000e+00	7.900000e+00	1.910422e-03	2.468476e-03	2.468476e-03
7.900000e+00	8.000000e+00	6.229088e-04	1.413594e-03	1.413594e-03
8.000000e+00	8.100000e+00	3.059284e-03	3.113945e-03	3.113945e-03
8.100000e+00	8.200000e+00	5.283172e-03	4.062061e-03	4.062061e-03
8.200000e+00	8.300000e+00	7.460817e-03	4.762414e-03	4.762414e-03
8.300000e+00	8.400000e+00	6.279743e-03	4.386914e-03	4.386914e-03
8.400000e+00	8.500000e+00	2.749344e-03	2.939145e-03	2.939145e-03
8.500000e+00	8.600000e+00	2.148110e-03	2.602612e-03	2.602612e-03
8.600000e+00	8.700000e+00	6.971269e-03	4.526507e-03	4.526507e-03
8.700000e+00	8.800000e+00	1.190864e-03	1.941876e-03	1.941876e-03
8.800000e+00	8.900000e+00	1.172379e-03	1.923516e-03	1.923516e-03
8.900000e+00	9.000000e+00	3.519657e-03	3.207242e-03	3.207242e-03
9.000000e+00	9.100000e+00	3.856204e-04	1.109384e-03	1.109384e-03
9.100000e+00	9.200000e+00	1.288262e-04	6.425316e-04	6.425316e-04
9.200000e+00	9.300000e+00	5.600445e-03	3.749489e-03	3.749489e-03
9.300000e+00	9.400000e+00	4.122166e-03	3.303488e-03	3.303488e-03
9.400000e+00	9.500000e+00	2.553572e-04	9.001629e-04	9.001629e-04
9.500000e+00	9.600000e+00	3.030798e-05	3.117705e-04	3.117705e-04
9.600000e+00	9.700000e+00	3.646004e-03	2.673010e-03	2.673010e-03
9.700000e+00	9.800000e+00	5.986430e-03	1.411015e-03	1.411015e-03
9.800000e+00	9.900000e+00	1.018240e-04	5.691263e-04	5.691263e-04
9.900000e+00	1.000000e+01	2.328057e-03	8.799226e-04	8.799226e-04
1.000000e+01	1.010000e+01	1.995477e-03	8.146501e-04	8.146501e-04
1.010000e+01	1.020000e+01	3.839177e-04	1.071811e-03	1.071811e-03
1.020000e+01	1.030000e+01	1.919587e-04	7.578846e-04	7.578846e-04
1.030000e+01	1.040000e+01	1.330318e-03	6.651590e-04	6.651590e-04
1.040000e+01	1.050000e+01	1.152769e-06	6.087919e-05	6.087919e-05
1.050000e+01	1.060000e+01	6.651590e-04	4.703384e-04	4.703384e-04
1.060000e+01	1.070000e+01	9.977385e-04	5.760445e-04	5.760445e-04
1.070000e+01	1.080000e+01	0.000000e+00	0.000000e+00	0.000000e+00
1.080000e+01	1.090000e+01	0.000000e+00	0.000000e+00	0.000000e+00
1.090000e+01	1.100000e+01	3.325795e-04	3.325795e-04	3.325795e-04
1.100000e+01	1.110000e+01	3.325795e-04	3.325795e-04	3.325795e-04
1.110000e+01	1.120000e+01	3.325795e-04	3.325795e-04	3.325795e-04
1.120000e+01	1.130000e+01	0.000000e+00	0.000000e+00	0.000000e+00
1.130000e+01	1.140000e+01	0.000000e+00	0.000000e+00	0.000000e+00
1.140000e+01	1.150000e+01	6.651590e-04	4.703384e-04	4.703384e-04
1.150000e+01	1.160000e+01	0.000000e+00	0.000000e+00	0.000000e+00
1.160000e+01	1.170000e+01	3.325795e-04	3.325795e-04	3.325795e-04
1.170000e+01	1.180000e+01	0.000000e+00	0.000000e+00	0.000000e+00
1.180000e+01	1.190000e+01	3.325795e-04	3.325795e-04	3.325795e-04
1.190000e+01	1.200000e+01	0.000000e+00	0.000000e+00	0.000000e+00
1.200000e+01	1.210000e+01	3.325795e-04	3.325795e-04	3.325795e-04
1.210000e+01	1.220000e+01	0.000000e+00	0.000000e+00	0.000000e+00
1.220000e+01	1.230000e+01	0.000000e+00	0.000000e+00	0.000000e+00
1.230000e+01	1.240000e+01	0.000000e+00	0.000000e+00	0.000000e+00
1.240000e+01	1.250000e+01	3.325795e-04	3.325795e-04	3.325795e-04
1.250000e+01	1.260000e+01	0.000000e+00	0.000000e+00	0.000000e+00
1.260000e+01	1.270000e+01	0.000000e+00	0.000000e+00	0.000000e+00
1.270000e+01	1.280000e+01	0.000000e+00	0.000000e+00	0.000000e+00
1.280000e+01	1.290000e+01	0.000000e+00	0.000000e+00	0.000000e+00
1.290000e+01	1.300000e+01	0.000000e+00	0.000000e+00	0.000000e+00
1.300000e+01	1.310000e+01	0.000000e+00	0.000000e+00	0.000000e+00
1.310000e+01	1.320000e+01	0.000000e+00	0.000000e+00	0.000000e+00
1.320000e+01	1.330000e+01	0.000000e+00	0.000000e+00	0.000000e+00
1.330000e+01	1.340000e+01	0.000000e+00	0.000000e+00	0.000000e+00
1.340000e+01	1.350000e+01	0.000000e+00	0.000000e+00	0.000000e+00
1.350000e+01	1.360000e+01	0.000000e+00	0.000000e+00	0.000000e+00
1.360000e+01	1.370000e+01	0.000000e+00	0.000000e+00	0.000000e+00
1.370000e+01	1.380000e+01	0.000000e+00	0.000000e+00	0.000000e+00
1.380000e+01	1.390000e+01	0.000000e+00	0.000000e+00	0.000000e+00
1.390000e+01	1.400000e+01	0.000000e+00	0.000000e+00	0.000000e+00
1.400000e+01	1.410000e+01	0.000000e+00	0.000000e+00	0.000000e+00
1.410000e+01	1.420000e+01	0.000000e+00	0.000000e+00	0.000000e+00
1.420000e+01	1.430000e+01	0.000000e+00	0.000000e+00	0.000000e+00
1.430000e+01	1.440000e+01	0.000000e+00	0.000000e+00	0.000000e+00
1.440000e+01	1.450000e+01	0.000000e+00	0.000000e+00	0.000000e+00
1.450000e+01	1.460000e+01	0.000000e+00	0.000000e+00	0.000000e+00
1.460000e+01	1.470000e+01	0.000000e+00	0.000000e+00	0.000000e+00
1.470000e+01	1.480000e+01	0.000000e+00	0.000000e+00	0.000000e+00
1.480000e+01	1.490000e+01	0.000000e+00	0.000000e+00	0.000000e+00
1.490000e+01	1.500000e+01	0.000000e+00	0.000000e+00	0.000000e+00
# END HISTO1D

# BEGIN HISTO1D //home/frederic/Work/Software/LesHouches2017/lh2017-alphas/pythia-alphas/robustness/quark-as013650-as015015-truth.yoda/MC_LHJSS_Zjet/log_Angularity_zcut_0.2_beta_2_alpha_2
LineColor=blue
LineStyle=solid
NormalizeToSum=1
Path=//home/frederic/Work/Software/LesHouches2017/lh2017-alphas/pythia-alphas/robustness/quark-as013650-as015015-truth.yoda/MC_LHJSS_Zjet/log_Angularity_zcut_0.2_beta_2_alpha_2
ScaledBy=1.0
Title=quark-as013650-as015015-truth
XLabel=
YLabel=
# xlow	 xhigh	 val	 errminus	 errplus
0.000000e+00	1.000000e-01	0.000000e+00	0.000000e+00	0.000000e+00
1.000000e-01	2.000000e-01	0.000000e+00	0.000000e+00	0.000000e+00
2.000000e-01	3.000000e-01	0.000000e+00	0.000000e+00	0.000000e+00
3.000000e-01	4.000000e-01	3.115653e-04	3.115653e-04	3.115653e-04
4.000000e-01	5.000000e-01	3.115653e-04	3.115653e-04	3.115653e-04
5.000000e-01	6.000000e-01	7.494886e-04	1.425259e-03	1.425259e-03
6.000000e-01	7.000000e-01	9.845028e-04	1.608993e-03	1.608993e-03
7.000000e-01	8.000000e-01	3.364447e-04	1.018957e-03	1.018957e-03
8.000000e-01	9.000000e-01	4.798461e-04	1.225346e-03	1.225346e-03
9.000000e-01	1.000000e+00	1.516851e-03	2.152911e-03	2.152911e-03
1.000000e+00	1.100000e+00	9.636621e-05	5.526377e-04	5.526377e-04
1.100000e+00	1.200000e+00	6.826164e-04	1.463874e-03	1.463874e-03
1.200000e+00	1.300000e+00	1.585433e-04	7.085300e-04	7.085300e-04
1.300000e+00	1.400000e+00	1.085037e-02	5.198104e-03	5.198104e-03
1.400000e+00	1.500000e+00	4.258401e-04	1.159389e-03	1.159389e-03
1.500000e+00	1.600000e+00	1.041101e-03	1.805432e-03	1.805432e-03
1.600000e+00	1.700000e+00	8.812408e-07	5.288819e-05	5.288819e-05
1.700000e+00	1.800000e+00	2.167542e-03	2.591757e-03	2.591757e-03
1.800000e+00	1.900000e+00	6.734638e-04	1.456939e-03	1.456939e-03
1.900000e+00	2.000000e+00	1.328506e-04	6.489521e-04	6.489521e-04
2.000000e+00	2.100000e+00	1.803699e-03	2.369650e-03	2.369650e-03
2.100000e+00	2.200000e+00	5.037735e-05	3.997816e-04	3.997816e-04
2.200000e+00	2.300000e+00	4.774943e-04	1.228407e-03	1.228407e-03
2.300000e+00	2.400000e+00	9.778924e-05	5.568917e-04	5.568917e-04
2.400000e+00	2.500000e+00	8.256538e-04	1.611690e-03	1.611690e-03
2.500000e+00	2.600000e+00	7.272043e-04	1.515059e-03	1.515059e-03
2.600000e+00	2.700000e+00	4.350565e-04	1.173100e-03	1.173100e-03
2.700000e+00	2.800000e+00	2.418233e-03	2.747067e-03	2.747067e-03
2.800000e+00	2.900000e+00	3.132080e-03	3.105971e-03	3.105971e-03
2.900000e+00	3.000000e+00	4.642632e-03	3.762181e-03	3.762181e-03
3.000000e+00	3.100000e+00	3.101713e-03	3.108387e-03	3.108387e-03
3.100000e+00	3.200000e+00	7.565928e-05	4.899250e-04	4.899250e-04
3.200000e+00	3.300000e+00	1.919838e-04	7.800861e-04	7.800861e-04
3.300000e+00	3.400000e+00	2.391853e-04	8.705899e-04	8.705899e-04
3.400000e+00	3.500000e+00	8.706503e-04	1.657071e-03	1.657071e-03
3.500000e+00	3.600000e+00	9.055529e-05	5.359722e-04	5.359722e-04
3.600000e+00	3.700000e+00	1.694890e-03	2.306989e-03	2.306989e-03
3.700000e+00	3.800000e+00	4.535583e-05	3.793741e-04	3.793741e-04
3.800000e+00	3.900000e+00	1.437318e-03	2.125674e-03	2.125674e-03
3.900000e+00	4.000000e+00	8.241541e-04	1.612948e-03	1.612948e-03
4.000000e+00	4.100000e+00	2.787924e-04	9.399490e-04	9.399490e-04
4.100000e+00	4.200000e+00	3.555311e-03	3.320533e-03	3.320533e-03
4.200000e+00	4.300000e+00	7.311317e-05	4.816411e-04	4.816411e-04
4.300000e+00	4.400000e+00	3.455057e-04	1.046097e-03	1.046097e-03
4.400000e+00	4.500000e+00	8.827536e-05	5.292135e-04	5.292135e-04
4.500000e+00	4.600000e+00	1.933725e-05	2.477361e-04	2.477361e-04
4.600000e+00	4.700000e+00	1.129390e-03	1.888513e-03	1.888513e-03
4.700000e+00	4.800000e+00	5.049713e-04	1.264567e-03	1.264567e-03
4.800000e+00	4.900000e+00	1.581804e-04	7.083004e-04	7.083004e-04
4.900000e+00	5.000000e+00	1.687381e-03	2.303617e-03	2.303617e-03
5.000000e+00	5.100000e+00	5.490089e-03	4.115060e-03	4.115060e-03
5.100000e+00	5.200000e+00	8.865013e-04	1.673782e-03	1.673782e-03
5.200000e+00	5.300000e+00	1.746604e-04	7.443168e-04	7.443168e-04
5.300000e+00	5.400000e+00	1.074794e-04	5.839580e-04	5.839580e-04
5.400000e+00	5.500000e+00	1.655724e-06	7.249468e-05	7.249468e-05
5.500000e+00	5.600000e+00	2.542336e-03	2.825474e-03	2.825474e-03
5.600000e+00	5.700000e+00	2.406780e-06	8.740366e-05	8.740366e-05
5.700000e+00	5.800000e+00	1.582887e-03	2.232300e-03	2.232300e-03
5.800000e+00	5.900000e+00	3.792942e-03	3.437790e-03	3.437790e-03
5.900000e+00	6.000000e+00	1.319328e-03	2.039716e-03	2.039716e-03
6.000000e+00	6.100000e+00	3.748645e-04	1.090009e-03	1.090009e-03
6.100000e+00	6.200000e+00	2.929454e-04	9.637063e-04	9.637063e-04
6.200000e+00	6.300000e+00	1.299895e-05	2.031219e-04	2.031219e-04
6.300000e+00	6.400000e+00	5.926179e-06	1.371500e-04	1.371500e-04
6.400000e+00	6.500000e+00	3.692135e-04	1.081829e-03	1.081829e-03
6.500000e+00	6.600000e+00	2.666070e-03	2.893172e-03	2.893172e-03
6.600000e+00	6.700000e+00	1.511610e-03	2.184401e-03	2.184401e-03
6.700000e+00	6.800000e+00	1.391936e-03	2.096146e-03	2.096146e-03
6.800000e+00	6.900000e+00	1.835235e-04	7.629922e-04	7.629922e-04
6.900000e+00	7.000000e+00	8.143473e-04	1.605482e-03	1.605482e-03
7.000000e+00	7.100000e+00	5.645693e-04	1.337229e-03	1.337229e-03
7.100000e+00	7.200000e+00	1.343743e-03	2.059941e-03	2.059941e-03
7.200000e+00	7.300000e+00	2.429682e-05	2.776950e-04	2.776950e-04
7.300000e+00	7.400000e+00	1.299895e-05	2.031219e-04	2.031219e-04
7.400000e+00	7.500000e+00	1.452244e-03	2.139640e-03	2.139640e-03
7.500000e+00	7.600000e+00	4.005309e-03	3.536963e-03	3.536963e-03
7.600000e+00	7.700000e+00	4.001906e-04	1.125754e-03	1.125754e-03
7.700000e+00	7.800000e+00	1.071773e-03	1.839674e-03	1.839674e-03
7.800000e+00	7.900000e+00	3.055091e-03	3.088814e-03	3.088814e-03
7.900000e+00	8.000000e+00	1.135449e-02	5.821656e-03	5.821656e-03
8.000000e+00	8.100000e+00	8.525163e-03	5.056902e-03	5.056902e-03
8.100000e+00	8.200000e+00	5.658601e-03	4.144171e-03	4.144171e-03
8.200000e+00	8.300000e+00	3.315027e-04	1.024089e-03	1.024089e-03
8.300000e+00	8.400000e+00	2.582479e-03	2.822470e-03	2.822470e-03
8.400000e+00	8.500000e+00	6.235180e-03	4.276820e-03	4.276820e-03
8.500000e+00	8.600000e+00	4.470843e-03	3.658577e-03	3.658577e-03
8.600000e+00	8.700000e+00	6.999646e-04	1.480572e-03	1.480572e-03
8.700000e+00	8.800000e+00	6.479371e-03	4.244371e-03	4.244371e-03
8.800000e+00	8.900000e+00	3.586559e-03	3.232082e-03	3.232082e-03
8.900000e+00	9.000000e+00	2.343190e-03	2.571605e-03	2.571605e-03
9.000000e+00	9.100000e+00	9.870977e-03	4.822702e-03	4.822702e-03
9.100000e+00	9.200000e+00	2.781559e-03	2.811599e-03	2.811599e-03
9.200000e+00	9.300000e+00	1.125210e-04	5.953533e-04	5.953533e-04
9.300000e+00	9.400000e+00	1.886141e-03	2.202782e-03	2.202782e-03
9.400000e+00	9.500000e+00	3.783044e-04	1.081793e-03	1.081793e-03
9.500000e+00	9.600000e+00	7.279364e-05	4.788305e-04	4.788305e-04
9.600000e+00	9.700000e+00	2.241599e-04	8.080205e-04	8.080205e-04
9.700000e+00	9.800000e+00	9.346960e-04	5.396469e-04	5.396469e-04
9.800000e+00	9.900000e+00	2.985668e-03	2.287050e-03	2.287050e-03
9.900000e+00	1.000000e+01	6.231305e-04	4.406199e-04	4.406199e-04
1.000000e+01	1.010000e+01	6.231305e-04	4.406199e-04	4.406199e-04
1.010000e+01	1.020000e+01	2.551021e-03	1.803844e-03	1.803844e-03
1.020000e+01	1.030000e+01	2.241599e-04	8.080205e-04	8.080205e-04
1.030000e+01	1.040000e+01	9.346960e-04	5.396469e-04	5.396469e-04
1.040000e+01	1.050000e+01	1.275510e-03	1.275510e-03	1.275510e-03
1.050000e+01	1.060000e+01	0.000000e+00	0.000000e+00	0.000000e+00
1.060000e+01	1.070000e+01	3.115653e-04	3.115653e-04	3.115653e-04
1.070000e+01	1.080000e+01	6.231305e-04	4.406199e-04	4.406199e-04
1.080000e+01	1.090000e+01	0.000000e+00	0.000000e+00	0.000000e+00
1.090000e+01	1.100000e+01	0.000000e+00	0.000000e+00	0.000000e+00
1.100000e+01	1.110000e+01	0.000000e+00	0.000000e+00	0.000000e+00
1.110000e+01	1.120000e+01	0.000000e+00	0.000000e+00	0.000000e+00
1.120000e+01	1.130000e+01	3.115653e-04	3.115653e-04	3.115653e-04
1.130000e+01	1.140000e+01	0.000000e+00	0.000000e+00	0.000000e+00
1.140000e+01	1.150000e+01	0.000000e+00	0.000000e+00	0.000000e+00
1.150000e+01	1.160000e+01	0.000000e+00	0.000000e+00	0.000000e+00
1.160000e+01	1.170000e+01	0.000000e+00	0.000000e+00	0.000000e+00
1.170000e+01	1.180000e+01	0.000000e+00	0.000000e+00	0.000000e+00
1.180000e+01	1.190000e+01	0.000000e+00	0.000000e+00	0.000000e+00
1.190000e+01	1.200000e+01	0.000000e+00	0.000000e+00	0.000000e+00
1.200000e+01	1.210000e+01	0.000000e+00	0.000000e+00	0.000000e+00
1.210000e+01	1.220000e+01	0.000000e+00	0.000000e+00	0.000000e+00
1.220000e+01	1.230000e+01	0.000000e+00	0.000000e+00	0.000000e+00
1.230000e+01	1.240000e+01	0.000000e+00	0.000000e+00	0.000000e+00
1.240000e+01	1.250000e+01	0.000000e+00	0.000000e+00	0.000000e+00
1.250000e+01	1.260000e+01	0.000000e+00	0.000000e+00	0.000000e+00
1.260000e+01	1.270000e+01	0.000000e+00	0.000000e+00	0.000000e+00
1.270000e+01	1.280000e+01	0.000000e+00	0.000000e+00	0.000000e+00
1.280000e+01	1.290000e+01	0.000000e+00	0.000000e+00	0.000000e+00
1.290000e+01	1.300000e+01	0.000000e+00	0.000000e+00	0.000000e+00
1.300000e+01	1.310000e+01	0.000000e+00	0.000000e+00	0.000000e+00
1.310000e+01	1.320000e+01	0.000000e+00	0.000000e+00	0.000000e+00
1.320000e+01	1.330000e+01	0.000000e+00	0.000000e+00	0.000000e+00
1.330000e+01	1.340000e+01	0.000000e+00	0.000000e+00	0.000000e+00
1.340000e+01	1.350000e+01	0.000000e+00	0.000000e+00	0.000000e+00
1.350000e+01	1.360000e+01	0.000000e+00	0.000000e+00	0.000000e+00
1.360000e+01	1.370000e+01	0.000000e+00	0.000000e+00	0.000000e+00
1.370000e+01	1.380000e+01	0.000000e+00	0.000000e+00	0.000000e+00
1.380000e+01	1.390000e+01	0.000000e+00	0.000000e+00	0.000000e+00
1.390000e+01	1.400000e+01	0.000000e+00	0.000000e+00	0.000000e+00
1.400000e+01	1.410000e+01	0.000000e+00	0.000000e+00	0.000000e+00
1.410000e+01	1.420000e+01	0.000000e+00	0.000000e+00	0.000000e+00
1.420000e+01	1.430000e+01	0.000000e+00	0.000000e+00	0.000000e+00
1.430000e+01	1.440000e+01	0.000000e+00	0.000000e+00	0.000000e+00
1.440000e+01	1.450000e+01	0.000000e+00	0.000000e+00	0.000000e+00
1.450000e+01	1.460000e+01	0.000000e+00	0.000000e+00	0.000000e+00
1.460000e+01	1.470000e+01	0.000000e+00	0.000000e+00	0.000000e+00
1.470000e+01	1.480000e+01	0.000000e+00	0.000000e+00	0.000000e+00
1.480000e+01	1.490000e+01	0.000000e+00	0.000000e+00	0.000000e+00
1.490000e+01	1.500000e+01	0.000000e+00	0.000000e+00	0.000000e+00
# END HISTO1D

# BEGIN HISTO1D //home/frederic/Work/Software/LesHouches2017/lh2017-alphas/pythia-alphas/robustness/as013650-quark-robustness.yoda/MC_LHJSS_Zjet/log_Angularity_zcut_0.2_beta_2_alpha_2
LineColor=green
LineStyle=solid
NormalizeToSum=1
Path=//home/frederic/Work/Software/LesHouches2017/lh2017-alphas/pythia-alphas/robustness/as013650-quark-robustness.yoda/MC_LHJSS_Zjet/log_Angularity_zcut_0.2_beta_2_alpha_2
ScaledBy=1.0
Title=as013650-quark-robustness
XLabel=
YLabel=
# xlow	 xhigh	 val	 errminus	 errplus
0.000000e+00	1.000000e-01	0.000000e+00	0.000000e+00	0.000000e+00
1.000000e-01	2.000000e-01	0.000000e+00	0.000000e+00	0.000000e+00
2.000000e-01	3.000000e-01	1.454433e-04	5.937697e-05	5.937697e-05
3.000000e-01	4.000000e-01	3.878487e-04	9.696217e-05	9.696217e-05
4.000000e-01	5.000000e-01	6.060135e-04	1.212027e-04	1.212027e-04
5.000000e-01	6.000000e-01	6.840116e-04	1.247814e-03	1.247814e-03
6.000000e-01	7.000000e-01	2.052290e-04	7.122591e-04	7.122591e-04
7.000000e-01	8.000000e-01	1.665942e-04	6.532169e-04	6.532169e-04
8.000000e-01	9.000000e-01	9.023618e-04	1.510722e-03	1.510722e-03
9.000000e-01	1.000000e+00	1.323846e-03	1.825726e-03	1.825726e-03
1.000000e+00	1.100000e+00	2.107846e-03	2.296872e-03	2.296872e-03
1.100000e+00	1.200000e+00	1.203408e-03	1.751336e-03	1.751336e-03
1.200000e+00	1.300000e+00	2.962046e-04	8.754759e-04	8.754759e-04
1.300000e+00	1.400000e+00	5.957270e-03	3.637896e-03	3.637896e-03
1.400000e+00	1.500000e+00	1.754978e-07	2.135897e-05	2.135897e-05
1.500000e+00	1.600000e+00	1.961777e-04	7.131306e-04	7.131306e-04
1.600000e+00	1.700000e+00	2.460890e-05	2.528870e-04	2.528870e-04
1.700000e+00	1.800000e+00	3.908007e-04	1.005531e-03	1.005531e-03
1.800000e+00	1.900000e+00	4.218609e-07	3.311529e-05	3.311529e-05
1.900000e+00	2.000000e+00	1.284312e-05	1.827055e-04	1.827055e-04
2.000000e+00	2.100000e+00	1.044532e-03	1.638161e-03	1.638161e-03
2.100000e+00	2.200000e+00	1.119509e-04	5.391612e-04	5.391612e-04
2.200000e+00	2.300000e+00	6.648200e-05	4.155836e-04	4.155836e-04
2.300000e+00	2.400000e+00	1.584899e-05	2.029625e-04	2.029625e-04
2.400000e+00	2.500000e+00	1.512280e-03	1.966847e-03	1.966847e-03
2.500000e+00	2.600000e+00	9.012859e-04	1.525385e-03	1.525385e-03
2.600000e+00	2.700000e+00	5.245082e-06	1.167647e-04	1.167647e-04
2.700000e+00	2.800000e+00	2.750000e-05	2.673397e-04	2.673397e-04
2.800000e+00	2.900000e+00	1.858191e-03	2.177214e-03	2.177214e-03
2.900000e+00	3.000000e+00	1.762647e-03	2.122767e-03	2.122767e-03
3.000000e+00	3.100000e+00	3.731013e-03	3.079618e-03	3.079618e-03
3.100000e+00	3.200000e+00	1.194537e-04	5.569991e-04	5.569991e-04
3.200000e+00	3.300000e+00	1.009917e-04	5.121841e-04	5.121841e-04
3.300000e+00	3.400000e+00	9.619281e-05	4.998803e-04	4.998803e-04
3.400000e+00	3.500000e+00	3.325971e-04	9.286515e-04	9.286515e-04
3.500000e+00	3.600000e+00	1.300022e-04	5.810799e-04	5.810799e-04
3.600000e+00	3.700000e+00	3.534088e-05	3.030613e-04	3.030613e-04
3.700000e+00	3.800000e+00	8.385438e-05	4.667581e-04	4.667581e-04
3.800000e+00	3.900000e+00	4.783346e-04	1.113222e-03	1.113222e-03
3.900000e+00	4.000000e+00	4.475474e-04	1.076955e-03	1.076955e-03
4.000000e+00	4.100000e+00	1.584139e-06	6.417111e-05	6.417111e-05
4.100000e+00	4.200000e+00	1.193703e-03	1.754187e-03	1.754187e-03
4.200000e+00	4.300000e+00	3.079661e-04	8.939647e-04	8.939647e-04
4.300000e+00	4.400000e+00	5.277006e-04	1.169293e-03	1.169293e-03
4.400000e+00	4.500000e+00	1.948285e-04	7.112849e-04	7.112849e-04
4.500000e+00	4.600000e+00	5.359016e-04	1.178587e-03	1.178587e-03
4.600000e+00	4.700000e+00	2.953835e-03	2.751977e-03	2.751977e-03
4.700000e+00	4.800000e+00	5.206841e-04	1.161890e-03	1.161890e-03
4.800000e+00	4.900000e+00	1.483156e-05	1.963458e-04	1.963458e-04
4.900000e+00	5.000000e+00	3.734765e-04	9.842550e-04	9.842550e-04
5.000000e+00	5.100000e+00	7.969563e-04	1.436011e-03	1.436011e-03
5.100000e+00	5.200000e+00	3.376116e-04	9.360534e-04	9.360534e-04
5.200000e+00	5.300000e+00	1.706603e-03	2.098310e-03	2.098310e-03
5.300000e+00	5.400000e+00	1.434084e-03	1.924690e-03	1.924690e-03
5.400000e+00	5.500000e+00	8.627287e-04	1.494578e-03	1.494578e-03
5.500000e+00	5.600000e+00	9.348903e-05	4.928662e-04	4.928662e-04
5.600000e+00	5.700000e+00	1.433053e-04	6.101411e-04	6.101411e-04
5.700000e+00	5.800000e+00	7.553474e-04	1.398417e-03	1.398417e-03
5.800000e+00	5.900000e+00	6.940685e-04	1.340754e-03	1.340754e-03
5.900000e+00	6.000000e+00	4.212584e-04	1.045317e-03	1.045317e-03
6.000000e+00	6.100000e+00	8.511991e-04	1.484805e-03	1.484805e-03
6.100000e+00	6.200000e+00	3.569168e-04	9.624717e-04	9.624717e-04
6.200000e+00	6.300000e+00	1.868551e-03	2.195299e-03	2.195299e-03
6.300000e+00	6.400000e+00	8.618180e-04	1.493964e-03	1.493964e-03
6.400000e+00	6.500000e+00	3.312726e-03	2.915789e-03	2.915789e-03
6.500000e+00	6.600000e+00	1.089582e-05	1.682923e-04	1.682923e-04
6.600000e+00	6.700000e+00	4.674856e-03	3.455273e-03	3.455273e-03
6.700000e+00	6.800000e+00	2.226477e-04	7.604017e-04	7.604017e-04
6.800000e+00	6.900000e+00	4.150907e-03	3.259281e-03	3.259281e-03
6.900000e+00	7.000000e+00	6.180342e-03	3.962485e-03	3.962485e-03
7.000000e+00	7.100000e+00	1.365635e-03	1.878723e-03	1.878723e-03
7.100000e+00	7.200000e+00	4.381032e-03	3.345460e-03	3.345460e-03
7.200000e+00	7.300000e+00	1.954331e-03	2.244705e-03	2.244705e-03
7.300000e+00	7.400000e+00	2.160877e-03	2.359278e-03	2.359278e-03
7.400000e+00	7.500000e+00	9.736354e-04	1.587324e-03	1.587324e-03
7.500000e+00	7.600000e+00	6.284779e-03	3.990755e-03	3.990755e-03
7.600000e+00	7.700000e+00	1.000966e-05	1.613031e-04	1.613031e-04
7.700000e+00	7.800000e+00	1.463828e-03	1.943816e-03	1.943816e-03
7.800000e+00	7.900000e+00	1.689297e-03	2.086549e-03	2.086549e-03
7.900000e+00	8.000000e+00	4.551532e-03	3.401972e-03	3.401972e-03
8.000000e+00	8.100000e+00	8.611366e-04	1.492539e-03	1.492539e-03
8.100000e+00	8.200000e+00	6.323292e-05	4.053457e-04	4.053457e-04
8.200000e+00	8.300000e+00	1.889883e-03	2.198599e-03	2.198599e-03
8.300000e+00	8.400000e+00	1.155045e-03	1.724044e-03	1.724044e-03
8.400000e+00	8.500000e+00	1.097728e-03	1.680871e-03	1.680871e-03
8.500000e+00	8.600000e+00	7.902696e-04	1.427750e-03	1.427750e-03
8.600000e+00	8.700000e+00	5.230269e-03	3.555839e-03	3.555839e-03
8.700000e+00	8.800000e+00	1.818382e-03	2.148598e-03	2.148598e-03
8.800000e+00	8.900000e+00	2.934967e-03	2.700151e-03	2.700151e-03
8.900000e+00	9.000000e+00	1.060847e-02	4.626944e-03	4.626944e-03
9.000000e+00	9.100000e+00	1.696853e-03	2.071747e-03	2.071747e-03
9.100000e+00	9.200000e+00	5.495931e-03	3.557680e-03	3.557680e-03
9.200000e+00	9.300000e+00	1.297432e-02	4.520010e-03	4.520010e-03
9.300000e+00	9.400000e+00	1.081572e-02	4.257301e-03	4.257301e-03
9.400000e+00	9.500000e+00	6.811900e-03	3.697390e-03	3.697390e-03
9.500000e+00	9.600000e+00	9.234483e-03	3.848895e-03	3.848895e-03
9.600000e+00	9.700000e+00	1.345103e-02	3.198515e-03	3.198515e-03
9.700000e+00	9.800000e+00	1.565939e-02	6.161106e-04	6.161106e-04
9.800000e+00	9.900000e+00	5.500058e-03	3.210708e-03	3.210708e-03
9.900000e+00	1.000000e+01	1.173243e-02	5.332919e-04	5.332919e-04
1.000000e+01	1.010000e+01	1.190211e-02	5.371345e-04	5.371345e-04
1.010000e+01	1.020000e+01	4.817698e-03	2.893213e-03	2.893213e-03
1.020000e+01	1.030000e+01	6.485756e-03	2.750152e-03	2.750152e-03
1.030000e+01	1.040000e+01	9.259890e-03	4.737771e-04	4.737771e-04
1.040000e+01	1.050000e+01	4.784945e-03	2.539274e-03	2.539274e-03
1.050000e+01	1.060000e+01	7.684250e-03	4.315906e-04	4.315906e-04
1.060000e+01	1.070000e+01	7.708495e-03	4.322708e-04	4.322708e-04
1.070000e+01	1.080000e+01	5.429880e-03	3.627992e-04	3.627992e-04
1.080000e+01	1.090000e+01	5.769250e-03	3.739649e-04	3.739649e-04
1.090000e+01	1.100000e+01	5.502605e-03	3.652206e-04	3.652206e-04
1.100000e+01	1.110000e+01	4.411779e-03	3.270228e-04	3.270228e-04
1.110000e+01	1.120000e+01	4.096652e-03	3.151271e-04	3.151271e-04
1.120000e+01	1.130000e+01	4.169373e-03	3.179117e-04	3.179117e-04
1.130000e+01	1.140000e+01	3.223993e-03	2.795556e-04	2.795556e-04
1.140000e+01	1.150000e+01	2.739182e-03	2.576805e-04	2.576805e-04
1.150000e+01	1.160000e+01	2.375574e-03	2.399692e-04	2.399692e-04
1.160000e+01	1.170000e+01	2.181649e-03	2.299660e-04	2.299660e-04
1.170000e+01	1.180000e+01	1.624116e-03	1.984174e-04	1.984174e-04
1.180000e+01	1.190000e+01	1.745319e-03	2.056878e-04	2.056878e-04
1.190000e+01	1.200000e+01	9.696220e-04	1.533107e-04	1.533107e-04
1.200000e+01	1.210000e+01	1.090825e-03	1.626105e-04	1.626105e-04
1.210000e+01	1.220000e+01	7.029760e-04	1.305393e-04	1.305393e-04
1.220000e+01	1.230000e+01	5.575325e-04	1.162536e-04	1.162536e-04
1.230000e+01	1.240000e+01	5.090515e-04	1.110841e-04	1.110841e-04
1.240000e+01	1.250000e+01	4.848109e-04	1.084070e-04	1.084070e-04
1.250000e+01	1.260000e+01	3.393676e-04	9.069981e-05	9.069981e-05
1.260000e+01	1.270000e+01	3.151271e-04	8.740053e-05	8.740053e-05
1.270000e+01	1.280000e+01	2.908865e-04	8.397171e-05	8.397171e-05
1.280000e+01	1.290000e+01	2.424055e-04	7.665533e-05	7.665533e-05
1.290000e+01	1.300000e+01	7.272165e-05	4.198585e-05	4.198585e-05
1.300000e+01	1.310000e+01	2.181649e-04	7.272163e-05	7.272163e-05
1.310000e+01	1.320000e+01	2.181649e-04	7.272163e-05	7.272163e-05
1.320000e+01	1.330000e+01	2.424054e-04	7.665533e-05	7.665533e-05
1.330000e+01	1.340000e+01	4.848109e-05	3.428131e-05	3.428131e-05
1.340000e+01	1.350000e+01	9.696220e-05	4.848109e-05	4.848109e-05
1.350000e+01	1.360000e+01	1.454433e-04	5.937697e-05	5.937697e-05
1.360000e+01	1.370000e+01	9.696220e-05	4.848109e-05	4.848109e-05
1.370000e+01	1.380000e+01	9.696220e-05	4.848109e-05	4.848109e-05
1.380000e+01	1.390000e+01	1.212027e-04	5.420351e-05	5.420351e-05
1.390000e+01	1.400000e+01	2.424055e-05	2.424054e-05	2.424054e-05
1.400000e+01	1.410000e+01	7.272165e-05	4.198585e-05	4.198585e-05
1.410000e+01	1.420000e+01	7.272165e-05	4.198585e-05	4.198585e-05
1.420000e+01	1.430000e+01	9.696220e-05	4.848109e-05	4.848109e-05
1.430000e+01	1.440000e+01	7.272165e-05	4.198585e-05	4.198585e-05
1.440000e+01	1.450000e+01	4.848109e-05	3.428131e-05	3.428131e-05
1.450000e+01	1.460000e+01	4.848109e-05	3.428131e-05	3.428131e-05
1.460000e+01	1.470000e+01	7.272165e-05	4.198585e-05	4.198585e-05
1.470000e+01	1.480000e+01	2.424054e-05	2.424054e-05	2.424054e-05
1.480000e+01	1.490000e+01	2.424055e-05	2.424054e-05	2.424054e-05
1.490000e+01	1.500000e+01	0.000000e+00	0.000000e+00	0.000000e+00
# END HISTO1D

