# BEGIN PLOT
LegendOnly=//home/frederic/Work/Software/LesHouches2017/lh2017-alphas/pythia-alphas/robustness/quark-as013650-as012285-truth.yoda/MC_LHJSS_Zjet/log_Angularity_zcut_0.2_beta_0_alpha_2 //home/frederic/Work/Software/LesHouches2017/lh2017-alphas/pythia-alphas/robustness/quark-as013650-as015015-truth.yoda/MC_LHJSS_Zjet/log_Angularity_zcut_0.2_beta_0_alpha_2 //home/frederic/Work/Software/LesHouches2017/lh2017-alphas/pythia-alphas/robustness/as013650-quark-robustness.yoda/MC_LHJSS_Zjet/log_Angularity_zcut_0.2_beta_0_alpha_2
DrawOnly=//home/frederic/Work/Software/LesHouches2017/lh2017-alphas/pythia-alphas/robustness/quark-as013650-as012285-truth.yoda/MC_LHJSS_Zjet/log_Angularity_zcut_0.2_beta_0_alpha_2 //home/frederic/Work/Software/LesHouches2017/lh2017-alphas/pythia-alphas/robustness/quark-as013650-as015015-truth.yoda/MC_LHJSS_Zjet/log_Angularity_zcut_0.2_beta_0_alpha_2 //home/frederic/Work/Software/LesHouches2017/lh2017-alphas/pythia-alphas/robustness/as013650-quark-robustness.yoda/MC_LHJSS_Zjet/log_Angularity_zcut_0.2_beta_0_alpha_2
Title=Angularity, $\alpha$ = 2 $z_{cut}$ = 0.2 $\beta$ = 0
RatioPlot=1
LogX=0
LogY=0
RatioPlotYLabel=Ratio
RatioPlotReference=//home/frederic/Work/Software/LesHouches2017/lh2017-alphas/pythia-alphas/robustness/quark-as013650-as012285-truth.yoda/MC_LHJSS_Zjet/log_Angularity_zcut_0.2_beta_0_alpha_2
XLabel=$e_\alpha$
YLabel=$1/\sigma \text{d}\sigma/\text{d}e_\alpha$
Legend=1
# END PLOT

# BEGIN HISTO1D //home/frederic/Work/Software/LesHouches2017/lh2017-alphas/pythia-alphas/robustness/quark-as013650-as012285-truth.yoda/MC_LHJSS_Zjet/log_Angularity_zcut_0.2_beta_0_alpha_2
LineColor=red
LineStyle=solid
NormalizeToSum=1
Path=//home/frederic/Work/Software/LesHouches2017/lh2017-alphas/pythia-alphas/robustness/quark-as013650-as012285-truth.yoda/MC_LHJSS_Zjet/log_Angularity_zcut_0.2_beta_0_alpha_2
ScaledBy=1.0
Title=quark-as013650-as012285-truth
XLabel=
YLabel=
# xlow	 xhigh	 val	 errminus	 errplus
0.000000e+00	1.000000e-01	0.000000e+00	0.000000e+00	0.000000e+00
1.000000e-01	2.000000e-01	0.000000e+00	0.000000e+00	0.000000e+00
2.000000e-01	3.000000e-01	3.325795e-04	3.325795e-04	3.325795e-04
3.000000e-01	4.000000e-01	3.325795e-04	3.325795e-04	3.325795e-04
4.000000e-01	5.000000e-01	3.325795e-04	3.325795e-04	3.325795e-04
5.000000e-01	6.000000e-01	6.798672e-04	1.378142e-03	1.378142e-03
6.000000e-01	7.000000e-01	5.107157e-05	4.025655e-04	4.025655e-04
7.000000e-01	8.000000e-01	1.532146e-04	6.972637e-04	6.972637e-04
8.000000e-01	9.000000e-01	2.111545e-03	2.513619e-03	2.513619e-03
9.000000e-01	1.000000e+00	1.160738e-03	1.904834e-03	1.904834e-03
1.000000e+00	1.100000e+00	3.601966e-03	3.291278e-03	3.291278e-03
1.100000e+00	1.200000e+00	2.376140e-03	2.709749e-03	2.709749e-03
1.200000e+00	1.300000e+00	4.132183e-04	1.149235e-03	1.149235e-03
1.300000e+00	1.400000e+00	7.772991e-03	4.556779e-03	4.556779e-03
1.400000e+00	1.500000e+00	8.970894e-04	1.686735e-03	1.686735e-03
1.500000e+00	1.600000e+00	1.818475e-04	7.636777e-04	7.636777e-04
1.600000e+00	1.700000e+00	6.024905e-07	4.401932e-05	4.401932e-05
1.700000e+00	1.800000e+00	1.886695e-03	2.430997e-03	2.430997e-03
1.800000e+00	1.900000e+00	1.095700e-04	5.932286e-04	5.932286e-04
1.900000e+00	2.000000e+00	9.034034e-04	1.694142e-03	1.694142e-03
2.000000e+00	2.100000e+00	1.894706e-07	2.468541e-05	2.468541e-05
2.100000e+00	2.200000e+00	9.333252e-04	1.718543e-03	1.718543e-03
2.200000e+00	2.300000e+00	1.493674e-04	6.922656e-04	6.922656e-04
2.300000e+00	2.400000e+00	4.377721e-05	3.751094e-04	3.751094e-04
2.400000e+00	2.500000e+00	6.971125e-04	1.486003e-03	1.486003e-03
2.500000e+00	2.600000e+00	3.019302e-04	9.834091e-04	9.834091e-04
2.600000e+00	2.700000e+00	5.430622e-04	1.314342e-03	1.314342e-03
2.700000e+00	2.800000e+00	1.280655e-03	2.010745e-03	2.010745e-03
2.800000e+00	2.900000e+00	2.303594e-05	2.721234e-04	2.721234e-04
2.900000e+00	3.000000e+00	8.300390e-04	1.618067e-03	1.618067e-03
3.000000e+00	3.100000e+00	1.548968e-03	2.207868e-03	2.207868e-03
3.100000e+00	3.200000e+00	1.457434e-03	2.144041e-03	2.144041e-03
3.200000e+00	3.300000e+00	1.871803e-03	2.414075e-03	2.414075e-03
3.300000e+00	3.400000e+00	1.121398e-04	5.999920e-04	5.999920e-04
3.400000e+00	3.500000e+00	2.732471e-09	2.964476e-06	2.964476e-06
3.500000e+00	3.600000e+00	1.096726e-03	1.864031e-03	1.864031e-03
3.600000e+00	3.700000e+00	3.821253e-04	1.104870e-03	1.104870e-03
3.700000e+00	3.800000e+00	2.190231e-05	2.653644e-04	2.653644e-04
3.800000e+00	3.900000e+00	7.879833e-04	1.582204e-03	1.582204e-03
3.900000e+00	4.000000e+00	8.363314e-04	1.626387e-03	1.626387e-03
4.000000e+00	4.100000e+00	2.736452e-03	2.901563e-03	2.901563e-03
4.100000e+00	4.200000e+00	6.109453e-04	1.394070e-03	1.394070e-03
4.200000e+00	4.300000e+00	3.602077e-04	1.073910e-03	1.073910e-03
4.300000e+00	4.400000e+00	1.294913e-03	2.013248e-03	2.013248e-03
4.400000e+00	4.500000e+00	1.613663e-05	2.277846e-04	2.277846e-04
4.500000e+00	4.600000e+00	1.219559e-03	1.961360e-03	1.961360e-03
4.600000e+00	4.700000e+00	1.859733e-03	2.416163e-03	2.416163e-03
4.700000e+00	4.800000e+00	3.110571e-03	3.101605e-03	3.101605e-03
4.800000e+00	4.900000e+00	9.639301e-04	1.748689e-03	1.748689e-03
4.900000e+00	5.000000e+00	3.581493e-05	3.392898e-04	3.392898e-04
5.000000e+00	5.100000e+00	2.190231e-05	2.653644e-04	2.653644e-04
5.100000e+00	5.200000e+00	3.787208e-05	3.489034e-04	3.489034e-04
5.200000e+00	5.300000e+00	1.548968e-03	2.207868e-03	2.207868e-03
5.300000e+00	5.400000e+00	5.618439e-04	1.337866e-03	1.337866e-03
5.400000e+00	5.500000e+00	5.377557e-04	1.308806e-03	1.308806e-03
5.500000e+00	5.600000e+00	6.366235e-06	1.430840e-04	1.430840e-04
5.600000e+00	5.700000e+00	3.114165e-04	9.975235e-04	9.975235e-04
5.700000e+00	5.800000e+00	2.732471e-09	2.964476e-06	2.964476e-06
5.800000e+00	5.900000e+00	2.075927e-03	2.543897e-03	2.543897e-03
5.900000e+00	6.000000e+00	2.190231e-05	2.653644e-04	2.653644e-04
6.000000e+00	6.100000e+00	4.022939e-03	3.511337e-03	3.511337e-03
6.100000e+00	6.200000e+00	3.174157e-04	1.007928e-03	1.007928e-03
6.200000e+00	6.300000e+00	5.614023e-05	4.247073e-04	4.247073e-04
6.300000e+00	6.400000e+00	1.894706e-07	2.468541e-05	2.468541e-05
6.400000e+00	6.500000e+00	1.859733e-03	2.416163e-03	2.416163e-03
6.500000e+00	6.600000e+00	6.024905e-07	4.401932e-05	4.401932e-05
6.600000e+00	6.700000e+00	3.151726e-05	3.182847e-04	3.182847e-04
6.700000e+00	6.800000e+00	3.296113e-03	3.176290e-03	3.176290e-03
6.800000e+00	6.900000e+00	3.498992e-04	1.057368e-03	1.057368e-03
6.900000e+00	7.000000e+00	8.485343e-04	1.642927e-03	1.642927e-03
7.000000e+00	7.100000e+00	1.157287e-04	6.094083e-04	6.094083e-04
7.100000e+00	7.200000e+00	3.118332e-03	3.107610e-03	3.107610e-03
7.200000e+00	7.300000e+00	7.150005e-04	1.506261e-03	1.506261e-03
7.300000e+00	7.400000e+00	8.019489e-04	1.596032e-03	1.596032e-03
7.400000e+00	7.500000e+00	2.396102e-04	8.759199e-04	8.759199e-04
7.500000e+00	7.600000e+00	2.396102e-04	8.759199e-04	8.759199e-04
7.600000e+00	7.700000e+00	7.127680e-04	1.505766e-03	1.505766e-03
7.700000e+00	7.800000e+00	1.834283e-03	2.398765e-03	2.398765e-03
7.800000e+00	7.900000e+00	5.517950e-04	1.326580e-03	1.326580e-03
7.900000e+00	8.000000e+00	2.157087e-03	2.598167e-03	2.598167e-03
8.000000e+00	8.100000e+00	5.085686e-04	1.274976e-03	1.274976e-03
8.100000e+00	8.200000e+00	3.029356e-03	3.073713e-03	3.073713e-03
8.200000e+00	8.300000e+00	4.780883e-04	1.236554e-03	1.236554e-03
8.300000e+00	8.400000e+00	5.113208e-04	1.278947e-03	1.278947e-03
8.400000e+00	8.500000e+00	1.528315e-03	2.200732e-03	2.200732e-03
8.500000e+00	8.600000e+00	3.109544e-03	3.118356e-03	3.118356e-03
8.600000e+00	8.700000e+00	4.925286e-03	3.893686e-03	3.893686e-03
8.700000e+00	8.800000e+00	6.734686e-04	1.467940e-03	1.467940e-03
8.800000e+00	8.900000e+00	2.530524e-03	2.826204e-03	2.826204e-03
8.900000e+00	9.000000e+00	3.027387e-03	3.079562e-03	3.079562e-03
9.000000e+00	9.100000e+00	8.189901e-04	1.617648e-03	1.617648e-03
9.100000e+00	9.200000e+00	4.531738e-03	3.771389e-03	3.771389e-03
9.200000e+00	9.300000e+00	1.621997e-03	2.274458e-03	2.274458e-03
9.300000e+00	9.400000e+00	5.838002e-04	1.367962e-03	1.367962e-03
9.400000e+00	9.500000e+00	7.574272e-03	4.849319e-03	4.849319e-03
9.500000e+00	9.600000e+00	1.146606e-04	6.070911e-04	6.070911e-04
9.600000e+00	9.700000e+00	1.871469e-04	7.754611e-04	7.754611e-04
9.700000e+00	9.800000e+00	1.114851e-04	5.986459e-04	5.986459e-04
9.800000e+00	9.900000e+00	5.198637e-05	4.088519e-04	4.088519e-04
9.900000e+00	1.000000e+01	9.683706e-04	1.761199e-03	1.761199e-03
1.000000e+01	1.010000e+01	3.619180e-05	3.411486e-04	3.411486e-04
1.010000e+01	1.020000e+01	6.166427e-04	1.406605e-03	1.406605e-03
1.020000e+01	1.030000e+01	8.204333e-06	1.624370e-04	1.624370e-04
1.030000e+01	1.040000e+01	7.188540e-04	1.518475e-03	1.518475e-03
1.040000e+01	1.050000e+01	5.440575e-08	1.322795e-05	1.322795e-05
1.050000e+01	1.060000e+01	1.030766e-03	1.816224e-03	1.816224e-03
1.060000e+01	1.070000e+01	2.957307e-03	3.061539e-03	3.061539e-03
1.070000e+01	1.080000e+01	4.693019e-03	3.843597e-03	3.843597e-03
1.080000e+01	1.090000e+01	1.033557e-06	5.765493e-05	5.765493e-05
1.090000e+01	1.100000e+01	2.618859e-03	2.884280e-03	2.884280e-03
1.100000e+01	1.110000e+01	2.260335e-04	8.521994e-04	8.521994e-04
1.110000e+01	1.120000e+01	2.289978e-03	2.696780e-03	2.696780e-03
1.120000e+01	1.130000e+01	1.944082e-04	7.903410e-04	7.903410e-04
1.130000e+01	1.140000e+01	4.036442e-04	1.138115e-03	1.138115e-03
1.140000e+01	1.150000e+01	5.014898e-03	3.950987e-03	3.950987e-03
1.150000e+01	1.160000e+01	3.795285e-03	3.440886e-03	3.440886e-03
1.160000e+01	1.170000e+01	8.731544e-06	1.675724e-04	1.675724e-04
1.170000e+01	1.180000e+01	3.286602e-03	3.202260e-03	3.202260e-03
1.180000e+01	1.190000e+01	8.315392e-04	1.629757e-03	1.629757e-03
1.190000e+01	1.200000e+01	3.964768e-03	3.479178e-03	3.479178e-03
1.200000e+01	1.210000e+01	4.457923e-03	3.699678e-03	3.699678e-03
1.210000e+01	1.220000e+01	2.347816e-04	8.679047e-04	8.679047e-04
1.220000e+01	1.230000e+01	1.371269e-03	2.081477e-03	2.081477e-03
1.230000e+01	1.240000e+01	1.045617e-05	1.833719e-04	1.833719e-04
1.240000e+01	1.250000e+01	1.121398e-04	5.999920e-04	5.999920e-04
1.250000e+01	1.260000e+01	2.508699e-03	2.783445e-03	2.783445e-03
1.260000e+01	1.270000e+01	6.411614e-07	4.540995e-05	4.540995e-05
1.270000e+01	1.280000e+01	1.721609e-03	2.317331e-03	2.317331e-03
1.280000e+01	1.290000e+01	7.989222e-04	1.591020e-03	1.591020e-03
1.290000e+01	1.300000e+01	8.387180e-05	5.188984e-04	5.188984e-04
1.300000e+01	1.310000e+01	5.523917e-05	4.212593e-04	4.212593e-04
1.310000e+01	1.320000e+01	1.002447e-02	4.188829e-03	4.188829e-03
1.320000e+01	1.330000e+01	4.113288e-03	3.353977e-03	3.353977e-03
1.330000e+01	1.340000e+01	4.200332e-03	3.247152e-03	3.247152e-03
1.340000e+01	1.350000e+01	2.761978e-05	2.978764e-04	2.978764e-04
1.350000e+01	1.360000e+01	9.140378e-04	1.669057e-03	1.669057e-03
1.360000e+01	1.370000e+01	2.437123e-03	2.657100e-03	2.657100e-03
1.370000e+01	1.380000e+01	2.739827e-05	2.966537e-04	2.966537e-04
1.380000e+01	1.390000e+01	5.041615e-03	3.589423e-03	3.589423e-03
1.390000e+01	1.400000e+01	2.553572e-04	9.001629e-04	9.001629e-04
1.400000e+01	1.410000e+01	9.140378e-04	1.669057e-03	1.669057e-03
1.410000e+01	1.420000e+01	5.821499e-03	3.498788e-03	3.498788e-03
1.420000e+01	1.430000e+01	5.763843e-06	1.361300e-04	1.361300e-04
1.430000e+01	1.440000e+01	3.327718e-04	1.026450e-03	1.026450e-03
1.440000e+01	1.450000e+01	7.053684e-05	4.751420e-04	4.751420e-04
1.450000e+01	1.460000e+01	7.487205e-04	1.526795e-03	1.526795e-03
1.460000e+01	1.470000e+01	3.056038e-03	2.516595e-03	2.516595e-03
1.470000e+01	1.480000e+01	1.093182e-03	1.800374e-03	1.800374e-03
1.480000e+01	1.490000e+01	4.610991e-06	1.217573e-04	1.217573e-04
1.490000e+01	1.500000e+01	1.697065e-04	7.347385e-04	7.347385e-04
# END HISTO1D

# BEGIN HISTO1D //home/frederic/Work/Software/LesHouches2017/lh2017-alphas/pythia-alphas/robustness/quark-as013650-as015015-truth.yoda/MC_LHJSS_Zjet/log_Angularity_zcut_0.2_beta_0_alpha_2
LineColor=blue
LineStyle=solid
NormalizeToSum=1
Path=//home/frederic/Work/Software/LesHouches2017/lh2017-alphas/pythia-alphas/robustness/quark-as013650-as015015-truth.yoda/MC_LHJSS_Zjet/log_Angularity_zcut_0.2_beta_0_alpha_2
ScaledBy=1.0
Title=quark-as013650-as015015-truth
XLabel=
YLabel=
# xlow	 xhigh	 val	 errminus	 errplus
0.000000e+00	1.000000e-01	0.000000e+00	0.000000e+00	0.000000e+00
1.000000e-01	2.000000e-01	0.000000e+00	0.000000e+00	0.000000e+00
2.000000e-01	3.000000e-01	0.000000e+00	0.000000e+00	0.000000e+00
3.000000e-01	4.000000e-01	3.115653e-04	3.115653e-04	3.115653e-04
4.000000e-01	5.000000e-01	3.115653e-04	3.115653e-04	3.115653e-04
5.000000e-01	6.000000e-01	4.483200e-04	1.142714e-03	1.142714e-03
6.000000e-01	7.000000e-01	9.845028e-04	1.608993e-03	1.608993e-03
7.000000e-01	8.000000e-01	3.364447e-04	1.018957e-03	1.018957e-03
8.000000e-01	9.000000e-01	5.780894e-04	1.342848e-03	1.342848e-03
9.000000e-01	1.000000e+00	1.363249e-03	2.045278e-03	2.045278e-03
1.000000e+00	1.100000e+00	1.585433e-04	7.085300e-04	7.085300e-04
1.100000e+00	1.200000e+00	1.002899e-03	1.770206e-03	1.770206e-03
1.200000e+00	1.300000e+00	1.912604e-04	7.780651e-04	7.780651e-04
1.300000e+00	1.400000e+00	1.085037e-02	5.198104e-03	5.198104e-03
1.400000e+00	1.500000e+00	3.297080e-04	1.020788e-03	1.020788e-03
1.500000e+00	1.600000e+00	9.139036e-04	1.691821e-03	1.691821e-03
1.600000e+00	1.700000e+00	7.124215e-06	1.503697e-04	1.503697e-04
1.700000e+00	1.800000e+00	3.191225e-03	3.115205e-03	3.115205e-03
1.800000e+00	1.900000e+00	1.235140e-04	6.256641e-04	6.256641e-04
1.900000e+00	2.000000e+00	3.488454e-05	3.326896e-04	3.326896e-04
2.000000e+00	2.100000e+00	1.041101e-03	1.805432e-03	1.805432e-03
2.100000e+00	2.200000e+00	9.359416e-08	1.723605e-05	1.723605e-05
2.200000e+00	2.300000e+00	3.708755e-04	1.082090e-03	1.082090e-03
2.300000e+00	2.400000e+00	9.178755e-05	5.394077e-04	5.394077e-04
2.400000e+00	2.500000e+00	9.475401e-04	1.716728e-03	1.716728e-03
2.500000e+00	2.600000e+00	3.586568e-04	1.064368e-03	1.064368e-03
2.600000e+00	2.700000e+00	6.423787e-04	1.420306e-03	1.420306e-03
2.700000e+00	2.800000e+00	5.892134e-04	1.362814e-03	1.362814e-03
2.800000e+00	2.900000e+00	3.938230e-04	1.113803e-03	1.113803e-03
2.900000e+00	3.000000e+00	1.569495e-03	2.193111e-03	2.193111e-03
3.000000e+00	3.100000e+00	5.823491e-04	1.354337e-03	1.354337e-03
3.100000e+00	3.200000e+00	9.364802e-04	1.713634e-03	1.713634e-03
3.200000e+00	3.300000e+00	1.499801e-04	6.892422e-04	6.892422e-04
3.300000e+00	3.400000e+00	4.208624e-04	1.151912e-03	1.151912e-03
3.400000e+00	3.500000e+00	1.382012e-04	6.616072e-04	6.616072e-04
3.500000e+00	3.600000e+00	1.715213e-03	2.305237e-03	2.305237e-03
3.600000e+00	3.700000e+00	1.723560e-04	7.386595e-04	7.386595e-04
3.700000e+00	3.800000e+00	1.606016e-04	7.131368e-04	7.131368e-04
3.800000e+00	3.900000e+00	5.388331e-04	1.302220e-03	1.302220e-03
3.900000e+00	4.000000e+00	1.152634e-03	1.891227e-03	1.891227e-03
4.000000e+00	4.100000e+00	1.653351e-05	2.290592e-04	2.290592e-04
4.100000e+00	4.200000e+00	1.514869e-03	2.169298e-03	2.169298e-03
4.200000e+00	4.300000e+00	1.024068e-03	1.790902e-03	1.790902e-03
4.300000e+00	4.400000e+00	2.299878e-03	2.640458e-03	2.640458e-03
4.400000e+00	4.500000e+00	2.380773e-06	8.692910e-05	8.692910e-05
4.500000e+00	4.600000e+00	3.297663e-04	1.020582e-03	1.020582e-03
4.600000e+00	4.700000e+00	9.036932e-04	1.684145e-03	1.684145e-03
4.700000e+00	4.800000e+00	9.235522e-04	1.703062e-03	1.703062e-03
4.800000e+00	4.900000e+00	4.134805e-04	1.142383e-03	1.142383e-03
4.900000e+00	5.000000e+00	9.677719e-04	1.739634e-03	1.739634e-03
5.000000e+00	5.100000e+00	4.769493e-04	1.226213e-03	1.226213e-03
5.100000e+00	5.200000e+00	2.350153e-04	8.622118e-04	8.622118e-04
5.200000e+00	5.300000e+00	5.087756e-05	4.017396e-04	4.017396e-04
5.300000e+00	5.400000e+00	5.272735e-05	4.089396e-04	4.089396e-04
5.400000e+00	5.500000e+00	2.129575e-03	2.554829e-03	2.554829e-03
5.500000e+00	5.600000e+00	1.603613e-05	2.255858e-04	2.255858e-04
5.600000e+00	5.700000e+00	3.975241e-03	3.430278e-03	3.430278e-03
5.700000e+00	5.800000e+00	5.063440e-04	1.262934e-03	1.262934e-03
5.800000e+00	5.900000e+00	7.470945e-05	4.867432e-04	4.867432e-04
5.900000e+00	6.000000e+00	4.769493e-04	1.226213e-03	1.226213e-03
6.000000e+00	6.100000e+00	2.399891e-03	2.722531e-03	2.722531e-03
6.100000e+00	6.200000e+00	5.753887e-05	4.271653e-04	4.271653e-04
6.200000e+00	6.300000e+00	6.423787e-04	1.420306e-03	1.420306e-03
6.300000e+00	6.400000e+00	2.850497e-08	9.512046e-06	9.512046e-06
6.400000e+00	6.500000e+00	8.820452e-06	1.673159e-04	1.673159e-04
6.500000e+00	6.600000e+00	4.611790e-05	3.824767e-04	3.824767e-04
6.600000e+00	6.700000e+00	1.486330e-03	2.146532e-03	2.146532e-03
6.700000e+00	6.800000e+00	2.715096e-03	2.877705e-03	2.877705e-03
6.800000e+00	6.900000e+00	6.696254e-04	1.450255e-03	1.450255e-03
6.900000e+00	7.000000e+00	8.593579e-05	5.220205e-04	5.220205e-04
7.000000e+00	7.100000e+00	2.357958e-03	2.686700e-03	2.686700e-03
7.100000e+00	7.200000e+00	1.896751e-04	7.751465e-04	7.751465e-04
7.200000e+00	7.300000e+00	8.989367e-04	1.675120e-03	1.675120e-03
7.300000e+00	7.400000e+00	4.780893e-04	1.228054e-03	1.228054e-03
7.400000e+00	7.500000e+00	3.992403e-03	3.451601e-03	3.451601e-03
7.500000e+00	7.600000e+00	2.744793e-03	2.887299e-03	2.887299e-03
7.600000e+00	7.700000e+00	7.139632e-04	1.498532e-03	1.498532e-03
7.700000e+00	7.800000e+00	8.481181e-06	1.640666e-04	1.640666e-04
7.800000e+00	7.900000e+00	7.794426e-04	1.565116e-03	1.565116e-03
7.900000e+00	8.000000e+00	4.108123e-05	3.610274e-04	3.610274e-04
8.000000e+00	8.100000e+00	1.854819e-04	7.665272e-04	7.665272e-04
8.100000e+00	8.200000e+00	2.375233e-04	8.673643e-04	8.673643e-04
8.200000e+00	8.300000e+00	2.408657e-04	8.732881e-04	8.732881e-04
8.300000e+00	8.400000e+00	2.092330e-04	8.141447e-04	8.141447e-04
8.400000e+00	8.500000e+00	6.324409e-04	1.413229e-03	1.413229e-03
8.500000e+00	8.600000e+00	2.472472e-06	8.858809e-05	8.858809e-05
8.600000e+00	8.700000e+00	4.761817e-06	1.229398e-04	1.229398e-04
8.700000e+00	8.800000e+00	5.888424e-04	1.364422e-03	1.364422e-03
8.800000e+00	8.900000e+00	4.131030e-04	1.143625e-03	1.143625e-03
8.900000e+00	9.000000e+00	6.319600e-03	4.364606e-03	4.364606e-03
9.000000e+00	9.100000e+00	6.170055e-03	4.329656e-03	4.329656e-03
9.100000e+00	9.200000e+00	4.435023e-09	3.751990e-06	3.751990e-06
9.200000e+00	9.300000e+00	7.342539e-05	4.826807e-04	4.826807e-04
9.300000e+00	9.400000e+00	3.828303e-04	1.101242e-03	1.101242e-03
9.400000e+00	9.500000e+00	1.326123e-03	2.045960e-03	2.045960e-03
9.500000e+00	9.600000e+00	1.295015e-03	2.021276e-03	2.021276e-03
9.600000e+00	9.700000e+00	5.049713e-04	1.264567e-03	1.264567e-03
9.700000e+00	9.800000e+00	5.734844e-04	1.347573e-03	1.347573e-03
9.800000e+00	9.900000e+00	6.799932e-04	1.467065e-03	1.467065e-03
9.900000e+00	1.000000e+01	8.773591e-05	5.276137e-04	5.276137e-04
1.000000e+01	1.010000e+01	1.836617e-05	2.414388e-04	2.414388e-04
1.010000e+01	1.020000e+01	4.222443e-05	3.660685e-04	3.660685e-04
1.020000e+01	1.030000e+01	1.960369e-03	2.484513e-03	2.484513e-03
1.030000e+01	1.040000e+01	1.956717e-03	2.481802e-03	2.481802e-03
1.040000e+01	1.050000e+01	2.911765e-03	3.021485e-03	3.021485e-03
1.050000e+01	1.060000e+01	7.050463e-04	1.493395e-03	1.493395e-03
1.060000e+01	1.070000e+01	1.318658e-03	2.038959e-03	2.038959e-03
1.070000e+01	1.080000e+01	1.636181e-04	7.203404e-04	7.203404e-04
1.080000e+01	1.090000e+01	5.737197e-03	4.208836e-03	4.208836e-03
1.090000e+01	1.100000e+01	7.124504e-04	1.500827e-03	1.500827e-03
1.100000e+01	1.110000e+01	5.118861e-03	3.980408e-03	3.980408e-03
1.110000e+01	1.120000e+01	3.412282e-05	3.290714e-04	3.290714e-04
1.120000e+01	1.130000e+01	6.232357e-03	4.367709e-03	4.367709e-03
1.130000e+01	1.140000e+01	2.577880e-03	2.836706e-03	2.836706e-03
1.140000e+01	1.150000e+01	1.391625e-04	6.642536e-04	6.642536e-04
1.150000e+01	1.160000e+01	7.785238e-05	4.969279e-04	4.969279e-04
1.160000e+01	1.170000e+01	1.909186e-03	2.443393e-03	2.443393e-03
1.170000e+01	1.180000e+01	1.210826e-04	6.195519e-04	6.195519e-04
1.180000e+01	1.190000e+01	1.094160e-03	1.853649e-03	1.853649e-03
1.190000e+01	1.200000e+01	9.139036e-04	1.691821e-03	1.691821e-03
1.200000e+01	1.210000e+01	7.802640e-06	1.573666e-04	1.573666e-04
1.210000e+01	1.220000e+01	9.542699e-04	1.730459e-03	1.730459e-03
1.220000e+01	1.230000e+01	1.975483e-04	7.906550e-04	7.906550e-04
1.230000e+01	1.240000e+01	3.891348e-03	3.427611e-03	3.427611e-03
1.240000e+01	1.250000e+01	1.271724e-05	2.008922e-04	2.008922e-04
1.250000e+01	1.260000e+01	1.011196e-03	1.771308e-03	1.771308e-03
1.260000e+01	1.270000e+01	1.134914e-03	1.873722e-03	1.873722e-03
1.270000e+01	1.280000e+01	3.177488e-04	1.000667e-03	1.000667e-03
1.280000e+01	1.290000e+01	8.434695e-04	1.619835e-03	1.619835e-03
1.290000e+01	1.300000e+01	1.826569e-03	2.347613e-03	2.347613e-03
1.300000e+01	1.310000e+01	2.039463e-03	2.478073e-03	2.478073e-03
1.310000e+01	1.320000e+01	3.133567e-03	2.753804e-03	2.753804e-03
1.320000e+01	1.330000e+01	4.583251e-04	1.192147e-03	1.192147e-03
1.330000e+01	1.340000e+01	2.953508e-03	2.786858e-03	2.786858e-03
1.340000e+01	1.350000e+01	2.866690e-05	3.014747e-04	3.014747e-04
1.350000e+01	1.360000e+01	4.485927e-04	1.176589e-03	1.176589e-03
1.360000e+01	1.370000e+01	2.627679e-04	9.053483e-04	9.053483e-04
1.370000e+01	1.380000e+01	2.248465e-03	2.468621e-03	2.468621e-03
1.380000e+01	1.390000e+01	2.501877e-03	2.683754e-03	2.683754e-03
1.390000e+01	1.400000e+01	1.696236e-06	7.337282e-05	7.337282e-05
1.400000e+01	1.410000e+01	3.288712e-04	1.007422e-03	1.007422e-03
1.410000e+01	1.420000e+01	4.743770e-04	1.193373e-03	1.193373e-03
1.420000e+01	1.430000e+01	1.696236e-06	7.337282e-05	7.337282e-05
1.430000e+01	1.440000e+01	4.098310e-03	3.138799e-03	3.138799e-03
1.440000e+01	1.450000e+01	2.102144e-04	8.097682e-04	8.097682e-04
1.450000e+01	1.460000e+01	2.055952e-03	2.429082e-03	2.429082e-03
1.460000e+01	1.470000e+01	2.997654e-03	2.480608e-03	2.480608e-03
1.470000e+01	1.480000e+01	1.576610e-04	7.012802e-04	7.012802e-04
1.480000e+01	1.490000e+01	1.498977e-03	2.015620e-03	2.015620e-03
1.490000e+01	1.500000e+01	1.701614e-03	2.166328e-03	2.166328e-03
# END HISTO1D

# BEGIN HISTO1D //home/frederic/Work/Software/LesHouches2017/lh2017-alphas/pythia-alphas/robustness/as013650-quark-robustness.yoda/MC_LHJSS_Zjet/log_Angularity_zcut_0.2_beta_0_alpha_2
LineColor=green
LineStyle=solid
NormalizeToSum=1
Path=//home/frederic/Work/Software/LesHouches2017/lh2017-alphas/pythia-alphas/robustness/as013650-quark-robustness.yoda/MC_LHJSS_Zjet/log_Angularity_zcut_0.2_beta_0_alpha_2
ScaledBy=1.0
Title=as013650-quark-robustness
XLabel=
YLabel=
# xlow	 xhigh	 val	 errminus	 errplus
0.000000e+00	1.000000e-01	0.000000e+00	0.000000e+00	0.000000e+00
1.000000e-01	2.000000e-01	0.000000e+00	0.000000e+00	0.000000e+00
2.000000e-01	3.000000e-01	1.696838e-04	6.413445e-05	6.413445e-05
3.000000e-01	4.000000e-01	4.120892e-04	9.994632e-05	9.994632e-05
4.000000e-01	5.000000e-01	6.302540e-04	1.236030e-04	1.236030e-04
5.000000e-01	6.000000e-01	6.091190e-04	1.187341e-03	1.187341e-03
6.000000e-01	7.000000e-01	2.265550e-04	7.465771e-04	7.465771e-04
7.000000e-01	8.000000e-01	1.856022e-04	6.889229e-04	6.889229e-04
8.000000e-01	9.000000e-01	8.409998e-04	1.459898e-03	1.459898e-03
9.000000e-01	1.000000e+00	1.278853e-03	1.795475e-03	1.795475e-03
1.000000e+00	1.100000e+00	2.598008e-03	2.540993e-03	2.540993e-03
1.100000e+00	1.200000e+00	1.508112e-03	1.956578e-03	1.956578e-03
1.200000e+00	1.300000e+00	5.132922e-04	1.150686e-03	1.150686e-03
1.300000e+00	1.400000e+00	5.893733e-03	3.621017e-03	3.621017e-03
1.400000e+00	1.500000e+00	1.348664e-13	1.872393e-08	1.872393e-08
1.500000e+00	1.600000e+00	3.780721e-04	9.884847e-04	9.884847e-04
1.600000e+00	1.700000e+00	1.572042e-04	6.385814e-04	6.385814e-04
1.700000e+00	1.800000e+00	9.264795e-04	1.541240e-03	1.541240e-03
1.800000e+00	1.900000e+00	4.379833e-05	3.373261e-04	3.373261e-04
1.900000e+00	2.000000e+00	1.706031e-04	6.652239e-04	6.652239e-04
2.000000e+00	2.100000e+00	1.292187e-04	5.790404e-04	5.790404e-04
2.100000e+00	2.200000e+00	1.007024e-04	5.112541e-04	5.112541e-04
2.200000e+00	2.300000e+00	7.322181e-05	4.360393e-04	4.360393e-04
2.300000e+00	2.400000e+00	7.039274e-07	4.277665e-05	4.277665e-05
2.400000e+00	2.500000e+00	2.816987e-03	2.630194e-03	2.630194e-03
2.500000e+00	2.600000e+00	5.092258e-04	1.146548e-03	1.146548e-03
2.600000e+00	2.700000e+00	5.299124e-04	1.168386e-03	1.168386e-03
2.700000e+00	2.800000e+00	3.555683e-04	9.591022e-04	9.591022e-04
2.800000e+00	2.900000e+00	1.158583e-03	1.716768e-03	1.716768e-03
2.900000e+00	3.000000e+00	3.055658e-03	2.726563e-03	2.726563e-03
3.000000e+00	3.100000e+00	6.481917e-04	1.292541e-03	1.292541e-03
3.100000e+00	3.200000e+00	1.354293e-03	1.859809e-03	1.859809e-03
3.200000e+00	3.300000e+00	5.317321e-06	1.175640e-04	1.175640e-04
3.300000e+00	3.400000e+00	2.118235e-04	7.407522e-04	7.407522e-04
3.400000e+00	3.500000e+00	1.989545e-04	7.180367e-04	7.180367e-04
3.500000e+00	3.600000e+00	6.154440e-04	1.259748e-03	1.259748e-03
3.600000e+00	3.700000e+00	5.048457e-05	3.621173e-04	3.621173e-04
3.700000e+00	3.800000e+00	8.200274e-07	4.616964e-05	4.616964e-05
3.800000e+00	3.900000e+00	1.783839e-04	6.799565e-04	6.799565e-04
3.900000e+00	4.000000e+00	1.799474e-03	2.125278e-03	2.125278e-03
4.000000e+00	4.100000e+00	6.698326e-05	4.170894e-04	4.170894e-04
4.100000e+00	4.200000e+00	1.212192e-04	5.608095e-04	5.608095e-04
4.200000e+00	4.300000e+00	7.869569e-04	1.423143e-03	1.423143e-03
4.300000e+00	4.400000e+00	2.473225e-03	2.472339e-03	2.472339e-03
4.400000e+00	4.500000e+00	1.824027e-06	6.885807e-05	6.885807e-05
4.500000e+00	4.600000e+00	2.758487e-04	8.450828e-04	8.450828e-04
4.600000e+00	4.700000e+00	7.860129e-04	1.422582e-03	1.422582e-03
4.700000e+00	4.800000e+00	1.884525e-03	2.188894e-03	2.188894e-03
4.800000e+00	4.900000e+00	3.315263e-04	9.262637e-04	9.262637e-04
4.900000e+00	5.000000e+00	5.813690e-04	1.223626e-03	1.223626e-03
5.000000e+00	5.100000e+00	1.049684e-04	5.219543e-04	5.219543e-04
5.100000e+00	5.200000e+00	1.805591e-06	6.850916e-05	6.850916e-05
5.200000e+00	5.300000e+00	1.522604e-04	6.285204e-04	6.285204e-04
5.300000e+00	5.400000e+00	1.071331e-04	5.273003e-04	5.273003e-04
5.400000e+00	5.500000e+00	1.717390e-03	2.082135e-03	2.082135e-03
5.500000e+00	5.600000e+00	7.035339e-05	4.274335e-04	4.274335e-04
5.600000e+00	5.700000e+00	3.076509e-03	2.748105e-03	2.748105e-03
5.700000e+00	5.800000e+00	2.732091e-04	8.409540e-04	8.409540e-04
5.800000e+00	5.900000e+00	6.968024e-06	1.345799e-04	1.345799e-04
5.900000e+00	6.000000e+00	1.446117e-04	6.124608e-04	6.124608e-04
6.000000e+00	6.100000e+00	1.826951e-03	2.157604e-03	2.157604e-03
6.100000e+00	6.200000e+00	5.638408e-04	1.205494e-03	1.205494e-03
6.200000e+00	6.300000e+00	7.094017e-04	1.349883e-03	1.349883e-03
6.300000e+00	6.400000e+00	1.662448e-04	6.566113e-04	6.566113e-04
6.400000e+00	6.500000e+00	6.784436e-04	1.322557e-03	1.322557e-03
6.500000e+00	6.600000e+00	7.809168e-05	4.503146e-04	4.503146e-04
6.600000e+00	6.700000e+00	1.392825e-03	1.881338e-03	1.881338e-03
6.700000e+00	6.800000e+00	2.951878e-05	2.769584e-04	2.769584e-04
6.800000e+00	6.900000e+00	8.492166e-04	1.475862e-03	1.475862e-03
6.900000e+00	7.000000e+00	1.598784e-04	6.440467e-04	6.440467e-04
7.000000e+00	7.100000e+00	2.255785e-03	2.378818e-03	2.378818e-03
7.100000e+00	7.200000e+00	8.726316e-04	1.498953e-03	1.498953e-03
7.200000e+00	7.300000e+00	3.358232e-03	2.870159e-03	2.870159e-03
7.300000e+00	7.400000e+00	1.572042e-04	6.385814e-04	6.385814e-04
7.400000e+00	7.500000e+00	2.503688e-03	2.498598e-03	2.498598e-03
7.500000e+00	7.600000e+00	2.790538e-03	2.632098e-03	2.632098e-03
7.600000e+00	7.700000e+00	2.311178e-04	7.739080e-04	7.739080e-04
7.700000e+00	7.800000e+00	5.848022e-05	3.897598e-04	3.897598e-04
7.800000e+00	7.900000e+00	1.993937e-04	7.189833e-04	7.189833e-04
7.900000e+00	8.000000e+00	1.963405e-04	7.136222e-04	7.136222e-04
8.000000e+00	8.100000e+00	3.381862e-05	2.964412e-04	2.964412e-04
8.100000e+00	8.200000e+00	1.577037e-03	2.009603e-03	2.009603e-03
8.200000e+00	8.300000e+00	1.503988e-04	6.247410e-04	6.247410e-04
8.300000e+00	8.400000e+00	4.685905e-04	1.101005e-03	1.101005e-03
8.400000e+00	8.500000e+00	1.481283e-03	1.948566e-03	1.948566e-03
8.500000e+00	8.600000e+00	2.860867e-03	2.693167e-03	2.693167e-03
8.600000e+00	8.700000e+00	3.665005e-03	3.039377e-03	3.039377e-03
8.700000e+00	8.800000e+00	3.706367e-03	3.057155e-03	3.057155e-03
8.800000e+00	8.900000e+00	5.193647e-03	3.602419e-03	3.602419e-03
8.900000e+00	9.000000e+00	4.330114e-05	3.354268e-04	3.354268e-04
9.000000e+00	9.100000e+00	8.337917e-04	1.466553e-03	1.466553e-03
9.100000e+00	9.200000e+00	1.632497e-02	6.207132e-03	6.207132e-03
9.200000e+00	9.300000e+00	1.503568e-02	5.977775e-03	5.977775e-03
9.300000e+00	9.400000e+00	8.930674e-03	4.679229e-03	4.679229e-03
9.400000e+00	9.500000e+00	2.339796e-02	7.346957e-03	7.346957e-03
9.500000e+00	9.600000e+00	1.040011e-02	5.035760e-03	5.035760e-03
9.600000e+00	9.700000e+00	1.111659e-02	5.203322e-03	5.203322e-03
9.700000e+00	9.800000e+00	1.397586e-02	5.803539e-03	5.803539e-03
9.800000e+00	9.900000e+00	1.435155e-02	5.874335e-03	5.874335e-03
9.900000e+00	1.000000e+01	1.326090e-02	5.661907e-03	5.661907e-03
1.000000e+01	1.010000e+01	1.826605e-02	6.582763e-03	6.582763e-03
1.010000e+01	1.020000e+01	2.053729e-02	6.965578e-03	6.965578e-03
1.020000e+01	1.030000e+01	1.923936e-02	6.756122e-03	6.756122e-03
1.030000e+01	1.040000e+01	1.659738e-02	6.308125e-03	6.308125e-03
1.040000e+01	1.050000e+01	1.699565e-02	6.384111e-03	6.384111e-03
1.050000e+01	1.060000e+01	4.178082e-03	3.255781e-03	3.255781e-03
1.060000e+01	1.070000e+01	3.721714e-03	3.074492e-03	3.074492e-03
1.070000e+01	1.080000e+01	3.938481e-03	3.162700e-03	3.162700e-03
1.080000e+01	1.090000e+01	1.211996e-02	5.445421e-03	5.445421e-03
1.090000e+01	1.100000e+01	4.350972e-03	3.319880e-03	3.319880e-03
1.100000e+01	1.110000e+01	1.351791e-02	5.722261e-03	5.722261e-03
1.110000e+01	1.120000e+01	3.148924e-03	2.830310e-03	2.830310e-03
1.120000e+01	1.130000e+01	1.119226e-02	5.216555e-03	5.216555e-03
1.130000e+01	1.140000e+01	8.594993e-03	4.587630e-03	4.587630e-03
1.140000e+01	1.150000e+01	4.067110e-03	3.192807e-03	3.192807e-03
1.150000e+01	1.160000e+01	2.545868e-03	2.537495e-03	2.537495e-03
1.160000e+01	1.170000e+01	1.112145e-02	5.117106e-03	5.117106e-03
1.170000e+01	1.180000e+01	4.603012e-03	3.355991e-03	3.355991e-03
1.180000e+01	1.190000e+01	1.063726e-02	4.942417e-03	4.942417e-03
1.190000e+01	1.200000e+01	1.723271e-03	2.082577e-03	2.082577e-03
1.200000e+01	1.210000e+01	6.651507e-03	3.936725e-03	3.936725e-03
1.210000e+01	1.220000e+01	1.275731e-02	5.225774e-03	5.225774e-03
1.220000e+01	1.230000e+01	7.566907e-03	4.116063e-03	4.116063e-03
1.230000e+01	1.240000e+01	1.654293e-02	5.773175e-03	5.773175e-03
1.240000e+01	1.250000e+01	7.023169e-03	3.933329e-03	3.933329e-03
1.250000e+01	1.260000e+01	6.564152e-03	3.780483e-03	3.780483e-03
1.260000e+01	1.270000e+01	6.053204e-03	3.659881e-03	3.659881e-03
1.270000e+01	1.280000e+01	6.830686e-03	3.809310e-03	3.809310e-03
1.280000e+01	1.290000e+01	8.907860e-03	4.184692e-03	4.184692e-03
1.290000e+01	1.300000e+01	7.424422e-03	3.887797e-03	3.887797e-03
1.300000e+01	1.310000e+01	8.664967e-03	4.146805e-03	4.146805e-03
1.310000e+01	1.320000e+01	1.603148e-04	6.388135e-04	6.388135e-04
1.320000e+01	1.330000e+01	1.749299e-03	1.991963e-03	1.991963e-03
1.330000e+01	1.340000e+01	1.250274e-04	5.662879e-04	5.662879e-04
1.340000e+01	1.350000e+01	3.620720e-03	2.753026e-03	2.753026e-03
1.350000e+01	1.360000e+01	1.102334e-03	1.607321e-03	1.607321e-03
1.360000e+01	1.370000e+01	2.208746e-03	2.190776e-03	2.190776e-03
1.370000e+01	1.380000e+01	3.876448e-03	2.753113e-03	2.753113e-03
1.380000e+01	1.390000e+01	8.773848e-03	3.866961e-03	3.866961e-03
1.390000e+01	1.400000e+01	2.823803e-03	2.401666e-03	2.401666e-03
1.400000e+01	1.410000e+01	2.207200e-03	2.130508e-03	2.130508e-03
1.410000e+01	1.420000e+01	2.435763e-04	7.792214e-04	7.792214e-04
1.420000e+01	1.430000e+01	3.931959e-03	2.662791e-03	2.662791e-03
1.430000e+01	1.440000e+01	6.565357e-03	3.279831e-03	3.279831e-03
1.440000e+01	1.450000e+01	2.725188e-03	2.285806e-03	2.285806e-03
1.450000e+01	1.460000e+01	7.861105e-03	3.535316e-03	3.535316e-03
1.460000e+01	1.470000e+01	2.382248e-04	7.531104e-04	7.531104e-04
1.470000e+01	1.480000e+01	2.199341e-03	2.023188e-03	2.023188e-03
1.480000e+01	1.490000e+01	3.704033e-03	2.473246e-03	2.473246e-03
1.490000e+01	1.500000e+01	4.602492e-03	2.761930e-03	2.761930e-03
# END HISTO1D

