# BEGIN PLOT
LegendOnly=//home/frederic/Work/Software/LesHouches2017/lh2017-alphas/rivet-analysis/quark-as013650-truth.yoda/MC_LHJSS_Zjet/log_Angularity_zcut_0.2_beta_0_alpha_1 //home/frederic/Work/Software/LesHouches2017/lh2017-alphas/rivet-analysis/quark-as012285-truth.yoda/MC_LHJSS_Zjet/log_Angularity_zcut_0.2_beta_0_alpha_1 //home/frederic/Work/Software/LesHouches2017/lh2017-alphas/rivet-analysis/quark-as015015-truth.yoda/MC_LHJSS_Zjet/log_Angularity_zcut_0.2_beta_0_alpha_1
DrawOnly=//home/frederic/Work/Software/LesHouches2017/lh2017-alphas/rivet-analysis/quark-as013650-truth.yoda/MC_LHJSS_Zjet/log_Angularity_zcut_0.2_beta_0_alpha_1 //home/frederic/Work/Software/LesHouches2017/lh2017-alphas/rivet-analysis/quark-as012285-truth.yoda/MC_LHJSS_Zjet/log_Angularity_zcut_0.2_beta_0_alpha_1 //home/frederic/Work/Software/LesHouches2017/lh2017-alphas/rivet-analysis/quark-as015015-truth.yoda/MC_LHJSS_Zjet/log_Angularity_zcut_0.2_beta_0_alpha_1
Title=Angularity, $\alpha$ = 1 $z_{cut}$ = 0.2 $\beta$ = 0
RatioPlot=1
LogX=0
LogY=0
RatioPlotYLabel=Ratio
RatioPlotReference=//home/frederic/Work/Software/LesHouches2017/lh2017-alphas/rivet-analysis/quark-as013650-truth.yoda/MC_LHJSS_Zjet/log_Angularity_zcut_0.2_beta_0_alpha_1
XLabel=$e_\alpha$
YLabel=$1/\sigma \text{d}\sigma/\text{d}e_\alpha$
Legend=1
# END PLOT

# BEGIN HISTO1D //home/frederic/Work/Software/LesHouches2017/lh2017-alphas/rivet-analysis/quark-as013650-truth.yoda/MC_LHJSS_Zjet/log_Angularity_zcut_0.2_beta_0_alpha_1
LineColor=red
LineStyle=solid
NormalizeToSum=1
Path=//home/frederic/Work/Software/LesHouches2017/lh2017-alphas/rivet-analysis/quark-as013650-truth.yoda/MC_LHJSS_Zjet/log_Angularity_zcut_0.2_beta_0_alpha_1
ScaledBy=2.55102040816326554e-04
Title=quark-as013650-truth
XLabel=
YLabel=
# xlow	 xhigh	 val	 errminus	 errplus
0.000000e+00	1.000000e-01	0.000000e+00	0.000000e+00	0.000000e+00
1.000000e-01	2.000000e-01	0.000000e+00	0.000000e+00	0.000000e+00
2.000000e-01	3.000000e-01	0.000000e+00	0.000000e+00	0.000000e+00
3.000000e-01	4.000000e-01	0.000000e+00	0.000000e+00	0.000000e+00
4.000000e-01	5.000000e-01	2.551020e-03	2.551020e-03	2.551020e-03
5.000000e-01	6.000000e-01	5.102041e-03	3.607688e-03	3.607688e-03
6.000000e-01	7.000000e-01	1.785714e-02	6.749366e-03	6.749366e-03
7.000000e-01	8.000000e-01	4.081633e-02	1.020408e-02	1.020408e-02
8.000000e-01	9.000000e-01	5.357143e-02	1.169024e-02	1.169024e-02
9.000000e-01	1.000000e+00	6.377551e-02	1.275510e-02	1.275510e-02
1.000000e+00	1.100000e+00	9.693878e-02	1.572555e-02	1.572555e-02
1.100000e+00	1.200000e+00	6.377551e-02	1.275510e-02	1.275510e-02
1.200000e+00	1.300000e+00	9.438776e-02	1.551725e-02	1.551725e-02
1.300000e+00	1.400000e+00	8.163265e-02	1.443075e-02	1.443075e-02
1.400000e+00	1.500000e+00	9.693878e-02	1.572555e-02	1.572555e-02
1.500000e+00	1.600000e+00	8.163265e-02	1.443075e-02	1.443075e-02
1.600000e+00	1.700000e+00	1.301020e-01	1.821793e-02	1.821793e-02
1.700000e+00	1.800000e+00	1.096939e-01	1.672816e-02	1.672816e-02
1.800000e+00	1.900000e+00	1.071429e-01	1.653250e-02	1.653250e-02
1.900000e+00	2.000000e+00	1.071429e-01	1.653250e-02	1.653250e-02
2.000000e+00	2.100000e+00	9.183673e-02	1.530612e-02	1.530612e-02
2.100000e+00	2.200000e+00	9.948980e-02	1.593112e-02	1.593112e-02
2.200000e+00	2.300000e+00	1.096939e-01	1.672816e-02	1.672816e-02
2.300000e+00	2.400000e+00	9.693878e-02	1.572555e-02	1.572555e-02
2.400000e+00	2.500000e+00	8.928571e-02	1.509204e-02	1.509204e-02
2.500000e+00	2.600000e+00	1.173469e-01	1.730186e-02	1.730186e-02
2.600000e+00	2.700000e+00	1.122449e-01	1.692155e-02	1.692155e-02
2.700000e+00	2.800000e+00	1.122449e-01	1.692155e-02	1.692155e-02
2.800000e+00	2.900000e+00	1.275510e-01	1.803844e-02	1.803844e-02
2.900000e+00	3.000000e+00	9.183673e-02	1.530612e-02	1.530612e-02
3.000000e+00	3.100000e+00	1.250000e-01	1.785714e-02	1.785714e-02
3.100000e+00	3.200000e+00	8.928571e-02	1.509204e-02	1.509204e-02
3.200000e+00	3.300000e+00	1.173469e-01	1.730186e-02	1.730186e-02
3.300000e+00	3.400000e+00	1.071429e-01	1.653250e-02	1.653250e-02
3.400000e+00	3.500000e+00	1.045918e-01	1.633450e-02	1.633450e-02
3.500000e+00	3.600000e+00	1.122449e-01	1.692155e-02	1.692155e-02
3.600000e+00	3.700000e+00	1.122449e-01	1.692155e-02	1.692155e-02
3.700000e+00	3.800000e+00	1.147959e-01	1.711276e-02	1.711276e-02
3.800000e+00	3.900000e+00	1.096939e-01	1.672816e-02	1.672816e-02
3.900000e+00	4.000000e+00	1.071429e-01	1.653250e-02	1.653250e-02
4.000000e+00	4.100000e+00	9.438776e-02	1.551725e-02	1.551725e-02
4.100000e+00	4.200000e+00	1.301020e-01	1.821793e-02	1.821793e-02
4.200000e+00	4.300000e+00	1.326531e-01	1.839567e-02	1.839567e-02
4.300000e+00	4.400000e+00	1.556122e-01	1.992411e-02	1.992411e-02
4.400000e+00	4.500000e+00	1.428571e-01	1.909009e-02	1.909009e-02
4.500000e+00	4.600000e+00	1.811224e-01	2.149528e-02	2.149528e-02
4.600000e+00	4.700000e+00	1.938776e-01	2.223928e-02	2.223928e-02
4.700000e+00	4.800000e+00	1.989796e-01	2.253000e-02	2.253000e-02
4.800000e+00	4.900000e+00	2.576531e-01	2.563744e-02	2.563744e-02
4.900000e+00	5.000000e+00	2.882653e-01	2.711772e-02	2.711772e-02
5.000000e+00	5.100000e+00	3.316327e-01	2.908611e-02	2.908611e-02
5.100000e+00	5.200000e+00	2.959184e-01	2.747533e-02	2.747533e-02
5.200000e+00	5.300000e+00	3.035714e-01	2.782835e-02	2.782835e-02
5.300000e+00	5.400000e+00	3.698980e-01	3.071835e-02	3.071835e-02
5.400000e+00	5.500000e+00	3.239796e-01	2.874854e-02	2.874854e-02
5.500000e+00	5.600000e+00	3.418367e-01	2.953020e-02	2.953020e-02
5.600000e+00	5.700000e+00	2.678571e-01	2.614018e-02	2.614018e-02
5.700000e+00	5.800000e+00	3.035714e-01	2.782835e-02	2.782835e-02
5.800000e+00	5.900000e+00	2.244898e-01	2.393069e-02	2.393069e-02
5.900000e+00	6.000000e+00	2.448980e-01	2.499479e-02	2.499479e-02
6.000000e+00	6.100000e+00	2.142857e-01	2.338049e-02	2.338049e-02
6.100000e+00	6.200000e+00	1.785714e-01	2.134337e-02	2.134337e-02
6.200000e+00	6.300000e+00	1.913265e-01	2.209249e-02	2.209249e-02
6.300000e+00	6.400000e+00	1.250000e-01	1.785714e-02	1.785714e-02
6.400000e+00	6.500000e+00	1.224490e-01	1.767399e-02	1.767399e-02
6.500000e+00	6.600000e+00	1.147959e-01	1.711276e-02	1.711276e-02
6.600000e+00	6.700000e+00	7.397959e-02	1.373766e-02	1.373766e-02
6.700000e+00	6.800000e+00	7.908163e-02	1.420348e-02	1.420348e-02
6.800000e+00	6.900000e+00	6.377551e-02	1.275510e-02	1.275510e-02
6.900000e+00	7.000000e+00	5.102041e-02	1.140851e-02	1.140851e-02
7.000000e+00	7.100000e+00	4.336735e-02	1.051813e-02	1.051813e-02
7.100000e+00	7.200000e+00	3.826531e-02	9.880060e-03	9.880060e-03
7.200000e+00	7.300000e+00	2.551020e-02	8.067035e-03	8.067035e-03
7.300000e+00	7.400000e+00	1.785714e-02	6.749366e-03	6.749366e-03
7.400000e+00	7.500000e+00	2.040816e-02	7.215375e-03	7.215375e-03
7.500000e+00	7.600000e+00	2.040816e-02	7.215375e-03	7.215375e-03
7.600000e+00	7.700000e+00	2.551020e-02	8.067035e-03	8.067035e-03
7.700000e+00	7.800000e+00	2.551020e-02	8.067035e-03	8.067035e-03
7.800000e+00	7.900000e+00	2.040816e-02	7.215375e-03	7.215375e-03
7.900000e+00	8.000000e+00	3.061224e-02	8.836994e-03	8.836994e-03
8.000000e+00	8.100000e+00	1.275510e-02	5.704255e-03	5.704255e-03
8.100000e+00	8.200000e+00	1.785714e-02	6.749366e-03	6.749366e-03
8.200000e+00	8.300000e+00	1.020408e-02	5.102041e-03	5.102041e-03
8.300000e+00	8.400000e+00	1.020408e-02	5.102041e-03	5.102041e-03
8.400000e+00	8.500000e+00	7.653061e-03	4.418497e-03	4.418497e-03
8.500000e+00	8.600000e+00	2.551020e-03	2.551020e-03	2.551020e-03
8.600000e+00	8.700000e+00	5.102041e-03	3.607688e-03	3.607688e-03
8.700000e+00	8.800000e+00	0.000000e+00	0.000000e+00	0.000000e+00
8.800000e+00	8.900000e+00	0.000000e+00	0.000000e+00	0.000000e+00
8.900000e+00	9.000000e+00	0.000000e+00	0.000000e+00	0.000000e+00
9.000000e+00	9.100000e+00	0.000000e+00	0.000000e+00	0.000000e+00
9.100000e+00	9.200000e+00	2.551020e-03	2.551020e-03	2.551020e-03
9.200000e+00	9.300000e+00	0.000000e+00	0.000000e+00	0.000000e+00
9.300000e+00	9.400000e+00	0.000000e+00	0.000000e+00	0.000000e+00
9.400000e+00	9.500000e+00	0.000000e+00	0.000000e+00	0.000000e+00
9.500000e+00	9.600000e+00	0.000000e+00	0.000000e+00	0.000000e+00
9.600000e+00	9.700000e+00	5.102041e-03	3.607688e-03	3.607688e-03
9.700000e+00	9.800000e+00	0.000000e+00	0.000000e+00	0.000000e+00
9.800000e+00	9.900000e+00	0.000000e+00	0.000000e+00	0.000000e+00
9.900000e+00	1.000000e+01	0.000000e+00	0.000000e+00	0.000000e+00
1.000000e+01	1.010000e+01	0.000000e+00	0.000000e+00	0.000000e+00
1.010000e+01	1.020000e+01	0.000000e+00	0.000000e+00	0.000000e+00
1.020000e+01	1.030000e+01	0.000000e+00	0.000000e+00	0.000000e+00
1.030000e+01	1.040000e+01	0.000000e+00	0.000000e+00	0.000000e+00
1.040000e+01	1.050000e+01	0.000000e+00	0.000000e+00	0.000000e+00
1.050000e+01	1.060000e+01	0.000000e+00	0.000000e+00	0.000000e+00
1.060000e+01	1.070000e+01	0.000000e+00	0.000000e+00	0.000000e+00
1.070000e+01	1.080000e+01	0.000000e+00	0.000000e+00	0.000000e+00
1.080000e+01	1.090000e+01	0.000000e+00	0.000000e+00	0.000000e+00
1.090000e+01	1.100000e+01	0.000000e+00	0.000000e+00	0.000000e+00
1.100000e+01	1.110000e+01	0.000000e+00	0.000000e+00	0.000000e+00
1.110000e+01	1.120000e+01	0.000000e+00	0.000000e+00	0.000000e+00
1.120000e+01	1.130000e+01	0.000000e+00	0.000000e+00	0.000000e+00
1.130000e+01	1.140000e+01	0.000000e+00	0.000000e+00	0.000000e+00
1.140000e+01	1.150000e+01	0.000000e+00	0.000000e+00	0.000000e+00
1.150000e+01	1.160000e+01	0.000000e+00	0.000000e+00	0.000000e+00
1.160000e+01	1.170000e+01	0.000000e+00	0.000000e+00	0.000000e+00
1.170000e+01	1.180000e+01	0.000000e+00	0.000000e+00	0.000000e+00
1.180000e+01	1.190000e+01	0.000000e+00	0.000000e+00	0.000000e+00
1.190000e+01	1.200000e+01	0.000000e+00	0.000000e+00	0.000000e+00
1.200000e+01	1.210000e+01	0.000000e+00	0.000000e+00	0.000000e+00
1.210000e+01	1.220000e+01	0.000000e+00	0.000000e+00	0.000000e+00
1.220000e+01	1.230000e+01	0.000000e+00	0.000000e+00	0.000000e+00
1.230000e+01	1.240000e+01	0.000000e+00	0.000000e+00	0.000000e+00
1.240000e+01	1.250000e+01	0.000000e+00	0.000000e+00	0.000000e+00
1.250000e+01	1.260000e+01	0.000000e+00	0.000000e+00	0.000000e+00
1.260000e+01	1.270000e+01	0.000000e+00	0.000000e+00	0.000000e+00
1.270000e+01	1.280000e+01	0.000000e+00	0.000000e+00	0.000000e+00
1.280000e+01	1.290000e+01	0.000000e+00	0.000000e+00	0.000000e+00
1.290000e+01	1.300000e+01	0.000000e+00	0.000000e+00	0.000000e+00
1.300000e+01	1.310000e+01	0.000000e+00	0.000000e+00	0.000000e+00
1.310000e+01	1.320000e+01	0.000000e+00	0.000000e+00	0.000000e+00
1.320000e+01	1.330000e+01	0.000000e+00	0.000000e+00	0.000000e+00
1.330000e+01	1.340000e+01	0.000000e+00	0.000000e+00	0.000000e+00
1.340000e+01	1.350000e+01	0.000000e+00	0.000000e+00	0.000000e+00
1.350000e+01	1.360000e+01	0.000000e+00	0.000000e+00	0.000000e+00
1.360000e+01	1.370000e+01	0.000000e+00	0.000000e+00	0.000000e+00
1.370000e+01	1.380000e+01	0.000000e+00	0.000000e+00	0.000000e+00
1.380000e+01	1.390000e+01	0.000000e+00	0.000000e+00	0.000000e+00
1.390000e+01	1.400000e+01	0.000000e+00	0.000000e+00	0.000000e+00
1.400000e+01	1.410000e+01	0.000000e+00	0.000000e+00	0.000000e+00
1.410000e+01	1.420000e+01	0.000000e+00	0.000000e+00	0.000000e+00
1.420000e+01	1.430000e+01	0.000000e+00	0.000000e+00	0.000000e+00
1.430000e+01	1.440000e+01	0.000000e+00	0.000000e+00	0.000000e+00
1.440000e+01	1.450000e+01	0.000000e+00	0.000000e+00	0.000000e+00
1.450000e+01	1.460000e+01	0.000000e+00	0.000000e+00	0.000000e+00
1.460000e+01	1.470000e+01	0.000000e+00	0.000000e+00	0.000000e+00
1.470000e+01	1.480000e+01	0.000000e+00	0.000000e+00	0.000000e+00
1.480000e+01	1.490000e+01	0.000000e+00	0.000000e+00	0.000000e+00
1.490000e+01	1.500000e+01	0.000000e+00	0.000000e+00	0.000000e+00
# END HISTO1D

# BEGIN HISTO1D //home/frederic/Work/Software/LesHouches2017/lh2017-alphas/rivet-analysis/quark-as012285-truth.yoda/MC_LHJSS_Zjet/log_Angularity_zcut_0.2_beta_0_alpha_1
LineColor=blue
LineStyle=solid
NormalizeToSum=1
Path=//home/frederic/Work/Software/LesHouches2017/lh2017-alphas/rivet-analysis/quark-as012285-truth.yoda/MC_LHJSS_Zjet/log_Angularity_zcut_0.2_beta_0_alpha_1
ScaledBy=6.65158972994545696e-05
Title=quark-as012285-truth
XLabel=
YLabel=
# xlow	 xhigh	 val	 errminus	 errplus
0.000000e+00	1.000000e-01	0.000000e+00	0.000000e+00	0.000000e+00
1.000000e-01	2.000000e-01	0.000000e+00	0.000000e+00	0.000000e+00
2.000000e-01	3.000000e-01	0.000000e+00	0.000000e+00	0.000000e+00
3.000000e-01	4.000000e-01	1.330318e-03	9.406768e-04	9.406768e-04
4.000000e-01	5.000000e-01	6.651590e-04	6.651590e-04	6.651590e-04
5.000000e-01	6.000000e-01	4.656113e-03	1.759845e-03	1.759845e-03
6.000000e-01	7.000000e-01	1.463350e-02	3.119872e-03	3.119872e-03
7.000000e-01	8.000000e-01	2.394572e-02	3.990954e-03	3.990954e-03
8.000000e-01	9.000000e-01	3.658374e-02	4.932951e-03	4.932951e-03
9.000000e-01	1.000000e+00	5.188240e-02	5.874525e-03	5.874525e-03
1.000000e+00	1.100000e+00	7.649328e-02	7.133035e-03	7.133035e-03
1.100000e+00	1.200000e+00	7.782360e-02	7.194795e-03	7.194795e-03
1.200000e+00	1.300000e+00	8.979646e-02	7.728449e-03	7.728449e-03
1.300000e+00	1.400000e+00	8.780098e-02	7.642095e-03	7.642095e-03
1.400000e+00	1.500000e+00	9.578289e-02	7.981908e-03	7.981908e-03
1.500000e+00	1.600000e+00	1.104164e-01	8.569974e-03	8.569974e-03
1.600000e+00	1.700000e+00	7.715844e-02	7.163981e-03	7.163981e-03
1.700000e+00	1.800000e+00	8.979646e-02	7.728449e-03	7.728449e-03
1.800000e+00	1.900000e+00	9.312226e-02	7.870267e-03	7.870267e-03
1.900000e+00	2.000000e+00	8.647067e-02	7.583979e-03	7.583979e-03
2.000000e+00	2.100000e+00	8.181455e-02	7.376970e-03	7.376970e-03
2.100000e+00	2.200000e+00	1.084209e-01	8.492181e-03	8.492181e-03
2.200000e+00	2.300000e+00	8.580551e-02	7.554753e-03	7.554753e-03
2.300000e+00	2.400000e+00	1.017693e-01	8.227562e-03	8.227562e-03
2.400000e+00	2.500000e+00	9.046162e-02	7.757020e-03	7.757020e-03
2.500000e+00	2.600000e+00	9.644805e-02	8.009575e-03	8.009575e-03
2.600000e+00	2.700000e+00	9.179194e-02	7.813849e-03	7.813849e-03
2.700000e+00	2.800000e+00	9.977385e-02	8.146500e-03	8.146500e-03
2.800000e+00	2.900000e+00	9.910869e-02	8.119300e-03	8.119300e-03
2.900000e+00	3.000000e+00	8.580551e-02	7.554753e-03	7.554753e-03
3.000000e+00	3.100000e+00	1.017693e-01	8.227562e-03	8.227562e-03
3.100000e+00	3.200000e+00	1.004390e-01	8.173611e-03	8.173611e-03
3.200000e+00	3.300000e+00	8.580551e-02	7.554753e-03	7.554753e-03
3.300000e+00	3.400000e+00	1.011042e-01	8.200630e-03	8.200630e-03
3.400000e+00	3.500000e+00	1.070906e-01	8.439921e-03	8.439921e-03
3.500000e+00	3.600000e+00	1.084209e-01	8.492181e-03	8.492181e-03
3.600000e+00	3.700000e+00	9.578289e-02	7.981908e-03	7.981908e-03
3.700000e+00	3.800000e+00	8.048424e-02	7.316749e-03	7.316749e-03
3.800000e+00	3.900000e+00	8.514035e-02	7.525415e-03	7.525415e-03
3.900000e+00	4.000000e+00	1.017693e-01	8.227562e-03	8.227562e-03
4.000000e+00	4.100000e+00	8.314487e-02	7.436704e-03	7.436704e-03
4.100000e+00	4.200000e+00	1.117467e-01	8.621446e-03	8.621446e-03
4.200000e+00	4.300000e+00	9.179194e-02	7.813849e-03	7.813849e-03
4.300000e+00	4.400000e+00	1.177331e-01	8.849364e-03	8.849364e-03
4.400000e+00	4.500000e+00	1.250499e-01	9.120200e-03	9.120200e-03
4.500000e+00	4.600000e+00	1.376879e-01	9.569971e-03	9.569971e-03
4.600000e+00	4.700000e+00	1.549820e-01	1.015321e-02	1.015321e-02
4.700000e+00	4.800000e+00	1.915658e-01	1.128812e-02	1.128812e-02
4.800000e+00	4.900000e+00	2.141812e-01	1.193585e-02	1.193585e-02
4.900000e+00	5.000000e+00	2.294798e-01	1.235478e-02	1.235478e-02
5.000000e+00	5.100000e+00	2.806971e-01	1.366412e-02	1.366412e-02
5.100000e+00	5.200000e+00	2.933351e-01	1.396834e-02	1.396834e-02
5.200000e+00	5.300000e+00	3.152854e-01	1.448154e-02	1.448154e-02
5.300000e+00	5.400000e+00	3.512039e-01	1.528419e-02	1.528419e-02
5.400000e+00	5.500000e+00	3.505388e-01	1.526971e-02	1.526971e-02
5.500000e+00	5.600000e+00	3.412266e-01	1.506552e-02	1.506552e-02
5.600000e+00	5.700000e+00	3.398962e-01	1.503612e-02	1.503612e-02
5.700000e+00	5.800000e+00	3.498736e-01	1.525522e-02	1.525522e-02
5.800000e+00	5.900000e+00	3.106292e-01	1.437421e-02	1.437421e-02
5.900000e+00	6.000000e+00	2.740455e-01	1.350125e-02	1.350125e-02
6.000000e+00	6.100000e+00	2.467740e-01	1.281187e-02	1.281187e-02
6.100000e+00	6.200000e+00	2.088599e-01	1.178664e-02	1.178664e-02
6.200000e+00	6.300000e+00	2.055341e-01	1.169243e-02	1.169243e-02
6.300000e+00	6.400000e+00	1.775974e-01	1.086879e-02	1.086879e-02
6.400000e+00	6.500000e+00	1.536517e-01	1.010954e-02	1.010954e-02
6.500000e+00	6.600000e+00	1.210589e-01	8.973485e-03	8.973485e-03
6.600000e+00	6.700000e+00	1.157377e-01	8.774049e-03	8.774049e-03
6.700000e+00	6.800000e+00	9.578289e-02	7.981908e-03	7.981908e-03
6.800000e+00	6.900000e+00	8.381003e-02	7.466391e-03	7.466391e-03
6.900000e+00	7.000000e+00	8.846614e-02	7.670988e-03	7.670988e-03
7.000000e+00	7.100000e+00	5.055208e-02	5.798721e-03	5.798721e-03
7.100000e+00	7.200000e+00	5.653851e-02	6.132463e-03	6.132463e-03
7.200000e+00	7.300000e+00	4.789145e-02	5.644061e-03	5.644061e-03
7.300000e+00	7.400000e+00	3.192763e-02	4.608357e-03	4.608357e-03
7.400000e+00	7.500000e+00	2.993215e-02	4.462022e-03	4.462022e-03
7.500000e+00	7.600000e+00	3.325795e-02	4.703384e-03	4.703384e-03
7.600000e+00	7.700000e+00	2.527604e-02	4.100316e-03	4.100316e-03
7.700000e+00	7.800000e+00	2.727152e-02	4.259095e-03	4.259095e-03
7.800000e+00	7.900000e+00	2.261541e-02	3.878510e-03	3.878510e-03
7.900000e+00	8.000000e+00	2.394572e-02	3.990954e-03	3.990954e-03
8.000000e+00	8.100000e+00	1.862445e-02	3.519690e-03	3.519690e-03
8.100000e+00	8.200000e+00	1.729413e-02	3.391659e-03	3.391659e-03
8.200000e+00	8.300000e+00	1.197286e-02	2.822030e-03	2.822030e-03
8.300000e+00	8.400000e+00	8.647067e-03	2.398265e-03	2.398265e-03
8.400000e+00	8.500000e+00	4.656113e-03	1.759845e-03	1.759845e-03
8.500000e+00	8.600000e+00	6.651590e-03	2.103417e-03	2.103417e-03
8.600000e+00	8.700000e+00	3.990954e-03	1.629300e-03	1.629300e-03
8.700000e+00	8.800000e+00	2.660636e-03	1.330318e-03	1.330318e-03
8.800000e+00	8.900000e+00	1.330318e-03	9.406768e-04	9.406768e-04
8.900000e+00	9.000000e+00	0.000000e+00	0.000000e+00	0.000000e+00
9.000000e+00	9.100000e+00	1.995477e-03	1.152089e-03	1.152089e-03
9.100000e+00	9.200000e+00	6.651590e-04	6.651590e-04	6.651590e-04
9.200000e+00	9.300000e+00	6.651590e-04	6.651590e-04	6.651590e-04
9.300000e+00	9.400000e+00	6.651590e-04	6.651590e-04	6.651590e-04
9.400000e+00	9.500000e+00	6.651590e-04	6.651590e-04	6.651590e-04
9.500000e+00	9.600000e+00	6.651590e-04	6.651590e-04	6.651590e-04
9.600000e+00	9.700000e+00	0.000000e+00	0.000000e+00	0.000000e+00
9.700000e+00	9.800000e+00	6.651590e-04	6.651590e-04	6.651590e-04
9.800000e+00	9.900000e+00	0.000000e+00	0.000000e+00	0.000000e+00
9.900000e+00	1.000000e+01	0.000000e+00	0.000000e+00	0.000000e+00
1.000000e+01	1.010000e+01	1.330318e-03	9.406768e-04	9.406768e-04
1.010000e+01	1.020000e+01	0.000000e+00	0.000000e+00	0.000000e+00
1.020000e+01	1.030000e+01	0.000000e+00	0.000000e+00	0.000000e+00
1.030000e+01	1.040000e+01	0.000000e+00	0.000000e+00	0.000000e+00
1.040000e+01	1.050000e+01	0.000000e+00	0.000000e+00	0.000000e+00
1.050000e+01	1.060000e+01	0.000000e+00	0.000000e+00	0.000000e+00
1.060000e+01	1.070000e+01	0.000000e+00	0.000000e+00	0.000000e+00
1.070000e+01	1.080000e+01	0.000000e+00	0.000000e+00	0.000000e+00
1.080000e+01	1.090000e+01	0.000000e+00	0.000000e+00	0.000000e+00
1.090000e+01	1.100000e+01	0.000000e+00	0.000000e+00	0.000000e+00
1.100000e+01	1.110000e+01	0.000000e+00	0.000000e+00	0.000000e+00
1.110000e+01	1.120000e+01	0.000000e+00	0.000000e+00	0.000000e+00
1.120000e+01	1.130000e+01	0.000000e+00	0.000000e+00	0.000000e+00
1.130000e+01	1.140000e+01	0.000000e+00	0.000000e+00	0.000000e+00
1.140000e+01	1.150000e+01	0.000000e+00	0.000000e+00	0.000000e+00
1.150000e+01	1.160000e+01	0.000000e+00	0.000000e+00	0.000000e+00
1.160000e+01	1.170000e+01	0.000000e+00	0.000000e+00	0.000000e+00
1.170000e+01	1.180000e+01	0.000000e+00	0.000000e+00	0.000000e+00
1.180000e+01	1.190000e+01	0.000000e+00	0.000000e+00	0.000000e+00
1.190000e+01	1.200000e+01	0.000000e+00	0.000000e+00	0.000000e+00
1.200000e+01	1.210000e+01	0.000000e+00	0.000000e+00	0.000000e+00
1.210000e+01	1.220000e+01	0.000000e+00	0.000000e+00	0.000000e+00
1.220000e+01	1.230000e+01	0.000000e+00	0.000000e+00	0.000000e+00
1.230000e+01	1.240000e+01	0.000000e+00	0.000000e+00	0.000000e+00
1.240000e+01	1.250000e+01	0.000000e+00	0.000000e+00	0.000000e+00
1.250000e+01	1.260000e+01	0.000000e+00	0.000000e+00	0.000000e+00
1.260000e+01	1.270000e+01	0.000000e+00	0.000000e+00	0.000000e+00
1.270000e+01	1.280000e+01	0.000000e+00	0.000000e+00	0.000000e+00
1.280000e+01	1.290000e+01	0.000000e+00	0.000000e+00	0.000000e+00
1.290000e+01	1.300000e+01	0.000000e+00	0.000000e+00	0.000000e+00
1.300000e+01	1.310000e+01	0.000000e+00	0.000000e+00	0.000000e+00
1.310000e+01	1.320000e+01	0.000000e+00	0.000000e+00	0.000000e+00
1.320000e+01	1.330000e+01	0.000000e+00	0.000000e+00	0.000000e+00
1.330000e+01	1.340000e+01	0.000000e+00	0.000000e+00	0.000000e+00
1.340000e+01	1.350000e+01	0.000000e+00	0.000000e+00	0.000000e+00
1.350000e+01	1.360000e+01	0.000000e+00	0.000000e+00	0.000000e+00
1.360000e+01	1.370000e+01	0.000000e+00	0.000000e+00	0.000000e+00
1.370000e+01	1.380000e+01	0.000000e+00	0.000000e+00	0.000000e+00
1.380000e+01	1.390000e+01	0.000000e+00	0.000000e+00	0.000000e+00
1.390000e+01	1.400000e+01	0.000000e+00	0.000000e+00	0.000000e+00
1.400000e+01	1.410000e+01	0.000000e+00	0.000000e+00	0.000000e+00
1.410000e+01	1.420000e+01	0.000000e+00	0.000000e+00	0.000000e+00
1.420000e+01	1.430000e+01	0.000000e+00	0.000000e+00	0.000000e+00
1.430000e+01	1.440000e+01	0.000000e+00	0.000000e+00	0.000000e+00
1.440000e+01	1.450000e+01	0.000000e+00	0.000000e+00	0.000000e+00
1.450000e+01	1.460000e+01	0.000000e+00	0.000000e+00	0.000000e+00
1.460000e+01	1.470000e+01	0.000000e+00	0.000000e+00	0.000000e+00
1.470000e+01	1.480000e+01	0.000000e+00	0.000000e+00	0.000000e+00
1.480000e+01	1.490000e+01	0.000000e+00	0.000000e+00	0.000000e+00
1.490000e+01	1.500000e+01	0.000000e+00	0.000000e+00	0.000000e+00
# END HISTO1D

# BEGIN HISTO1D //home/frederic/Work/Software/LesHouches2017/lh2017-alphas/rivet-analysis/quark-as015015-truth.yoda/MC_LHJSS_Zjet/log_Angularity_zcut_0.2_beta_0_alpha_1
LineColor=green
LineStyle=solid
NormalizeToSum=1
Path=//home/frederic/Work/Software/LesHouches2017/lh2017-alphas/rivet-analysis/quark-as015015-truth.yoda/MC_LHJSS_Zjet/log_Angularity_zcut_0.2_beta_0_alpha_1
Title=quark-as015015-truth
XLabel=
YLabel=
# xlow	 xhigh	 val	 errminus	 errplus
0.000000e+00	1.000000e-01	0.000000e+00	0.000000e+00	0.000000e+00
1.000000e-01	2.000000e-01	0.000000e+00	0.000000e+00	0.000000e+00
2.000000e-01	3.000000e-01	0.000000e+00	0.000000e+00	0.000000e+00
3.000000e-01	4.000000e-01	1.000000e+01	1.000000e+01	1.000000e+01
4.000000e-01	5.000000e-01	1.000000e+01	1.000000e+01	1.000000e+01
5.000000e-01	6.000000e-01	1.100000e+02	3.316625e+01	3.316625e+01
6.000000e-01	7.000000e-01	2.100000e+02	4.582576e+01	4.582576e+01
7.000000e-01	8.000000e-01	3.500000e+02	5.916080e+01	5.916080e+01
8.000000e-01	9.000000e-01	6.700000e+02	8.185353e+01	8.185353e+01
9.000000e-01	1.000000e+00	7.500000e+02	8.660254e+01	8.660254e+01
1.000000e+00	1.100000e+00	7.600000e+02	8.717798e+01	8.717798e+01
1.100000e+00	1.200000e+00	1.030000e+03	1.014889e+02	1.014889e+02
1.200000e+00	1.300000e+00	1.170000e+03	1.081665e+02	1.081665e+02
1.300000e+00	1.400000e+00	1.260000e+03	1.122497e+02	1.122497e+02
1.400000e+00	1.500000e+00	1.220000e+03	1.104536e+02	1.104536e+02
1.500000e+00	1.600000e+00	1.230000e+03	1.109054e+02	1.109054e+02
1.600000e+00	1.700000e+00	1.140000e+03	1.067708e+02	1.067708e+02
1.700000e+00	1.800000e+00	1.150000e+03	1.072381e+02	1.072381e+02
1.800000e+00	1.900000e+00	1.090000e+03	1.044031e+02	1.044031e+02
1.900000e+00	2.000000e+00	1.020000e+03	1.009950e+02	1.009950e+02
2.000000e+00	2.100000e+00	1.310000e+03	1.144552e+02	1.144552e+02
2.100000e+00	2.200000e+00	1.110000e+03	1.053565e+02	1.053565e+02
2.200000e+00	2.300000e+00	1.110000e+03	1.053565e+02	1.053565e+02
2.300000e+00	2.400000e+00	1.190000e+03	1.090871e+02	1.090871e+02
2.400000e+00	2.500000e+00	1.030000e+03	1.014889e+02	1.014889e+02
2.500000e+00	2.600000e+00	1.170000e+03	1.081665e+02	1.081665e+02
2.600000e+00	2.700000e+00	1.260000e+03	1.122497e+02	1.122497e+02
2.700000e+00	2.800000e+00	1.200000e+03	1.095445e+02	1.095445e+02
2.800000e+00	2.900000e+00	1.210000e+03	1.100000e+02	1.100000e+02
2.900000e+00	3.000000e+00	1.050000e+03	1.024695e+02	1.024695e+02
3.000000e+00	3.100000e+00	1.310000e+03	1.144552e+02	1.144552e+02
3.100000e+00	3.200000e+00	1.220000e+03	1.104536e+02	1.104536e+02
3.200000e+00	3.300000e+00	1.320000e+03	1.148913e+02	1.148913e+02
3.300000e+00	3.400000e+00	1.270000e+03	1.126943e+02	1.126943e+02
3.400000e+00	3.500000e+00	1.290000e+03	1.135782e+02	1.135782e+02
3.500000e+00	3.600000e+00	1.140000e+03	1.067708e+02	1.067708e+02
3.600000e+00	3.700000e+00	1.180000e+03	1.086278e+02	1.086278e+02
3.700000e+00	3.800000e+00	1.310000e+03	1.144552e+02	1.144552e+02
3.800000e+00	3.900000e+00	1.220000e+03	1.104536e+02	1.104536e+02
3.900000e+00	4.000000e+00	1.130000e+03	1.063015e+02	1.063015e+02
4.000000e+00	4.100000e+00	1.400000e+03	1.183216e+02	1.183216e+02
4.100000e+00	4.200000e+00	1.320000e+03	1.148913e+02	1.148913e+02
4.200000e+00	4.300000e+00	1.740000e+03	1.319091e+02	1.319091e+02
4.300000e+00	4.400000e+00	1.760000e+03	1.326650e+02	1.326650e+02
4.400000e+00	4.500000e+00	1.820000e+03	1.349074e+02	1.349074e+02
4.500000e+00	4.600000e+00	2.080000e+03	1.442221e+02	1.442221e+02
4.600000e+00	4.700000e+00	2.300000e+03	1.516575e+02	1.516575e+02
4.700000e+00	4.800000e+00	2.630000e+03	1.621727e+02	1.621727e+02
4.800000e+00	4.900000e+00	2.920000e+03	1.708801e+02	1.708801e+02
4.900000e+00	5.000000e+00	2.970000e+03	1.723369e+02	1.723369e+02
5.000000e+00	5.100000e+00	3.410000e+03	1.846619e+02	1.846619e+02
5.100000e+00	5.200000e+00	3.640000e+03	1.907878e+02	1.907878e+02
5.200000e+00	5.300000e+00	3.660000e+03	1.913113e+02	1.913113e+02
5.300000e+00	5.400000e+00	3.410000e+03	1.846619e+02	1.846619e+02
5.400000e+00	5.500000e+00	3.110000e+03	1.763519e+02	1.763519e+02
5.500000e+00	5.600000e+00	3.180000e+03	1.783255e+02	1.783255e+02
5.600000e+00	5.700000e+00	2.640000e+03	1.624808e+02	1.624808e+02
5.700000e+00	5.800000e+00	2.400000e+03	1.549193e+02	1.549193e+02
5.800000e+00	5.900000e+00	2.300000e+03	1.516575e+02	1.516575e+02
5.900000e+00	6.000000e+00	1.830000e+03	1.352775e+02	1.352775e+02
6.000000e+00	6.100000e+00	1.590000e+03	1.260952e+02	1.260952e+02
6.100000e+00	6.200000e+00	1.500000e+03	1.224745e+02	1.224745e+02
6.200000e+00	6.300000e+00	1.470000e+03	1.212436e+02	1.212436e+02
6.300000e+00	6.400000e+00	1.170000e+03	1.081665e+02	1.081665e+02
6.400000e+00	6.500000e+00	1.180000e+03	1.086278e+02	1.086278e+02
6.500000e+00	6.600000e+00	7.700000e+02	8.774964e+01	8.774964e+01
6.600000e+00	6.700000e+00	7.800000e+02	8.831761e+01	8.831761e+01
6.700000e+00	6.800000e+00	6.400000e+02	8.000000e+01	8.000000e+01
6.800000e+00	6.900000e+00	5.700000e+02	7.549834e+01	7.549834e+01
6.900000e+00	7.000000e+00	4.400000e+02	6.633250e+01	6.633250e+01
7.000000e+00	7.100000e+00	3.900000e+02	6.244998e+01	6.244998e+01
7.100000e+00	7.200000e+00	3.000000e+02	5.477226e+01	5.477226e+01
7.200000e+00	7.300000e+00	2.000000e+02	4.472136e+01	4.472136e+01
7.300000e+00	7.400000e+00	2.900000e+02	5.385165e+01	5.385165e+01
7.400000e+00	7.500000e+00	3.400000e+02	5.830952e+01	5.830952e+01
7.500000e+00	7.600000e+00	2.200000e+02	4.690416e+01	4.690416e+01
7.600000e+00	7.700000e+00	1.600000e+02	4.000000e+01	4.000000e+01
7.700000e+00	7.800000e+00	1.700000e+02	4.123106e+01	4.123106e+01
7.800000e+00	7.900000e+00	1.200000e+02	3.464102e+01	3.464102e+01
7.900000e+00	8.000000e+00	1.700000e+02	4.123106e+01	4.123106e+01
8.000000e+00	8.100000e+00	1.100000e+02	3.316625e+01	3.316625e+01
8.100000e+00	8.200000e+00	8.000000e+01	2.828427e+01	2.828427e+01
8.200000e+00	8.300000e+00	9.000000e+01	3.000000e+01	3.000000e+01
8.300000e+00	8.400000e+00	7.000000e+01	2.645751e+01	2.645751e+01
8.400000e+00	8.500000e+00	2.000000e+01	1.414214e+01	1.414214e+01
8.500000e+00	8.600000e+00	4.000000e+01	2.000000e+01	2.000000e+01
8.600000e+00	8.700000e+00	3.000000e+01	1.732051e+01	1.732051e+01
8.700000e+00	8.800000e+00	6.000000e+01	2.449490e+01	2.449490e+01
8.800000e+00	8.900000e+00	2.000000e+01	1.414214e+01	1.414214e+01
8.900000e+00	9.000000e+00	1.000000e+01	1.000000e+01	1.000000e+01
9.000000e+00	9.100000e+00	0.000000e+00	0.000000e+00	0.000000e+00
9.100000e+00	9.200000e+00	1.000000e+01	1.000000e+01	1.000000e+01
9.200000e+00	9.300000e+00	0.000000e+00	0.000000e+00	0.000000e+00
9.300000e+00	9.400000e+00	0.000000e+00	0.000000e+00	0.000000e+00
9.400000e+00	9.500000e+00	1.000000e+01	1.000000e+01	1.000000e+01
9.500000e+00	9.600000e+00	0.000000e+00	0.000000e+00	0.000000e+00
9.600000e+00	9.700000e+00	0.000000e+00	0.000000e+00	0.000000e+00
9.700000e+00	9.800000e+00	1.000000e+01	1.000000e+01	1.000000e+01
9.800000e+00	9.900000e+00	0.000000e+00	0.000000e+00	0.000000e+00
9.900000e+00	1.000000e+01	0.000000e+00	0.000000e+00	0.000000e+00
1.000000e+01	1.010000e+01	0.000000e+00	0.000000e+00	0.000000e+00
1.010000e+01	1.020000e+01	0.000000e+00	0.000000e+00	0.000000e+00
1.020000e+01	1.030000e+01	0.000000e+00	0.000000e+00	0.000000e+00
1.030000e+01	1.040000e+01	1.000000e+01	1.000000e+01	1.000000e+01
1.040000e+01	1.050000e+01	0.000000e+00	0.000000e+00	0.000000e+00
1.050000e+01	1.060000e+01	0.000000e+00	0.000000e+00	0.000000e+00
1.060000e+01	1.070000e+01	0.000000e+00	0.000000e+00	0.000000e+00
1.070000e+01	1.080000e+01	0.000000e+00	0.000000e+00	0.000000e+00
1.080000e+01	1.090000e+01	0.000000e+00	0.000000e+00	0.000000e+00
1.090000e+01	1.100000e+01	0.000000e+00	0.000000e+00	0.000000e+00
1.100000e+01	1.110000e+01	0.000000e+00	0.000000e+00	0.000000e+00
1.110000e+01	1.120000e+01	0.000000e+00	0.000000e+00	0.000000e+00
1.120000e+01	1.130000e+01	0.000000e+00	0.000000e+00	0.000000e+00
1.130000e+01	1.140000e+01	0.000000e+00	0.000000e+00	0.000000e+00
1.140000e+01	1.150000e+01	0.000000e+00	0.000000e+00	0.000000e+00
1.150000e+01	1.160000e+01	0.000000e+00	0.000000e+00	0.000000e+00
1.160000e+01	1.170000e+01	0.000000e+00	0.000000e+00	0.000000e+00
1.170000e+01	1.180000e+01	0.000000e+00	0.000000e+00	0.000000e+00
1.180000e+01	1.190000e+01	0.000000e+00	0.000000e+00	0.000000e+00
1.190000e+01	1.200000e+01	0.000000e+00	0.000000e+00	0.000000e+00
1.200000e+01	1.210000e+01	0.000000e+00	0.000000e+00	0.000000e+00
1.210000e+01	1.220000e+01	0.000000e+00	0.000000e+00	0.000000e+00
1.220000e+01	1.230000e+01	0.000000e+00	0.000000e+00	0.000000e+00
1.230000e+01	1.240000e+01	0.000000e+00	0.000000e+00	0.000000e+00
1.240000e+01	1.250000e+01	0.000000e+00	0.000000e+00	0.000000e+00
1.250000e+01	1.260000e+01	0.000000e+00	0.000000e+00	0.000000e+00
1.260000e+01	1.270000e+01	0.000000e+00	0.000000e+00	0.000000e+00
1.270000e+01	1.280000e+01	0.000000e+00	0.000000e+00	0.000000e+00
1.280000e+01	1.290000e+01	0.000000e+00	0.000000e+00	0.000000e+00
1.290000e+01	1.300000e+01	0.000000e+00	0.000000e+00	0.000000e+00
1.300000e+01	1.310000e+01	0.000000e+00	0.000000e+00	0.000000e+00
1.310000e+01	1.320000e+01	0.000000e+00	0.000000e+00	0.000000e+00
1.320000e+01	1.330000e+01	0.000000e+00	0.000000e+00	0.000000e+00
1.330000e+01	1.340000e+01	0.000000e+00	0.000000e+00	0.000000e+00
1.340000e+01	1.350000e+01	0.000000e+00	0.000000e+00	0.000000e+00
1.350000e+01	1.360000e+01	0.000000e+00	0.000000e+00	0.000000e+00
1.360000e+01	1.370000e+01	0.000000e+00	0.000000e+00	0.000000e+00
1.370000e+01	1.380000e+01	0.000000e+00	0.000000e+00	0.000000e+00
1.380000e+01	1.390000e+01	0.000000e+00	0.000000e+00	0.000000e+00
1.390000e+01	1.400000e+01	0.000000e+00	0.000000e+00	0.000000e+00
1.400000e+01	1.410000e+01	0.000000e+00	0.000000e+00	0.000000e+00
1.410000e+01	1.420000e+01	0.000000e+00	0.000000e+00	0.000000e+00
1.420000e+01	1.430000e+01	0.000000e+00	0.000000e+00	0.000000e+00
1.430000e+01	1.440000e+01	0.000000e+00	0.000000e+00	0.000000e+00
1.440000e+01	1.450000e+01	0.000000e+00	0.000000e+00	0.000000e+00
1.450000e+01	1.460000e+01	0.000000e+00	0.000000e+00	0.000000e+00
1.460000e+01	1.470000e+01	0.000000e+00	0.000000e+00	0.000000e+00
1.470000e+01	1.480000e+01	0.000000e+00	0.000000e+00	0.000000e+00
1.480000e+01	1.490000e+01	0.000000e+00	0.000000e+00	0.000000e+00
1.490000e+01	1.500000e+01	0.000000e+00	0.000000e+00	0.000000e+00
# END HISTO1D

