# BEGIN PLOT
LegendOnly=//home/frederic/Work/Software/LesHouches2017/lh2017-alphas/rivet-analysis/quark-as013650-truth.yoda/MC_LHJSS_Zjet/log_theta_g_zcut_0.2_beta_1_alpha_2 //home/frederic/Work/Software/LesHouches2017/lh2017-alphas/rivet-analysis/quark-as012285-truth.yoda/MC_LHJSS_Zjet/log_theta_g_zcut_0.2_beta_1_alpha_2 //home/frederic/Work/Software/LesHouches2017/lh2017-alphas/rivet-analysis/quark-as015015-truth.yoda/MC_LHJSS_Zjet/log_theta_g_zcut_0.2_beta_1_alpha_2
DrawOnly=//home/frederic/Work/Software/LesHouches2017/lh2017-alphas/rivet-analysis/quark-as013650-truth.yoda/MC_LHJSS_Zjet/log_theta_g_zcut_0.2_beta_1_alpha_2 //home/frederic/Work/Software/LesHouches2017/lh2017-alphas/rivet-analysis/quark-as012285-truth.yoda/MC_LHJSS_Zjet/log_theta_g_zcut_0.2_beta_1_alpha_2 //home/frederic/Work/Software/LesHouches2017/lh2017-alphas/rivet-analysis/quark-as015015-truth.yoda/MC_LHJSS_Zjet/log_theta_g_zcut_0.2_beta_1_alpha_2
Title=$\theta_g$, $\alpha$ = 2 $z_{cut}$ = 0.2 $\beta$ = 1
RatioPlot=1
LogX=0
LogY=0
RatioPlotYLabel=Ratio
RatioPlotReference=//home/frederic/Work/Software/LesHouches2017/lh2017-alphas/rivet-analysis/quark-as013650-truth.yoda/MC_LHJSS_Zjet/log_theta_g_zcut_0.2_beta_1_alpha_2
XLabel=$\theta_g$
YLabel=$1/\sigma \text{d}\sigma/\text{d}\theta_g$
Legend=1
# END PLOT

# BEGIN HISTO1D //home/frederic/Work/Software/LesHouches2017/lh2017-alphas/rivet-analysis/quark-as013650-truth.yoda/MC_LHJSS_Zjet/log_theta_g_zcut_0.2_beta_1_alpha_2
LineColor=red
LineStyle=solid
NormalizeToSum=1
Path=//home/frederic/Work/Software/LesHouches2017/lh2017-alphas/rivet-analysis/quark-as013650-truth.yoda/MC_LHJSS_Zjet/log_theta_g_zcut_0.2_beta_1_alpha_2
ScaledBy=2.55102040816326554e-04
Title=quark-as013650-truth
XLabel=
YLabel=
# xlow	 xhigh	 val	 errminus	 errplus
0.000000e+00	1.000000e-01	5.102041e-03	3.607688e-03	3.607688e-03
1.000000e-01	2.000000e-01	2.295918e-02	7.653061e-03	7.653061e-03
2.000000e-01	3.000000e-01	1.071429e-01	1.653250e-02	1.653250e-02
3.000000e-01	4.000000e-01	1.198980e-01	1.748891e-02	1.748891e-02
4.000000e-01	5.000000e-01	1.224490e-01	1.767399e-02	1.767399e-02
5.000000e-01	6.000000e-01	1.811224e-01	2.149528e-02	2.149528e-02
6.000000e-01	7.000000e-01	1.479592e-01	1.942799e-02	1.942799e-02
7.000000e-01	8.000000e-01	1.760204e-01	2.119037e-02	2.119037e-02
8.000000e-01	9.000000e-01	1.275510e-01	1.803844e-02	1.803844e-02
9.000000e-01	1.000000e+00	1.760204e-01	2.119037e-02	2.119037e-02
1.000000e+00	1.100000e+00	1.530612e-01	1.976012e-02	1.976012e-02
1.100000e+00	1.200000e+00	1.658163e-01	2.056698e-02	2.056698e-02
1.200000e+00	1.300000e+00	2.142857e-01	2.338049e-02	2.338049e-02
1.300000e+00	1.400000e+00	1.836735e-01	2.164613e-02	2.164613e-02
1.400000e+00	1.500000e+00	2.372449e-01	2.460115e-02	2.460115e-02
1.500000e+00	1.600000e+00	2.117347e-01	2.324090e-02	2.324090e-02
1.600000e+00	1.700000e+00	2.295918e-01	2.420111e-02	2.420111e-02
1.700000e+00	1.800000e+00	2.755102e-01	2.651098e-02	2.651098e-02
1.800000e+00	1.900000e+00	2.117347e-01	2.324090e-02	2.324090e-02
1.900000e+00	2.000000e+00	2.933673e-01	2.735665e-02	2.735665e-02
2.000000e+00	2.100000e+00	3.035714e-01	2.782835e-02	2.782835e-02
2.100000e+00	2.200000e+00	3.035714e-01	2.782835e-02	2.782835e-02
2.200000e+00	2.300000e+00	3.596939e-01	3.029169e-02	3.029169e-02
2.300000e+00	2.400000e+00	3.571429e-01	3.018408e-02	3.018408e-02
2.400000e+00	2.500000e+00	3.954082e-01	3.175994e-02	3.175994e-02
2.500000e+00	2.600000e+00	4.438776e-01	3.365027e-02	3.365027e-02
2.600000e+00	2.700000e+00	4.030612e-01	3.206582e-02	3.206582e-02
2.700000e+00	2.800000e+00	5.790816e-01	3.843500e-02	3.843500e-02
2.800000e+00	2.900000e+00	4.438776e-01	3.365027e-02	3.365027e-02
2.900000e+00	3.000000e+00	3.801020e-01	3.113917e-02	3.113917e-02
3.000000e+00	3.100000e+00	3.979592e-01	3.186223e-02	3.186223e-02
3.100000e+00	3.200000e+00	3.877551e-01	3.145109e-02	3.145109e-02
3.200000e+00	3.300000e+00	3.877551e-01	3.145109e-02	3.145109e-02
3.300000e+00	3.400000e+00	3.367347e-01	2.930899e-02	2.930899e-02
3.400000e+00	3.500000e+00	2.755102e-01	2.651098e-02	2.651098e-02
3.500000e+00	3.600000e+00	2.168367e-01	2.351925e-02	2.351925e-02
3.600000e+00	3.700000e+00	1.275510e-01	1.803844e-02	1.803844e-02
3.700000e+00	3.800000e+00	1.352041e-01	1.857171e-02	1.857171e-02
3.800000e+00	3.900000e+00	9.438776e-02	1.551725e-02	1.551725e-02
3.900000e+00	4.000000e+00	7.397959e-02	1.373766e-02	1.373766e-02
4.000000e+00	4.100000e+00	6.122449e-02	1.249740e-02	1.249740e-02
4.100000e+00	4.200000e+00	3.826531e-02	9.880060e-03	9.880060e-03
4.200000e+00	4.300000e+00	2.040816e-02	7.215375e-03	7.215375e-03
4.300000e+00	4.400000e+00	2.806122e-02	8.460778e-03	8.460778e-03
4.400000e+00	4.500000e+00	2.551020e-02	8.067035e-03	8.067035e-03
4.500000e+00	4.600000e+00	7.653061e-03	4.418497e-03	4.418497e-03
4.600000e+00	4.700000e+00	1.275510e-02	5.704255e-03	5.704255e-03
4.700000e+00	4.800000e+00	1.530612e-02	6.248698e-03	6.248698e-03
4.800000e+00	4.900000e+00	5.102041e-03	3.607688e-03	3.607688e-03
4.900000e+00	5.000000e+00	1.020408e-02	5.102041e-03	5.102041e-03
5.000000e+00	5.100000e+00	7.653061e-03	4.418497e-03	4.418497e-03
5.100000e+00	5.200000e+00	2.551020e-03	2.551020e-03	2.551020e-03
5.200000e+00	5.300000e+00	0.000000e+00	0.000000e+00	0.000000e+00
5.300000e+00	5.400000e+00	0.000000e+00	0.000000e+00	0.000000e+00
5.400000e+00	5.500000e+00	0.000000e+00	0.000000e+00	0.000000e+00
5.500000e+00	5.600000e+00	0.000000e+00	0.000000e+00	0.000000e+00
5.600000e+00	5.700000e+00	0.000000e+00	0.000000e+00	0.000000e+00
5.700000e+00	5.800000e+00	0.000000e+00	0.000000e+00	0.000000e+00
5.800000e+00	5.900000e+00	0.000000e+00	0.000000e+00	0.000000e+00
5.900000e+00	6.000000e+00	0.000000e+00	0.000000e+00	0.000000e+00
6.000000e+00	6.100000e+00	0.000000e+00	0.000000e+00	0.000000e+00
6.100000e+00	6.200000e+00	0.000000e+00	0.000000e+00	0.000000e+00
6.200000e+00	6.300000e+00	0.000000e+00	0.000000e+00	0.000000e+00
6.300000e+00	6.400000e+00	0.000000e+00	0.000000e+00	0.000000e+00
6.400000e+00	6.500000e+00	0.000000e+00	0.000000e+00	0.000000e+00
6.500000e+00	6.600000e+00	0.000000e+00	0.000000e+00	0.000000e+00
6.600000e+00	6.700000e+00	0.000000e+00	0.000000e+00	0.000000e+00
6.700000e+00	6.800000e+00	0.000000e+00	0.000000e+00	0.000000e+00
6.800000e+00	6.900000e+00	0.000000e+00	0.000000e+00	0.000000e+00
6.900000e+00	7.000000e+00	0.000000e+00	0.000000e+00	0.000000e+00
7.000000e+00	7.100000e+00	0.000000e+00	0.000000e+00	0.000000e+00
7.100000e+00	7.200000e+00	0.000000e+00	0.000000e+00	0.000000e+00
7.200000e+00	7.300000e+00	0.000000e+00	0.000000e+00	0.000000e+00
7.300000e+00	7.400000e+00	0.000000e+00	0.000000e+00	0.000000e+00
7.400000e+00	7.500000e+00	0.000000e+00	0.000000e+00	0.000000e+00
7.500000e+00	7.600000e+00	0.000000e+00	0.000000e+00	0.000000e+00
7.600000e+00	7.700000e+00	0.000000e+00	0.000000e+00	0.000000e+00
7.700000e+00	7.800000e+00	0.000000e+00	0.000000e+00	0.000000e+00
7.800000e+00	7.900000e+00	0.000000e+00	0.000000e+00	0.000000e+00
7.900000e+00	8.000000e+00	0.000000e+00	0.000000e+00	0.000000e+00
8.000000e+00	8.100000e+00	0.000000e+00	0.000000e+00	0.000000e+00
8.100000e+00	8.200000e+00	0.000000e+00	0.000000e+00	0.000000e+00
8.200000e+00	8.300000e+00	0.000000e+00	0.000000e+00	0.000000e+00
8.300000e+00	8.400000e+00	0.000000e+00	0.000000e+00	0.000000e+00
8.400000e+00	8.500000e+00	0.000000e+00	0.000000e+00	0.000000e+00
8.500000e+00	8.600000e+00	0.000000e+00	0.000000e+00	0.000000e+00
8.600000e+00	8.700000e+00	0.000000e+00	0.000000e+00	0.000000e+00
8.700000e+00	8.800000e+00	0.000000e+00	0.000000e+00	0.000000e+00
8.800000e+00	8.900000e+00	0.000000e+00	0.000000e+00	0.000000e+00
8.900000e+00	9.000000e+00	0.000000e+00	0.000000e+00	0.000000e+00
9.000000e+00	9.100000e+00	0.000000e+00	0.000000e+00	0.000000e+00
9.100000e+00	9.200000e+00	0.000000e+00	0.000000e+00	0.000000e+00
9.200000e+00	9.300000e+00	0.000000e+00	0.000000e+00	0.000000e+00
9.300000e+00	9.400000e+00	0.000000e+00	0.000000e+00	0.000000e+00
9.400000e+00	9.500000e+00	0.000000e+00	0.000000e+00	0.000000e+00
9.500000e+00	9.600000e+00	0.000000e+00	0.000000e+00	0.000000e+00
9.600000e+00	9.700000e+00	0.000000e+00	0.000000e+00	0.000000e+00
9.700000e+00	9.800000e+00	0.000000e+00	0.000000e+00	0.000000e+00
9.800000e+00	9.900000e+00	0.000000e+00	0.000000e+00	0.000000e+00
9.900000e+00	1.000000e+01	0.000000e+00	0.000000e+00	0.000000e+00
1.000000e+01	1.010000e+01	0.000000e+00	0.000000e+00	0.000000e+00
1.010000e+01	1.020000e+01	0.000000e+00	0.000000e+00	0.000000e+00
1.020000e+01	1.030000e+01	0.000000e+00	0.000000e+00	0.000000e+00
1.030000e+01	1.040000e+01	0.000000e+00	0.000000e+00	0.000000e+00
1.040000e+01	1.050000e+01	0.000000e+00	0.000000e+00	0.000000e+00
1.050000e+01	1.060000e+01	0.000000e+00	0.000000e+00	0.000000e+00
1.060000e+01	1.070000e+01	0.000000e+00	0.000000e+00	0.000000e+00
1.070000e+01	1.080000e+01	0.000000e+00	0.000000e+00	0.000000e+00
1.080000e+01	1.090000e+01	0.000000e+00	0.000000e+00	0.000000e+00
1.090000e+01	1.100000e+01	0.000000e+00	0.000000e+00	0.000000e+00
1.100000e+01	1.110000e+01	0.000000e+00	0.000000e+00	0.000000e+00
1.110000e+01	1.120000e+01	0.000000e+00	0.000000e+00	0.000000e+00
1.120000e+01	1.130000e+01	0.000000e+00	0.000000e+00	0.000000e+00
1.130000e+01	1.140000e+01	0.000000e+00	0.000000e+00	0.000000e+00
1.140000e+01	1.150000e+01	0.000000e+00	0.000000e+00	0.000000e+00
1.150000e+01	1.160000e+01	0.000000e+00	0.000000e+00	0.000000e+00
1.160000e+01	1.170000e+01	0.000000e+00	0.000000e+00	0.000000e+00
1.170000e+01	1.180000e+01	0.000000e+00	0.000000e+00	0.000000e+00
1.180000e+01	1.190000e+01	0.000000e+00	0.000000e+00	0.000000e+00
1.190000e+01	1.200000e+01	0.000000e+00	0.000000e+00	0.000000e+00
1.200000e+01	1.210000e+01	0.000000e+00	0.000000e+00	0.000000e+00
1.210000e+01	1.220000e+01	0.000000e+00	0.000000e+00	0.000000e+00
1.220000e+01	1.230000e+01	0.000000e+00	0.000000e+00	0.000000e+00
1.230000e+01	1.240000e+01	0.000000e+00	0.000000e+00	0.000000e+00
1.240000e+01	1.250000e+01	0.000000e+00	0.000000e+00	0.000000e+00
1.250000e+01	1.260000e+01	0.000000e+00	0.000000e+00	0.000000e+00
1.260000e+01	1.270000e+01	0.000000e+00	0.000000e+00	0.000000e+00
1.270000e+01	1.280000e+01	0.000000e+00	0.000000e+00	0.000000e+00
1.280000e+01	1.290000e+01	0.000000e+00	0.000000e+00	0.000000e+00
1.290000e+01	1.300000e+01	0.000000e+00	0.000000e+00	0.000000e+00
1.300000e+01	1.310000e+01	0.000000e+00	0.000000e+00	0.000000e+00
1.310000e+01	1.320000e+01	0.000000e+00	0.000000e+00	0.000000e+00
1.320000e+01	1.330000e+01	0.000000e+00	0.000000e+00	0.000000e+00
1.330000e+01	1.340000e+01	0.000000e+00	0.000000e+00	0.000000e+00
1.340000e+01	1.350000e+01	0.000000e+00	0.000000e+00	0.000000e+00
1.350000e+01	1.360000e+01	0.000000e+00	0.000000e+00	0.000000e+00
1.360000e+01	1.370000e+01	0.000000e+00	0.000000e+00	0.000000e+00
1.370000e+01	1.380000e+01	0.000000e+00	0.000000e+00	0.000000e+00
1.380000e+01	1.390000e+01	0.000000e+00	0.000000e+00	0.000000e+00
1.390000e+01	1.400000e+01	0.000000e+00	0.000000e+00	0.000000e+00
1.400000e+01	1.410000e+01	0.000000e+00	0.000000e+00	0.000000e+00
1.410000e+01	1.420000e+01	0.000000e+00	0.000000e+00	0.000000e+00
1.420000e+01	1.430000e+01	0.000000e+00	0.000000e+00	0.000000e+00
1.430000e+01	1.440000e+01	0.000000e+00	0.000000e+00	0.000000e+00
1.440000e+01	1.450000e+01	0.000000e+00	0.000000e+00	0.000000e+00
1.450000e+01	1.460000e+01	0.000000e+00	0.000000e+00	0.000000e+00
1.460000e+01	1.470000e+01	0.000000e+00	0.000000e+00	0.000000e+00
1.470000e+01	1.480000e+01	0.000000e+00	0.000000e+00	0.000000e+00
1.480000e+01	1.490000e+01	0.000000e+00	0.000000e+00	0.000000e+00
1.490000e+01	1.500000e+01	0.000000e+00	0.000000e+00	0.000000e+00
# END HISTO1D

# BEGIN HISTO1D //home/frederic/Work/Software/LesHouches2017/lh2017-alphas/rivet-analysis/quark-as012285-truth.yoda/MC_LHJSS_Zjet/log_theta_g_zcut_0.2_beta_1_alpha_2
LineColor=blue
LineStyle=solid
NormalizeToSum=1
Path=//home/frederic/Work/Software/LesHouches2017/lh2017-alphas/rivet-analysis/quark-as012285-truth.yoda/MC_LHJSS_Zjet/log_theta_g_zcut_0.2_beta_1_alpha_2
ScaledBy=6.65158972994545696e-05
Title=quark-as012285-truth
XLabel=
YLabel=
# xlow	 xhigh	 val	 errminus	 errplus
0.000000e+00	1.000000e-01	3.325795e-03	1.487341e-03	1.487341e-03
1.000000e-01	2.000000e-01	2.195025e-02	3.821047e-03	3.821047e-03
2.000000e-01	3.000000e-01	9.046162e-02	7.757020e-03	7.757020e-03
3.000000e-01	4.000000e-01	1.237196e-01	9.071559e-03	9.071559e-03
4.000000e-01	5.000000e-01	1.243847e-01	9.095912e-03	9.095912e-03
5.000000e-01	6.000000e-01	1.383531e-01	9.593059e-03	9.593059e-03
6.000000e-01	7.000000e-01	1.356924e-01	9.500371e-03	9.500371e-03
7.000000e-01	8.000000e-01	1.509911e-01	1.002163e-02	1.002163e-02
8.000000e-01	9.000000e-01	1.669549e-01	1.053810e-02	1.053810e-02
9.000000e-01	1.000000e+00	1.576427e-01	1.023999e-02	1.023999e-02
1.000000e+00	1.100000e+00	1.802581e-01	1.094990e-02	1.094990e-02
1.100000e+00	1.200000e+00	1.669549e-01	1.053810e-02	1.053810e-02
1.200000e+00	1.300000e+00	1.775974e-01	1.086879e-02	1.086879e-02
1.300000e+00	1.400000e+00	1.809232e-01	1.097008e-02	1.097008e-02
1.400000e+00	1.500000e+00	1.802581e-01	1.094990e-02	1.094990e-02
1.500000e+00	1.600000e+00	1.995477e-01	1.152089e-02	1.152089e-02
1.600000e+00	1.700000e+00	2.095251e-01	1.180540e-02	1.180540e-02
1.700000e+00	1.800000e+00	2.141812e-01	1.193585e-02	1.193585e-02
1.800000e+00	1.900000e+00	2.061993e-01	1.171133e-02	1.171133e-02
1.900000e+00	2.000000e+00	2.128509e-01	1.189873e-02	1.189873e-02
2.000000e+00	2.100000e+00	2.308102e-01	1.239054e-02	1.239054e-02
2.100000e+00	2.200000e+00	2.554210e-01	1.303440e-02	1.303440e-02
2.200000e+00	2.300000e+00	2.933351e-01	1.396834e-02	1.396834e-02
2.300000e+00	2.400000e+00	3.432220e-01	1.510951e-02	1.510951e-02
2.400000e+00	2.500000e+00	3.571904e-01	1.541390e-02	1.541390e-02
2.500000e+00	2.600000e+00	3.704935e-01	1.569832e-02	1.569832e-02
2.600000e+00	2.700000e+00	4.370094e-01	1.704936e-02	1.704936e-02
2.700000e+00	2.800000e+00	4.782493e-01	1.783569e-02	1.783569e-02
2.800000e+00	2.900000e+00	4.982041e-01	1.820398e-02	1.820398e-02
2.900000e+00	3.000000e+00	5.121724e-01	1.845741e-02	1.845741e-02
3.000000e+00	3.100000e+00	4.882267e-01	1.802078e-02	1.802078e-02
3.100000e+00	3.200000e+00	4.709326e-01	1.769873e-02	1.769873e-02
3.200000e+00	3.300000e+00	3.857922e-01	1.601915e-02	1.601915e-02
3.300000e+00	3.400000e+00	3.531994e-01	1.532755e-02	1.532755e-02
3.400000e+00	3.500000e+00	3.219369e-01	1.463350e-02	1.463350e-02
3.500000e+00	3.600000e+00	2.467740e-01	1.281187e-02	1.281187e-02
3.600000e+00	3.700000e+00	2.081948e-01	1.176786e-02	1.176786e-02
3.700000e+00	3.800000e+00	1.716110e-01	1.068403e-02	1.068403e-02
3.800000e+00	3.900000e+00	1.336970e-01	9.430256e-03	9.430256e-03
3.900000e+00	4.000000e+00	9.112678e-02	7.785486e-03	7.785486e-03
4.000000e+00	4.100000e+00	7.582812e-02	7.101955e-03	7.101955e-03
4.100000e+00	4.200000e+00	5.986431e-02	6.310252e-03	6.310252e-03
4.200000e+00	4.300000e+00	4.789145e-02	5.644061e-03	5.644061e-03
4.300000e+00	4.400000e+00	3.525343e-02	4.842430e-03	4.842430e-03
4.400000e+00	4.500000e+00	2.195025e-02	3.821047e-03	3.821047e-03
4.500000e+00	4.600000e+00	1.463350e-02	3.119872e-03	3.119872e-03
4.600000e+00	4.700000e+00	1.463350e-02	3.119872e-03	3.119872e-03
4.700000e+00	4.800000e+00	9.312226e-03	2.488797e-03	2.488797e-03
4.800000e+00	4.900000e+00	1.130770e-02	2.742521e-03	2.742521e-03
4.900000e+00	5.000000e+00	5.986431e-03	1.995477e-03	1.995477e-03
5.000000e+00	5.100000e+00	3.990954e-03	1.629300e-03	1.629300e-03
5.100000e+00	5.200000e+00	1.330318e-03	9.406768e-04	9.406768e-04
5.200000e+00	5.300000e+00	1.995477e-03	1.152089e-03	1.152089e-03
5.300000e+00	5.400000e+00	3.325795e-03	1.487341e-03	1.487341e-03
5.400000e+00	5.500000e+00	0.000000e+00	0.000000e+00	0.000000e+00
5.500000e+00	5.600000e+00	6.651590e-04	6.651590e-04	6.651590e-04
5.600000e+00	5.700000e+00	6.651590e-04	6.651590e-04	6.651590e-04
5.700000e+00	5.800000e+00	6.651590e-04	6.651590e-04	6.651590e-04
5.800000e+00	5.900000e+00	0.000000e+00	0.000000e+00	0.000000e+00
5.900000e+00	6.000000e+00	6.651590e-04	6.651590e-04	6.651590e-04
6.000000e+00	6.100000e+00	6.651590e-04	6.651590e-04	6.651590e-04
6.100000e+00	6.200000e+00	0.000000e+00	0.000000e+00	0.000000e+00
6.200000e+00	6.300000e+00	0.000000e+00	0.000000e+00	0.000000e+00
6.300000e+00	6.400000e+00	0.000000e+00	0.000000e+00	0.000000e+00
6.400000e+00	6.500000e+00	0.000000e+00	0.000000e+00	0.000000e+00
6.500000e+00	6.600000e+00	0.000000e+00	0.000000e+00	0.000000e+00
6.600000e+00	6.700000e+00	0.000000e+00	0.000000e+00	0.000000e+00
6.700000e+00	6.800000e+00	0.000000e+00	0.000000e+00	0.000000e+00
6.800000e+00	6.900000e+00	0.000000e+00	0.000000e+00	0.000000e+00
6.900000e+00	7.000000e+00	0.000000e+00	0.000000e+00	0.000000e+00
7.000000e+00	7.100000e+00	0.000000e+00	0.000000e+00	0.000000e+00
7.100000e+00	7.200000e+00	0.000000e+00	0.000000e+00	0.000000e+00
7.200000e+00	7.300000e+00	0.000000e+00	0.000000e+00	0.000000e+00
7.300000e+00	7.400000e+00	0.000000e+00	0.000000e+00	0.000000e+00
7.400000e+00	7.500000e+00	0.000000e+00	0.000000e+00	0.000000e+00
7.500000e+00	7.600000e+00	0.000000e+00	0.000000e+00	0.000000e+00
7.600000e+00	7.700000e+00	0.000000e+00	0.000000e+00	0.000000e+00
7.700000e+00	7.800000e+00	0.000000e+00	0.000000e+00	0.000000e+00
7.800000e+00	7.900000e+00	0.000000e+00	0.000000e+00	0.000000e+00
7.900000e+00	8.000000e+00	0.000000e+00	0.000000e+00	0.000000e+00
8.000000e+00	8.100000e+00	0.000000e+00	0.000000e+00	0.000000e+00
8.100000e+00	8.200000e+00	0.000000e+00	0.000000e+00	0.000000e+00
8.200000e+00	8.300000e+00	0.000000e+00	0.000000e+00	0.000000e+00
8.300000e+00	8.400000e+00	0.000000e+00	0.000000e+00	0.000000e+00
8.400000e+00	8.500000e+00	0.000000e+00	0.000000e+00	0.000000e+00
8.500000e+00	8.600000e+00	0.000000e+00	0.000000e+00	0.000000e+00
8.600000e+00	8.700000e+00	0.000000e+00	0.000000e+00	0.000000e+00
8.700000e+00	8.800000e+00	0.000000e+00	0.000000e+00	0.000000e+00
8.800000e+00	8.900000e+00	0.000000e+00	0.000000e+00	0.000000e+00
8.900000e+00	9.000000e+00	0.000000e+00	0.000000e+00	0.000000e+00
9.000000e+00	9.100000e+00	0.000000e+00	0.000000e+00	0.000000e+00
9.100000e+00	9.200000e+00	0.000000e+00	0.000000e+00	0.000000e+00
9.200000e+00	9.300000e+00	0.000000e+00	0.000000e+00	0.000000e+00
9.300000e+00	9.400000e+00	0.000000e+00	0.000000e+00	0.000000e+00
9.400000e+00	9.500000e+00	0.000000e+00	0.000000e+00	0.000000e+00
9.500000e+00	9.600000e+00	0.000000e+00	0.000000e+00	0.000000e+00
9.600000e+00	9.700000e+00	0.000000e+00	0.000000e+00	0.000000e+00
9.700000e+00	9.800000e+00	0.000000e+00	0.000000e+00	0.000000e+00
9.800000e+00	9.900000e+00	0.000000e+00	0.000000e+00	0.000000e+00
9.900000e+00	1.000000e+01	0.000000e+00	0.000000e+00	0.000000e+00
1.000000e+01	1.010000e+01	0.000000e+00	0.000000e+00	0.000000e+00
1.010000e+01	1.020000e+01	0.000000e+00	0.000000e+00	0.000000e+00
1.020000e+01	1.030000e+01	0.000000e+00	0.000000e+00	0.000000e+00
1.030000e+01	1.040000e+01	0.000000e+00	0.000000e+00	0.000000e+00
1.040000e+01	1.050000e+01	0.000000e+00	0.000000e+00	0.000000e+00
1.050000e+01	1.060000e+01	0.000000e+00	0.000000e+00	0.000000e+00
1.060000e+01	1.070000e+01	0.000000e+00	0.000000e+00	0.000000e+00
1.070000e+01	1.080000e+01	0.000000e+00	0.000000e+00	0.000000e+00
1.080000e+01	1.090000e+01	0.000000e+00	0.000000e+00	0.000000e+00
1.090000e+01	1.100000e+01	0.000000e+00	0.000000e+00	0.000000e+00
1.100000e+01	1.110000e+01	0.000000e+00	0.000000e+00	0.000000e+00
1.110000e+01	1.120000e+01	0.000000e+00	0.000000e+00	0.000000e+00
1.120000e+01	1.130000e+01	0.000000e+00	0.000000e+00	0.000000e+00
1.130000e+01	1.140000e+01	0.000000e+00	0.000000e+00	0.000000e+00
1.140000e+01	1.150000e+01	0.000000e+00	0.000000e+00	0.000000e+00
1.150000e+01	1.160000e+01	0.000000e+00	0.000000e+00	0.000000e+00
1.160000e+01	1.170000e+01	0.000000e+00	0.000000e+00	0.000000e+00
1.170000e+01	1.180000e+01	0.000000e+00	0.000000e+00	0.000000e+00
1.180000e+01	1.190000e+01	0.000000e+00	0.000000e+00	0.000000e+00
1.190000e+01	1.200000e+01	0.000000e+00	0.000000e+00	0.000000e+00
1.200000e+01	1.210000e+01	0.000000e+00	0.000000e+00	0.000000e+00
1.210000e+01	1.220000e+01	0.000000e+00	0.000000e+00	0.000000e+00
1.220000e+01	1.230000e+01	0.000000e+00	0.000000e+00	0.000000e+00
1.230000e+01	1.240000e+01	0.000000e+00	0.000000e+00	0.000000e+00
1.240000e+01	1.250000e+01	0.000000e+00	0.000000e+00	0.000000e+00
1.250000e+01	1.260000e+01	0.000000e+00	0.000000e+00	0.000000e+00
1.260000e+01	1.270000e+01	0.000000e+00	0.000000e+00	0.000000e+00
1.270000e+01	1.280000e+01	0.000000e+00	0.000000e+00	0.000000e+00
1.280000e+01	1.290000e+01	0.000000e+00	0.000000e+00	0.000000e+00
1.290000e+01	1.300000e+01	0.000000e+00	0.000000e+00	0.000000e+00
1.300000e+01	1.310000e+01	0.000000e+00	0.000000e+00	0.000000e+00
1.310000e+01	1.320000e+01	0.000000e+00	0.000000e+00	0.000000e+00
1.320000e+01	1.330000e+01	0.000000e+00	0.000000e+00	0.000000e+00
1.330000e+01	1.340000e+01	0.000000e+00	0.000000e+00	0.000000e+00
1.340000e+01	1.350000e+01	0.000000e+00	0.000000e+00	0.000000e+00
1.350000e+01	1.360000e+01	0.000000e+00	0.000000e+00	0.000000e+00
1.360000e+01	1.370000e+01	0.000000e+00	0.000000e+00	0.000000e+00
1.370000e+01	1.380000e+01	0.000000e+00	0.000000e+00	0.000000e+00
1.380000e+01	1.390000e+01	0.000000e+00	0.000000e+00	0.000000e+00
1.390000e+01	1.400000e+01	0.000000e+00	0.000000e+00	0.000000e+00
1.400000e+01	1.410000e+01	0.000000e+00	0.000000e+00	0.000000e+00
1.410000e+01	1.420000e+01	0.000000e+00	0.000000e+00	0.000000e+00
1.420000e+01	1.430000e+01	0.000000e+00	0.000000e+00	0.000000e+00
1.430000e+01	1.440000e+01	0.000000e+00	0.000000e+00	0.000000e+00
1.440000e+01	1.450000e+01	0.000000e+00	0.000000e+00	0.000000e+00
1.450000e+01	1.460000e+01	0.000000e+00	0.000000e+00	0.000000e+00
1.460000e+01	1.470000e+01	0.000000e+00	0.000000e+00	0.000000e+00
1.470000e+01	1.480000e+01	0.000000e+00	0.000000e+00	0.000000e+00
1.480000e+01	1.490000e+01	0.000000e+00	0.000000e+00	0.000000e+00
1.490000e+01	1.500000e+01	0.000000e+00	0.000000e+00	0.000000e+00
# END HISTO1D

# BEGIN HISTO1D //home/frederic/Work/Software/LesHouches2017/lh2017-alphas/rivet-analysis/quark-as015015-truth.yoda/MC_LHJSS_Zjet/log_theta_g_zcut_0.2_beta_1_alpha_2
LineColor=green
LineStyle=solid
NormalizeToSum=1
Path=//home/frederic/Work/Software/LesHouches2017/lh2017-alphas/rivet-analysis/quark-as015015-truth.yoda/MC_LHJSS_Zjet/log_theta_g_zcut_0.2_beta_1_alpha_2
Title=quark-as015015-truth
XLabel=
YLabel=
# xlow	 xhigh	 val	 errminus	 errplus
0.000000e+00	1.000000e-01	5.000000e+01	2.236068e+01	2.236068e+01
1.000000e-01	2.000000e-01	2.400000e+02	4.898979e+01	4.898979e+01
2.000000e-01	3.000000e-01	1.140000e+03	1.067708e+02	1.067708e+02
3.000000e-01	4.000000e-01	1.500000e+03	1.224745e+02	1.224745e+02
4.000000e-01	5.000000e-01	1.620000e+03	1.272792e+02	1.272792e+02
5.000000e-01	6.000000e-01	1.920000e+03	1.385641e+02	1.385641e+02
6.000000e-01	7.000000e-01	1.670000e+03	1.292285e+02	1.292285e+02
7.000000e-01	8.000000e-01	1.760000e+03	1.326650e+02	1.326650e+02
8.000000e-01	9.000000e-01	1.890000e+03	1.374773e+02	1.374773e+02
9.000000e-01	1.000000e+00	2.110000e+03	1.452584e+02	1.452584e+02
1.000000e+00	1.100000e+00	1.950000e+03	1.396424e+02	1.396424e+02
1.100000e+00	1.200000e+00	2.050000e+03	1.431782e+02	1.431782e+02
1.200000e+00	1.300000e+00	1.960000e+03	1.400000e+02	1.400000e+02
1.300000e+00	1.400000e+00	2.220000e+03	1.489966e+02	1.489966e+02
1.400000e+00	1.500000e+00	2.550000e+03	1.596872e+02	1.596872e+02
1.500000e+00	1.600000e+00	2.680000e+03	1.637071e+02	1.637071e+02
1.600000e+00	1.700000e+00	2.430000e+03	1.558846e+02	1.558846e+02
1.700000e+00	1.800000e+00	2.590000e+03	1.609348e+02	1.609348e+02
1.800000e+00	1.900000e+00	2.900000e+03	1.702939e+02	1.702939e+02
1.900000e+00	2.000000e+00	3.070000e+03	1.752142e+02	1.752142e+02
2.000000e+00	2.100000e+00	3.160000e+03	1.777639e+02	1.777639e+02
2.100000e+00	2.200000e+00	3.340000e+03	1.827567e+02	1.827567e+02
2.200000e+00	2.300000e+00	3.660000e+03	1.913113e+02	1.913113e+02
2.300000e+00	2.400000e+00	4.170000e+03	2.042058e+02	2.042058e+02
2.400000e+00	2.500000e+00	4.180000e+03	2.044505e+02	2.044505e+02
2.500000e+00	2.600000e+00	4.470000e+03	2.114237e+02	2.114237e+02
2.600000e+00	2.700000e+00	4.580000e+03	2.140093e+02	2.140093e+02
2.700000e+00	2.800000e+00	5.310000e+03	2.304344e+02	2.304344e+02
2.800000e+00	2.900000e+00	5.290000e+03	2.300000e+02	2.300000e+02
2.900000e+00	3.000000e+00	4.770000e+03	2.184033e+02	2.184033e+02
3.000000e+00	3.100000e+00	4.400000e+03	2.097618e+02	2.097618e+02
3.100000e+00	3.200000e+00	3.520000e+03	1.876166e+02	1.876166e+02
3.200000e+00	3.300000e+00	3.160000e+03	1.777639e+02	1.777639e+02
3.300000e+00	3.400000e+00	2.870000e+03	1.694107e+02	1.694107e+02
3.400000e+00	3.500000e+00	2.020000e+03	1.421267e+02	1.421267e+02
3.500000e+00	3.600000e+00	1.690000e+03	1.300000e+02	1.300000e+02
3.600000e+00	3.700000e+00	1.250000e+03	1.118034e+02	1.118034e+02
3.700000e+00	3.800000e+00	1.070000e+03	1.034408e+02	1.034408e+02
3.800000e+00	3.900000e+00	6.900000e+02	8.306624e+01	8.306624e+01
3.900000e+00	4.000000e+00	5.600000e+02	7.483315e+01	7.483315e+01
4.000000e+00	4.100000e+00	3.900000e+02	6.244998e+01	6.244998e+01
4.100000e+00	4.200000e+00	3.200000e+02	5.656854e+01	5.656854e+01
4.200000e+00	4.300000e+00	1.600000e+02	4.000000e+01	4.000000e+01
4.300000e+00	4.400000e+00	2.000000e+02	4.472136e+01	4.472136e+01
4.400000e+00	4.500000e+00	4.000000e+01	2.000000e+01	2.000000e+01
4.500000e+00	4.600000e+00	9.000000e+01	3.000000e+01	3.000000e+01
4.600000e+00	4.700000e+00	2.000000e+01	1.414214e+01	1.414214e+01
4.700000e+00	4.800000e+00	3.000000e+01	1.732051e+01	1.732051e+01
4.800000e+00	4.900000e+00	4.000000e+01	2.000000e+01	2.000000e+01
4.900000e+00	5.000000e+00	4.000000e+01	2.000000e+01	2.000000e+01
5.000000e+00	5.100000e+00	0.000000e+00	0.000000e+00	0.000000e+00
5.100000e+00	5.200000e+00	0.000000e+00	0.000000e+00	0.000000e+00
5.200000e+00	5.300000e+00	1.000000e+01	1.000000e+01	1.000000e+01
5.300000e+00	5.400000e+00	2.000000e+01	1.414214e+01	1.414214e+01
5.400000e+00	5.500000e+00	2.000000e+01	1.414214e+01	1.414214e+01
5.500000e+00	5.600000e+00	0.000000e+00	0.000000e+00	0.000000e+00
5.600000e+00	5.700000e+00	0.000000e+00	0.000000e+00	0.000000e+00
5.700000e+00	5.800000e+00	0.000000e+00	0.000000e+00	0.000000e+00
5.800000e+00	5.900000e+00	0.000000e+00	0.000000e+00	0.000000e+00
5.900000e+00	6.000000e+00	0.000000e+00	0.000000e+00	0.000000e+00
6.000000e+00	6.100000e+00	0.000000e+00	0.000000e+00	0.000000e+00
6.100000e+00	6.200000e+00	0.000000e+00	0.000000e+00	0.000000e+00
6.200000e+00	6.300000e+00	0.000000e+00	0.000000e+00	0.000000e+00
6.300000e+00	6.400000e+00	0.000000e+00	0.000000e+00	0.000000e+00
6.400000e+00	6.500000e+00	0.000000e+00	0.000000e+00	0.000000e+00
6.500000e+00	6.600000e+00	0.000000e+00	0.000000e+00	0.000000e+00
6.600000e+00	6.700000e+00	0.000000e+00	0.000000e+00	0.000000e+00
6.700000e+00	6.800000e+00	0.000000e+00	0.000000e+00	0.000000e+00
6.800000e+00	6.900000e+00	0.000000e+00	0.000000e+00	0.000000e+00
6.900000e+00	7.000000e+00	0.000000e+00	0.000000e+00	0.000000e+00
7.000000e+00	7.100000e+00	0.000000e+00	0.000000e+00	0.000000e+00
7.100000e+00	7.200000e+00	0.000000e+00	0.000000e+00	0.000000e+00
7.200000e+00	7.300000e+00	0.000000e+00	0.000000e+00	0.000000e+00
7.300000e+00	7.400000e+00	0.000000e+00	0.000000e+00	0.000000e+00
7.400000e+00	7.500000e+00	0.000000e+00	0.000000e+00	0.000000e+00
7.500000e+00	7.600000e+00	0.000000e+00	0.000000e+00	0.000000e+00
7.600000e+00	7.700000e+00	0.000000e+00	0.000000e+00	0.000000e+00
7.700000e+00	7.800000e+00	0.000000e+00	0.000000e+00	0.000000e+00
7.800000e+00	7.900000e+00	0.000000e+00	0.000000e+00	0.000000e+00
7.900000e+00	8.000000e+00	0.000000e+00	0.000000e+00	0.000000e+00
8.000000e+00	8.100000e+00	0.000000e+00	0.000000e+00	0.000000e+00
8.100000e+00	8.200000e+00	0.000000e+00	0.000000e+00	0.000000e+00
8.200000e+00	8.300000e+00	0.000000e+00	0.000000e+00	0.000000e+00
8.300000e+00	8.400000e+00	0.000000e+00	0.000000e+00	0.000000e+00
8.400000e+00	8.500000e+00	0.000000e+00	0.000000e+00	0.000000e+00
8.500000e+00	8.600000e+00	0.000000e+00	0.000000e+00	0.000000e+00
8.600000e+00	8.700000e+00	0.000000e+00	0.000000e+00	0.000000e+00
8.700000e+00	8.800000e+00	0.000000e+00	0.000000e+00	0.000000e+00
8.800000e+00	8.900000e+00	0.000000e+00	0.000000e+00	0.000000e+00
8.900000e+00	9.000000e+00	0.000000e+00	0.000000e+00	0.000000e+00
9.000000e+00	9.100000e+00	0.000000e+00	0.000000e+00	0.000000e+00
9.100000e+00	9.200000e+00	0.000000e+00	0.000000e+00	0.000000e+00
9.200000e+00	9.300000e+00	0.000000e+00	0.000000e+00	0.000000e+00
9.300000e+00	9.400000e+00	0.000000e+00	0.000000e+00	0.000000e+00
9.400000e+00	9.500000e+00	0.000000e+00	0.000000e+00	0.000000e+00
9.500000e+00	9.600000e+00	0.000000e+00	0.000000e+00	0.000000e+00
9.600000e+00	9.700000e+00	0.000000e+00	0.000000e+00	0.000000e+00
9.700000e+00	9.800000e+00	0.000000e+00	0.000000e+00	0.000000e+00
9.800000e+00	9.900000e+00	0.000000e+00	0.000000e+00	0.000000e+00
9.900000e+00	1.000000e+01	0.000000e+00	0.000000e+00	0.000000e+00
1.000000e+01	1.010000e+01	0.000000e+00	0.000000e+00	0.000000e+00
1.010000e+01	1.020000e+01	0.000000e+00	0.000000e+00	0.000000e+00
1.020000e+01	1.030000e+01	0.000000e+00	0.000000e+00	0.000000e+00
1.030000e+01	1.040000e+01	0.000000e+00	0.000000e+00	0.000000e+00
1.040000e+01	1.050000e+01	0.000000e+00	0.000000e+00	0.000000e+00
1.050000e+01	1.060000e+01	0.000000e+00	0.000000e+00	0.000000e+00
1.060000e+01	1.070000e+01	0.000000e+00	0.000000e+00	0.000000e+00
1.070000e+01	1.080000e+01	0.000000e+00	0.000000e+00	0.000000e+00
1.080000e+01	1.090000e+01	0.000000e+00	0.000000e+00	0.000000e+00
1.090000e+01	1.100000e+01	0.000000e+00	0.000000e+00	0.000000e+00
1.100000e+01	1.110000e+01	0.000000e+00	0.000000e+00	0.000000e+00
1.110000e+01	1.120000e+01	0.000000e+00	0.000000e+00	0.000000e+00
1.120000e+01	1.130000e+01	0.000000e+00	0.000000e+00	0.000000e+00
1.130000e+01	1.140000e+01	0.000000e+00	0.000000e+00	0.000000e+00
1.140000e+01	1.150000e+01	0.000000e+00	0.000000e+00	0.000000e+00
1.150000e+01	1.160000e+01	0.000000e+00	0.000000e+00	0.000000e+00
1.160000e+01	1.170000e+01	0.000000e+00	0.000000e+00	0.000000e+00
1.170000e+01	1.180000e+01	0.000000e+00	0.000000e+00	0.000000e+00
1.180000e+01	1.190000e+01	0.000000e+00	0.000000e+00	0.000000e+00
1.190000e+01	1.200000e+01	0.000000e+00	0.000000e+00	0.000000e+00
1.200000e+01	1.210000e+01	0.000000e+00	0.000000e+00	0.000000e+00
1.210000e+01	1.220000e+01	0.000000e+00	0.000000e+00	0.000000e+00
1.220000e+01	1.230000e+01	0.000000e+00	0.000000e+00	0.000000e+00
1.230000e+01	1.240000e+01	0.000000e+00	0.000000e+00	0.000000e+00
1.240000e+01	1.250000e+01	0.000000e+00	0.000000e+00	0.000000e+00
1.250000e+01	1.260000e+01	0.000000e+00	0.000000e+00	0.000000e+00
1.260000e+01	1.270000e+01	0.000000e+00	0.000000e+00	0.000000e+00
1.270000e+01	1.280000e+01	0.000000e+00	0.000000e+00	0.000000e+00
1.280000e+01	1.290000e+01	0.000000e+00	0.000000e+00	0.000000e+00
1.290000e+01	1.300000e+01	0.000000e+00	0.000000e+00	0.000000e+00
1.300000e+01	1.310000e+01	0.000000e+00	0.000000e+00	0.000000e+00
1.310000e+01	1.320000e+01	0.000000e+00	0.000000e+00	0.000000e+00
1.320000e+01	1.330000e+01	0.000000e+00	0.000000e+00	0.000000e+00
1.330000e+01	1.340000e+01	0.000000e+00	0.000000e+00	0.000000e+00
1.340000e+01	1.350000e+01	0.000000e+00	0.000000e+00	0.000000e+00
1.350000e+01	1.360000e+01	0.000000e+00	0.000000e+00	0.000000e+00
1.360000e+01	1.370000e+01	0.000000e+00	0.000000e+00	0.000000e+00
1.370000e+01	1.380000e+01	0.000000e+00	0.000000e+00	0.000000e+00
1.380000e+01	1.390000e+01	0.000000e+00	0.000000e+00	0.000000e+00
1.390000e+01	1.400000e+01	0.000000e+00	0.000000e+00	0.000000e+00
1.400000e+01	1.410000e+01	0.000000e+00	0.000000e+00	0.000000e+00
1.410000e+01	1.420000e+01	0.000000e+00	0.000000e+00	0.000000e+00
1.420000e+01	1.430000e+01	0.000000e+00	0.000000e+00	0.000000e+00
1.430000e+01	1.440000e+01	0.000000e+00	0.000000e+00	0.000000e+00
1.440000e+01	1.450000e+01	0.000000e+00	0.000000e+00	0.000000e+00
1.450000e+01	1.460000e+01	0.000000e+00	0.000000e+00	0.000000e+00
1.460000e+01	1.470000e+01	0.000000e+00	0.000000e+00	0.000000e+00
1.470000e+01	1.480000e+01	0.000000e+00	0.000000e+00	0.000000e+00
1.480000e+01	1.490000e+01	0.000000e+00	0.000000e+00	0.000000e+00
1.490000e+01	1.500000e+01	0.000000e+00	0.000000e+00	0.000000e+00
# END HISTO1D

