# BEGIN PLOT
LegendOnly=//home/frederic/Work/Software/LesHouches2017/lh2017-alphas/rivet-analysis/quark-as013650-truth.yoda/MC_LHJSS_Zjet/log_Angularity_zcut_0.05_beta_1_alpha_1 //home/frederic/Work/Software/LesHouches2017/lh2017-alphas/rivet-analysis/quark-as012285-truth.yoda/MC_LHJSS_Zjet/log_Angularity_zcut_0.05_beta_1_alpha_1 //home/frederic/Work/Software/LesHouches2017/lh2017-alphas/rivet-analysis/quark-as015015-truth.yoda/MC_LHJSS_Zjet/log_Angularity_zcut_0.05_beta_1_alpha_1
DrawOnly=//home/frederic/Work/Software/LesHouches2017/lh2017-alphas/rivet-analysis/quark-as013650-truth.yoda/MC_LHJSS_Zjet/log_Angularity_zcut_0.05_beta_1_alpha_1 //home/frederic/Work/Software/LesHouches2017/lh2017-alphas/rivet-analysis/quark-as012285-truth.yoda/MC_LHJSS_Zjet/log_Angularity_zcut_0.05_beta_1_alpha_1 //home/frederic/Work/Software/LesHouches2017/lh2017-alphas/rivet-analysis/quark-as015015-truth.yoda/MC_LHJSS_Zjet/log_Angularity_zcut_0.05_beta_1_alpha_1
Title=Angularity, $\alpha$ = 1 $z_{cut}$ = 0.05 $\beta$ = 1
RatioPlot=1
LogX=0
LogY=0
RatioPlotYLabel=Ratio
RatioPlotReference=//home/frederic/Work/Software/LesHouches2017/lh2017-alphas/rivet-analysis/quark-as013650-truth.yoda/MC_LHJSS_Zjet/log_Angularity_zcut_0.05_beta_1_alpha_1
XLabel=$e_\alpha$
YLabel=$1/\sigma \text{d}\sigma/\text{d}e_\alpha$
Legend=1
# END PLOT

# BEGIN HISTO1D //home/frederic/Work/Software/LesHouches2017/lh2017-alphas/rivet-analysis/quark-as013650-truth.yoda/MC_LHJSS_Zjet/log_Angularity_zcut_0.05_beta_1_alpha_1
LineColor=red
LineStyle=solid
NormalizeToSum=1
Path=//home/frederic/Work/Software/LesHouches2017/lh2017-alphas/rivet-analysis/quark-as013650-truth.yoda/MC_LHJSS_Zjet/log_Angularity_zcut_0.05_beta_1_alpha_1
ScaledBy=2.55102040816326554e-04
Title=quark-as013650-truth
XLabel=
YLabel=
# xlow	 xhigh	 val	 errminus	 errplus
0.000000e+00	1.000000e-01	0.000000e+00	0.000000e+00	0.000000e+00
1.000000e-01	2.000000e-01	0.000000e+00	0.000000e+00	0.000000e+00
2.000000e-01	3.000000e-01	0.000000e+00	0.000000e+00	0.000000e+00
3.000000e-01	4.000000e-01	0.000000e+00	0.000000e+00	0.000000e+00
4.000000e-01	5.000000e-01	2.551020e-03	2.551020e-03	2.551020e-03
5.000000e-01	6.000000e-01	5.102041e-03	3.607688e-03	3.607688e-03
6.000000e-01	7.000000e-01	2.040816e-02	7.215375e-03	7.215375e-03
7.000000e-01	8.000000e-01	4.081633e-02	1.020408e-02	1.020408e-02
8.000000e-01	9.000000e-01	5.612245e-02	1.196535e-02	1.196535e-02
9.000000e-01	1.000000e+00	6.887755e-02	1.325549e-02	1.325549e-02
1.000000e+00	1.100000e+00	9.693878e-02	1.572555e-02	1.572555e-02
1.100000e+00	1.200000e+00	7.397959e-02	1.373766e-02	1.373766e-02
1.200000e+00	1.300000e+00	9.693878e-02	1.572555e-02	1.572555e-02
1.300000e+00	1.400000e+00	1.045918e-01	1.633450e-02	1.633450e-02
1.400000e+00	1.500000e+00	1.224490e-01	1.767399e-02	1.767399e-02
1.500000e+00	1.600000e+00	1.250000e-01	1.785714e-02	1.785714e-02
1.600000e+00	1.700000e+00	1.989796e-01	2.253000e-02	2.253000e-02
1.700000e+00	1.800000e+00	1.989796e-01	2.253000e-02	2.253000e-02
1.800000e+00	1.900000e+00	1.989796e-01	2.253000e-02	2.253000e-02
1.900000e+00	2.000000e+00	2.066327e-01	2.295918e-02	2.295918e-02
2.000000e+00	2.100000e+00	2.193878e-01	2.365719e-02	2.365719e-02
2.100000e+00	2.200000e+00	2.168367e-01	2.351925e-02	2.351925e-02
2.200000e+00	2.300000e+00	2.066327e-01	2.295918e-02	2.295918e-02
2.300000e+00	2.400000e+00	2.142857e-01	2.338049e-02	2.338049e-02
2.400000e+00	2.500000e+00	2.372449e-01	2.460115e-02	2.460115e-02
2.500000e+00	2.600000e+00	2.857143e-01	2.699746e-02	2.699746e-02
2.600000e+00	2.700000e+00	2.857143e-01	2.699746e-02	2.699746e-02
2.700000e+00	2.800000e+00	2.984694e-01	2.759350e-02	2.759350e-02
2.800000e+00	2.900000e+00	2.270408e-01	2.406628e-02	2.406628e-02
2.900000e+00	3.000000e+00	2.933673e-01	2.735665e-02	2.735665e-02
3.000000e+00	3.100000e+00	2.678571e-01	2.614018e-02	2.614018e-02
3.100000e+00	3.200000e+00	2.806122e-01	2.675533e-02	2.675533e-02
3.200000e+00	3.300000e+00	2.448980e-01	2.499479e-02	2.499479e-02
3.300000e+00	3.400000e+00	2.678571e-01	2.614018e-02	2.614018e-02
3.400000e+00	3.500000e+00	3.188776e-01	2.852127e-02	2.852127e-02
3.500000e+00	3.600000e+00	3.035714e-01	2.782835e-02	2.782835e-02
3.600000e+00	3.700000e+00	3.265306e-01	2.886150e-02	2.886150e-02
3.700000e+00	3.800000e+00	2.780612e-01	2.663344e-02	2.663344e-02
3.800000e+00	3.900000e+00	2.474490e-01	2.512464e-02	2.512464e-02
3.900000e+00	4.000000e+00	2.576531e-01	2.563744e-02	2.563744e-02
4.000000e+00	4.100000e+00	3.086735e-01	2.806122e-02	2.806122e-02
4.100000e+00	4.200000e+00	2.780612e-01	2.663344e-02	2.663344e-02
4.200000e+00	4.300000e+00	3.163265e-01	2.840696e-02	2.840696e-02
4.300000e+00	4.400000e+00	3.341837e-01	2.919776e-02	2.919776e-02
4.400000e+00	4.500000e+00	3.137755e-01	2.829218e-02	2.829218e-02
4.500000e+00	4.600000e+00	2.627551e-01	2.589003e-02	2.589003e-02
4.600000e+00	4.700000e+00	2.321429e-01	2.433518e-02	2.433518e-02
4.700000e+00	4.800000e+00	2.551020e-01	2.551020e-02	2.551020e-02
4.800000e+00	4.900000e+00	2.015306e-01	2.267397e-02	2.267397e-02
4.900000e+00	5.000000e+00	1.556122e-01	1.992411e-02	1.992411e-02
5.000000e+00	5.100000e+00	1.683673e-01	2.072459e-02	2.072459e-02
5.100000e+00	5.200000e+00	8.163265e-02	1.443075e-02	1.443075e-02
5.200000e+00	5.300000e+00	8.673469e-02	1.487488e-02	1.487488e-02
5.300000e+00	5.400000e+00	4.591837e-02	1.082306e-02	1.082306e-02
5.400000e+00	5.500000e+00	3.061224e-02	8.836994e-03	8.836994e-03
5.500000e+00	5.600000e+00	1.275510e-02	5.704255e-03	5.704255e-03
5.600000e+00	5.700000e+00	7.653061e-03	4.418497e-03	4.418497e-03
5.700000e+00	5.800000e+00	5.102041e-03	3.607688e-03	3.607688e-03
5.800000e+00	5.900000e+00	2.551020e-03	2.551020e-03	2.551020e-03
5.900000e+00	6.000000e+00	2.551020e-03	2.551020e-03	2.551020e-03
6.000000e+00	6.100000e+00	2.551020e-03	2.551020e-03	2.551020e-03
6.100000e+00	6.200000e+00	0.000000e+00	0.000000e+00	0.000000e+00
6.200000e+00	6.300000e+00	0.000000e+00	0.000000e+00	0.000000e+00
6.300000e+00	6.400000e+00	0.000000e+00	0.000000e+00	0.000000e+00
6.400000e+00	6.500000e+00	0.000000e+00	0.000000e+00	0.000000e+00
6.500000e+00	6.600000e+00	0.000000e+00	0.000000e+00	0.000000e+00
6.600000e+00	6.700000e+00	0.000000e+00	0.000000e+00	0.000000e+00
6.700000e+00	6.800000e+00	0.000000e+00	0.000000e+00	0.000000e+00
6.800000e+00	6.900000e+00	0.000000e+00	0.000000e+00	0.000000e+00
6.900000e+00	7.000000e+00	0.000000e+00	0.000000e+00	0.000000e+00
7.000000e+00	7.100000e+00	0.000000e+00	0.000000e+00	0.000000e+00
7.100000e+00	7.200000e+00	0.000000e+00	0.000000e+00	0.000000e+00
7.200000e+00	7.300000e+00	0.000000e+00	0.000000e+00	0.000000e+00
7.300000e+00	7.400000e+00	0.000000e+00	0.000000e+00	0.000000e+00
7.400000e+00	7.500000e+00	0.000000e+00	0.000000e+00	0.000000e+00
7.500000e+00	7.600000e+00	0.000000e+00	0.000000e+00	0.000000e+00
7.600000e+00	7.700000e+00	0.000000e+00	0.000000e+00	0.000000e+00
7.700000e+00	7.800000e+00	0.000000e+00	0.000000e+00	0.000000e+00
7.800000e+00	7.900000e+00	0.000000e+00	0.000000e+00	0.000000e+00
7.900000e+00	8.000000e+00	0.000000e+00	0.000000e+00	0.000000e+00
8.000000e+00	8.100000e+00	0.000000e+00	0.000000e+00	0.000000e+00
8.100000e+00	8.200000e+00	0.000000e+00	0.000000e+00	0.000000e+00
8.200000e+00	8.300000e+00	0.000000e+00	0.000000e+00	0.000000e+00
8.300000e+00	8.400000e+00	0.000000e+00	0.000000e+00	0.000000e+00
8.400000e+00	8.500000e+00	0.000000e+00	0.000000e+00	0.000000e+00
8.500000e+00	8.600000e+00	0.000000e+00	0.000000e+00	0.000000e+00
8.600000e+00	8.700000e+00	0.000000e+00	0.000000e+00	0.000000e+00
8.700000e+00	8.800000e+00	0.000000e+00	0.000000e+00	0.000000e+00
8.800000e+00	8.900000e+00	0.000000e+00	0.000000e+00	0.000000e+00
8.900000e+00	9.000000e+00	0.000000e+00	0.000000e+00	0.000000e+00
9.000000e+00	9.100000e+00	0.000000e+00	0.000000e+00	0.000000e+00
9.100000e+00	9.200000e+00	0.000000e+00	0.000000e+00	0.000000e+00
9.200000e+00	9.300000e+00	0.000000e+00	0.000000e+00	0.000000e+00
9.300000e+00	9.400000e+00	0.000000e+00	0.000000e+00	0.000000e+00
9.400000e+00	9.500000e+00	0.000000e+00	0.000000e+00	0.000000e+00
9.500000e+00	9.600000e+00	0.000000e+00	0.000000e+00	0.000000e+00
9.600000e+00	9.700000e+00	0.000000e+00	0.000000e+00	0.000000e+00
9.700000e+00	9.800000e+00	0.000000e+00	0.000000e+00	0.000000e+00
9.800000e+00	9.900000e+00	0.000000e+00	0.000000e+00	0.000000e+00
9.900000e+00	1.000000e+01	0.000000e+00	0.000000e+00	0.000000e+00
1.000000e+01	1.010000e+01	0.000000e+00	0.000000e+00	0.000000e+00
1.010000e+01	1.020000e+01	0.000000e+00	0.000000e+00	0.000000e+00
1.020000e+01	1.030000e+01	0.000000e+00	0.000000e+00	0.000000e+00
1.030000e+01	1.040000e+01	0.000000e+00	0.000000e+00	0.000000e+00
1.040000e+01	1.050000e+01	0.000000e+00	0.000000e+00	0.000000e+00
1.050000e+01	1.060000e+01	0.000000e+00	0.000000e+00	0.000000e+00
1.060000e+01	1.070000e+01	0.000000e+00	0.000000e+00	0.000000e+00
1.070000e+01	1.080000e+01	0.000000e+00	0.000000e+00	0.000000e+00
1.080000e+01	1.090000e+01	0.000000e+00	0.000000e+00	0.000000e+00
1.090000e+01	1.100000e+01	0.000000e+00	0.000000e+00	0.000000e+00
1.100000e+01	1.110000e+01	0.000000e+00	0.000000e+00	0.000000e+00
1.110000e+01	1.120000e+01	0.000000e+00	0.000000e+00	0.000000e+00
1.120000e+01	1.130000e+01	0.000000e+00	0.000000e+00	0.000000e+00
1.130000e+01	1.140000e+01	0.000000e+00	0.000000e+00	0.000000e+00
1.140000e+01	1.150000e+01	0.000000e+00	0.000000e+00	0.000000e+00
1.150000e+01	1.160000e+01	0.000000e+00	0.000000e+00	0.000000e+00
1.160000e+01	1.170000e+01	0.000000e+00	0.000000e+00	0.000000e+00
1.170000e+01	1.180000e+01	0.000000e+00	0.000000e+00	0.000000e+00
1.180000e+01	1.190000e+01	0.000000e+00	0.000000e+00	0.000000e+00
1.190000e+01	1.200000e+01	0.000000e+00	0.000000e+00	0.000000e+00
1.200000e+01	1.210000e+01	0.000000e+00	0.000000e+00	0.000000e+00
1.210000e+01	1.220000e+01	0.000000e+00	0.000000e+00	0.000000e+00
1.220000e+01	1.230000e+01	0.000000e+00	0.000000e+00	0.000000e+00
1.230000e+01	1.240000e+01	0.000000e+00	0.000000e+00	0.000000e+00
1.240000e+01	1.250000e+01	0.000000e+00	0.000000e+00	0.000000e+00
1.250000e+01	1.260000e+01	0.000000e+00	0.000000e+00	0.000000e+00
1.260000e+01	1.270000e+01	0.000000e+00	0.000000e+00	0.000000e+00
1.270000e+01	1.280000e+01	0.000000e+00	0.000000e+00	0.000000e+00
1.280000e+01	1.290000e+01	0.000000e+00	0.000000e+00	0.000000e+00
1.290000e+01	1.300000e+01	0.000000e+00	0.000000e+00	0.000000e+00
1.300000e+01	1.310000e+01	0.000000e+00	0.000000e+00	0.000000e+00
1.310000e+01	1.320000e+01	0.000000e+00	0.000000e+00	0.000000e+00
1.320000e+01	1.330000e+01	0.000000e+00	0.000000e+00	0.000000e+00
1.330000e+01	1.340000e+01	0.000000e+00	0.000000e+00	0.000000e+00
1.340000e+01	1.350000e+01	0.000000e+00	0.000000e+00	0.000000e+00
1.350000e+01	1.360000e+01	0.000000e+00	0.000000e+00	0.000000e+00
1.360000e+01	1.370000e+01	0.000000e+00	0.000000e+00	0.000000e+00
1.370000e+01	1.380000e+01	0.000000e+00	0.000000e+00	0.000000e+00
1.380000e+01	1.390000e+01	0.000000e+00	0.000000e+00	0.000000e+00
1.390000e+01	1.400000e+01	0.000000e+00	0.000000e+00	0.000000e+00
1.400000e+01	1.410000e+01	0.000000e+00	0.000000e+00	0.000000e+00
1.410000e+01	1.420000e+01	0.000000e+00	0.000000e+00	0.000000e+00
1.420000e+01	1.430000e+01	0.000000e+00	0.000000e+00	0.000000e+00
1.430000e+01	1.440000e+01	0.000000e+00	0.000000e+00	0.000000e+00
1.440000e+01	1.450000e+01	0.000000e+00	0.000000e+00	0.000000e+00
1.450000e+01	1.460000e+01	0.000000e+00	0.000000e+00	0.000000e+00
1.460000e+01	1.470000e+01	0.000000e+00	0.000000e+00	0.000000e+00
1.470000e+01	1.480000e+01	0.000000e+00	0.000000e+00	0.000000e+00
1.480000e+01	1.490000e+01	0.000000e+00	0.000000e+00	0.000000e+00
1.490000e+01	1.500000e+01	0.000000e+00	0.000000e+00	0.000000e+00
# END HISTO1D

# BEGIN HISTO1D //home/frederic/Work/Software/LesHouches2017/lh2017-alphas/rivet-analysis/quark-as012285-truth.yoda/MC_LHJSS_Zjet/log_Angularity_zcut_0.05_beta_1_alpha_1
LineColor=blue
LineStyle=solid
NormalizeToSum=1
Path=//home/frederic/Work/Software/LesHouches2017/lh2017-alphas/rivet-analysis/quark-as012285-truth.yoda/MC_LHJSS_Zjet/log_Angularity_zcut_0.05_beta_1_alpha_1
ScaledBy=6.65158972994545696e-05
Title=quark-as012285-truth
XLabel=
YLabel=
# xlow	 xhigh	 val	 errminus	 errplus
0.000000e+00	1.000000e-01	0.000000e+00	0.000000e+00	0.000000e+00
1.000000e-01	2.000000e-01	0.000000e+00	0.000000e+00	0.000000e+00
2.000000e-01	3.000000e-01	0.000000e+00	0.000000e+00	0.000000e+00
3.000000e-01	4.000000e-01	1.330318e-03	9.406768e-04	9.406768e-04
4.000000e-01	5.000000e-01	6.651590e-04	6.651590e-04	6.651590e-04
5.000000e-01	6.000000e-01	4.656113e-03	1.759845e-03	1.759845e-03
6.000000e-01	7.000000e-01	1.463350e-02	3.119872e-03	3.119872e-03
7.000000e-01	8.000000e-01	2.461088e-02	4.046004e-03	4.046004e-03
8.000000e-01	9.000000e-01	3.857922e-02	5.065699e-03	5.065699e-03
9.000000e-01	1.000000e+00	5.520819e-02	6.059887e-03	6.059887e-03
1.000000e+00	1.100000e+00	8.314487e-02	7.436704e-03	7.436704e-03
1.100000e+00	1.200000e+00	8.114939e-02	7.346921e-03	7.346921e-03
1.200000e+00	1.300000e+00	9.511773e-02	7.954144e-03	7.954144e-03
1.300000e+00	1.400000e+00	1.024345e-01	8.254405e-03	8.254405e-03
1.400000e+00	1.500000e+00	1.217241e-01	8.998104e-03	8.998104e-03
1.500000e+00	1.600000e+00	1.496608e-01	9.977384e-03	9.977384e-03
1.600000e+00	1.700000e+00	1.336970e-01	9.430256e-03	9.430256e-03
1.700000e+00	1.800000e+00	1.456698e-01	9.843454e-03	9.843454e-03
1.800000e+00	1.900000e+00	1.576427e-01	1.023999e-02	1.023999e-02
1.900000e+00	2.000000e+00	1.689504e-01	1.060089e-02	1.060089e-02
2.000000e+00	2.100000e+00	1.982174e-01	1.148243e-02	1.148243e-02
2.100000e+00	2.200000e+00	2.274844e-01	1.230095e-02	1.230095e-02
2.200000e+00	2.300000e+00	1.995477e-01	1.152089e-02	1.152089e-02
2.300000e+00	2.400000e+00	2.201676e-01	1.210151e-02	1.210151e-02
2.400000e+00	2.500000e+00	2.161767e-01	1.199132e-02	1.199132e-02
2.500000e+00	2.600000e+00	2.707197e-01	1.341908e-02	1.341908e-02
2.600000e+00	2.700000e+00	2.201676e-01	1.210151e-02	1.210151e-02
2.700000e+00	2.800000e+00	2.401224e-01	1.263802e-02	1.263802e-02
2.800000e+00	2.900000e+00	2.481043e-01	1.284635e-02	1.284635e-02
2.900000e+00	3.000000e+00	2.381269e-01	1.258540e-02	1.258540e-02
3.000000e+00	3.100000e+00	2.474391e-01	1.282912e-02	1.282912e-02
3.100000e+00	3.200000e+00	2.534256e-01	1.298339e-02	1.298339e-02
3.200000e+00	3.300000e+00	2.454437e-01	1.277729e-02	1.277729e-02
3.300000e+00	3.400000e+00	2.594120e-01	1.313584e-02	1.313584e-02
3.400000e+00	3.500000e+00	2.700545e-01	1.340258e-02	1.340258e-02
3.500000e+00	3.600000e+00	2.374618e-01	1.256781e-02	1.256781e-02
3.600000e+00	3.700000e+00	2.454437e-01	1.277729e-02	1.277729e-02
3.700000e+00	3.800000e+00	2.421179e-01	1.269043e-02	1.269043e-02
3.800000e+00	3.900000e+00	2.800319e-01	1.364792e-02	1.364792e-02
3.900000e+00	4.000000e+00	2.574165e-01	1.308522e-02	1.308522e-02
4.000000e+00	4.100000e+00	2.707197e-01	1.341908e-02	1.341908e-02
4.100000e+00	4.200000e+00	2.806971e-01	1.366412e-02	1.366412e-02
4.200000e+00	4.300000e+00	3.172808e-01	1.452729e-02	1.452729e-02
4.300000e+00	4.400000e+00	3.092989e-01	1.434340e-02	1.434340e-02
4.400000e+00	4.500000e+00	3.505388e-01	1.526971e-02	1.526971e-02
4.500000e+00	4.600000e+00	3.731542e-01	1.575458e-02	1.575458e-02
4.600000e+00	4.700000e+00	3.418917e-01	1.508020e-02	1.508020e-02
4.700000e+00	4.800000e+00	3.312492e-01	1.484363e-02	1.484363e-02
4.800000e+00	4.900000e+00	3.006519e-01	1.414147e-02	1.414147e-02
4.900000e+00	5.000000e+00	2.514301e-01	1.293217e-02	1.293217e-02
5.000000e+00	5.100000e+00	1.962219e-01	1.142448e-02	1.142448e-02
5.100000e+00	5.200000e+00	1.277105e-01	9.216713e-03	9.216713e-03
5.200000e+00	5.300000e+00	1.130770e-01	8.672612e-03	8.672612e-03
5.300000e+00	5.400000e+00	6.651590e-02	6.651590e-03	6.651590e-03
5.400000e+00	5.500000e+00	5.387788e-02	5.986430e-03	5.986430e-03
5.500000e+00	5.600000e+00	4.855661e-02	5.683121e-03	5.683121e-03
5.600000e+00	5.700000e+00	2.261541e-02	3.878510e-03	3.878510e-03
5.700000e+00	5.800000e+00	1.662897e-02	3.325795e-03	3.325795e-03
5.800000e+00	5.900000e+00	8.647067e-03	2.398265e-03	2.398265e-03
5.900000e+00	6.000000e+00	5.321272e-03	1.881354e-03	1.881354e-03
6.000000e+00	6.100000e+00	3.990954e-03	1.629300e-03	1.629300e-03
6.100000e+00	6.200000e+00	3.990954e-03	1.629300e-03	1.629300e-03
6.200000e+00	6.300000e+00	6.651590e-04	6.651590e-04	6.651590e-04
6.300000e+00	6.400000e+00	3.325795e-03	1.487341e-03	1.487341e-03
6.400000e+00	6.500000e+00	1.330318e-03	9.406768e-04	9.406768e-04
6.500000e+00	6.600000e+00	1.330318e-03	9.406768e-04	9.406768e-04
6.600000e+00	6.700000e+00	0.000000e+00	0.000000e+00	0.000000e+00
6.700000e+00	6.800000e+00	1.995477e-03	1.152089e-03	1.152089e-03
6.800000e+00	6.900000e+00	1.330318e-03	9.406768e-04	9.406768e-04
6.900000e+00	7.000000e+00	0.000000e+00	0.000000e+00	0.000000e+00
7.000000e+00	7.100000e+00	0.000000e+00	0.000000e+00	0.000000e+00
7.100000e+00	7.200000e+00	0.000000e+00	0.000000e+00	0.000000e+00
7.200000e+00	7.300000e+00	0.000000e+00	0.000000e+00	0.000000e+00
7.300000e+00	7.400000e+00	0.000000e+00	0.000000e+00	0.000000e+00
7.400000e+00	7.500000e+00	0.000000e+00	0.000000e+00	0.000000e+00
7.500000e+00	7.600000e+00	0.000000e+00	0.000000e+00	0.000000e+00
7.600000e+00	7.700000e+00	0.000000e+00	0.000000e+00	0.000000e+00
7.700000e+00	7.800000e+00	0.000000e+00	0.000000e+00	0.000000e+00
7.800000e+00	7.900000e+00	0.000000e+00	0.000000e+00	0.000000e+00
7.900000e+00	8.000000e+00	0.000000e+00	0.000000e+00	0.000000e+00
8.000000e+00	8.100000e+00	0.000000e+00	0.000000e+00	0.000000e+00
8.100000e+00	8.200000e+00	0.000000e+00	0.000000e+00	0.000000e+00
8.200000e+00	8.300000e+00	0.000000e+00	0.000000e+00	0.000000e+00
8.300000e+00	8.400000e+00	0.000000e+00	0.000000e+00	0.000000e+00
8.400000e+00	8.500000e+00	0.000000e+00	0.000000e+00	0.000000e+00
8.500000e+00	8.600000e+00	0.000000e+00	0.000000e+00	0.000000e+00
8.600000e+00	8.700000e+00	0.000000e+00	0.000000e+00	0.000000e+00
8.700000e+00	8.800000e+00	0.000000e+00	0.000000e+00	0.000000e+00
8.800000e+00	8.900000e+00	0.000000e+00	0.000000e+00	0.000000e+00
8.900000e+00	9.000000e+00	0.000000e+00	0.000000e+00	0.000000e+00
9.000000e+00	9.100000e+00	0.000000e+00	0.000000e+00	0.000000e+00
9.100000e+00	9.200000e+00	0.000000e+00	0.000000e+00	0.000000e+00
9.200000e+00	9.300000e+00	0.000000e+00	0.000000e+00	0.000000e+00
9.300000e+00	9.400000e+00	0.000000e+00	0.000000e+00	0.000000e+00
9.400000e+00	9.500000e+00	0.000000e+00	0.000000e+00	0.000000e+00
9.500000e+00	9.600000e+00	0.000000e+00	0.000000e+00	0.000000e+00
9.600000e+00	9.700000e+00	0.000000e+00	0.000000e+00	0.000000e+00
9.700000e+00	9.800000e+00	0.000000e+00	0.000000e+00	0.000000e+00
9.800000e+00	9.900000e+00	0.000000e+00	0.000000e+00	0.000000e+00
9.900000e+00	1.000000e+01	0.000000e+00	0.000000e+00	0.000000e+00
1.000000e+01	1.010000e+01	0.000000e+00	0.000000e+00	0.000000e+00
1.010000e+01	1.020000e+01	0.000000e+00	0.000000e+00	0.000000e+00
1.020000e+01	1.030000e+01	0.000000e+00	0.000000e+00	0.000000e+00
1.030000e+01	1.040000e+01	0.000000e+00	0.000000e+00	0.000000e+00
1.040000e+01	1.050000e+01	0.000000e+00	0.000000e+00	0.000000e+00
1.050000e+01	1.060000e+01	0.000000e+00	0.000000e+00	0.000000e+00
1.060000e+01	1.070000e+01	0.000000e+00	0.000000e+00	0.000000e+00
1.070000e+01	1.080000e+01	0.000000e+00	0.000000e+00	0.000000e+00
1.080000e+01	1.090000e+01	0.000000e+00	0.000000e+00	0.000000e+00
1.090000e+01	1.100000e+01	0.000000e+00	0.000000e+00	0.000000e+00
1.100000e+01	1.110000e+01	0.000000e+00	0.000000e+00	0.000000e+00
1.110000e+01	1.120000e+01	0.000000e+00	0.000000e+00	0.000000e+00
1.120000e+01	1.130000e+01	0.000000e+00	0.000000e+00	0.000000e+00
1.130000e+01	1.140000e+01	0.000000e+00	0.000000e+00	0.000000e+00
1.140000e+01	1.150000e+01	0.000000e+00	0.000000e+00	0.000000e+00
1.150000e+01	1.160000e+01	0.000000e+00	0.000000e+00	0.000000e+00
1.160000e+01	1.170000e+01	0.000000e+00	0.000000e+00	0.000000e+00
1.170000e+01	1.180000e+01	0.000000e+00	0.000000e+00	0.000000e+00
1.180000e+01	1.190000e+01	0.000000e+00	0.000000e+00	0.000000e+00
1.190000e+01	1.200000e+01	0.000000e+00	0.000000e+00	0.000000e+00
1.200000e+01	1.210000e+01	0.000000e+00	0.000000e+00	0.000000e+00
1.210000e+01	1.220000e+01	0.000000e+00	0.000000e+00	0.000000e+00
1.220000e+01	1.230000e+01	0.000000e+00	0.000000e+00	0.000000e+00
1.230000e+01	1.240000e+01	0.000000e+00	0.000000e+00	0.000000e+00
1.240000e+01	1.250000e+01	0.000000e+00	0.000000e+00	0.000000e+00
1.250000e+01	1.260000e+01	0.000000e+00	0.000000e+00	0.000000e+00
1.260000e+01	1.270000e+01	0.000000e+00	0.000000e+00	0.000000e+00
1.270000e+01	1.280000e+01	0.000000e+00	0.000000e+00	0.000000e+00
1.280000e+01	1.290000e+01	0.000000e+00	0.000000e+00	0.000000e+00
1.290000e+01	1.300000e+01	0.000000e+00	0.000000e+00	0.000000e+00
1.300000e+01	1.310000e+01	0.000000e+00	0.000000e+00	0.000000e+00
1.310000e+01	1.320000e+01	0.000000e+00	0.000000e+00	0.000000e+00
1.320000e+01	1.330000e+01	0.000000e+00	0.000000e+00	0.000000e+00
1.330000e+01	1.340000e+01	0.000000e+00	0.000000e+00	0.000000e+00
1.340000e+01	1.350000e+01	0.000000e+00	0.000000e+00	0.000000e+00
1.350000e+01	1.360000e+01	0.000000e+00	0.000000e+00	0.000000e+00
1.360000e+01	1.370000e+01	0.000000e+00	0.000000e+00	0.000000e+00
1.370000e+01	1.380000e+01	0.000000e+00	0.000000e+00	0.000000e+00
1.380000e+01	1.390000e+01	0.000000e+00	0.000000e+00	0.000000e+00
1.390000e+01	1.400000e+01	0.000000e+00	0.000000e+00	0.000000e+00
1.400000e+01	1.410000e+01	0.000000e+00	0.000000e+00	0.000000e+00
1.410000e+01	1.420000e+01	0.000000e+00	0.000000e+00	0.000000e+00
1.420000e+01	1.430000e+01	0.000000e+00	0.000000e+00	0.000000e+00
1.430000e+01	1.440000e+01	0.000000e+00	0.000000e+00	0.000000e+00
1.440000e+01	1.450000e+01	0.000000e+00	0.000000e+00	0.000000e+00
1.450000e+01	1.460000e+01	0.000000e+00	0.000000e+00	0.000000e+00
1.460000e+01	1.470000e+01	0.000000e+00	0.000000e+00	0.000000e+00
1.470000e+01	1.480000e+01	0.000000e+00	0.000000e+00	0.000000e+00
1.480000e+01	1.490000e+01	0.000000e+00	0.000000e+00	0.000000e+00
1.490000e+01	1.500000e+01	0.000000e+00	0.000000e+00	0.000000e+00
# END HISTO1D

# BEGIN HISTO1D //home/frederic/Work/Software/LesHouches2017/lh2017-alphas/rivet-analysis/quark-as015015-truth.yoda/MC_LHJSS_Zjet/log_Angularity_zcut_0.05_beta_1_alpha_1
LineColor=green
LineStyle=solid
NormalizeToSum=1
Path=//home/frederic/Work/Software/LesHouches2017/lh2017-alphas/rivet-analysis/quark-as015015-truth.yoda/MC_LHJSS_Zjet/log_Angularity_zcut_0.05_beta_1_alpha_1
Title=quark-as015015-truth
XLabel=
YLabel=
# xlow	 xhigh	 val	 errminus	 errplus
0.000000e+00	1.000000e-01	0.000000e+00	0.000000e+00	0.000000e+00
1.000000e-01	2.000000e-01	0.000000e+00	0.000000e+00	0.000000e+00
2.000000e-01	3.000000e-01	0.000000e+00	0.000000e+00	0.000000e+00
3.000000e-01	4.000000e-01	1.000000e+01	1.000000e+01	1.000000e+01
4.000000e-01	5.000000e-01	1.000000e+01	1.000000e+01	1.000000e+01
5.000000e-01	6.000000e-01	1.100000e+02	3.316625e+01	3.316625e+01
6.000000e-01	7.000000e-01	2.100000e+02	4.582576e+01	4.582576e+01
7.000000e-01	8.000000e-01	4.000000e+02	6.324555e+01	6.324555e+01
8.000000e-01	9.000000e-01	6.900000e+02	8.306624e+01	8.306624e+01
9.000000e-01	1.000000e+00	8.000000e+02	8.944272e+01	8.944272e+01
1.000000e+00	1.100000e+00	8.800000e+02	9.380832e+01	9.380832e+01
1.100000e+00	1.200000e+00	1.220000e+03	1.104536e+02	1.104536e+02
1.200000e+00	1.300000e+00	1.380000e+03	1.174734e+02	1.174734e+02
1.300000e+00	1.400000e+00	1.450000e+03	1.204159e+02	1.204159e+02
1.400000e+00	1.500000e+00	1.660000e+03	1.288410e+02	1.288410e+02
1.500000e+00	1.600000e+00	1.930000e+03	1.389244e+02	1.389244e+02
1.600000e+00	1.700000e+00	1.860000e+03	1.363818e+02	1.363818e+02
1.700000e+00	1.800000e+00	2.100000e+03	1.449138e+02	1.449138e+02
1.800000e+00	1.900000e+00	2.300000e+03	1.516575e+02	1.516575e+02
1.900000e+00	2.000000e+00	2.130000e+03	1.459452e+02	1.459452e+02
2.000000e+00	2.100000e+00	2.640000e+03	1.624808e+02	1.624808e+02
2.100000e+00	2.200000e+00	2.380000e+03	1.542725e+02	1.542725e+02
2.200000e+00	2.300000e+00	2.790000e+03	1.670329e+02	1.670329e+02
2.300000e+00	2.400000e+00	3.080000e+03	1.754993e+02	1.754993e+02
2.400000e+00	2.500000e+00	2.980000e+03	1.726268e+02	1.726268e+02
2.500000e+00	2.600000e+00	2.950000e+03	1.717556e+02	1.717556e+02
2.600000e+00	2.700000e+00	3.030000e+03	1.740690e+02	1.740690e+02
2.700000e+00	2.800000e+00	2.980000e+03	1.726268e+02	1.726268e+02
2.800000e+00	2.900000e+00	3.070000e+03	1.752142e+02	1.752142e+02
2.900000e+00	3.000000e+00	2.820000e+03	1.679286e+02	1.679286e+02
3.000000e+00	3.100000e+00	3.410000e+03	1.846619e+02	1.846619e+02
3.100000e+00	3.200000e+00	3.230000e+03	1.797220e+02	1.797220e+02
3.200000e+00	3.300000e+00	3.090000e+03	1.757840e+02	1.757840e+02
3.300000e+00	3.400000e+00	3.340000e+03	1.827567e+02	1.827567e+02
3.400000e+00	3.500000e+00	3.270000e+03	1.808314e+02	1.808314e+02
3.500000e+00	3.600000e+00	2.970000e+03	1.723369e+02	1.723369e+02
3.600000e+00	3.700000e+00	2.900000e+03	1.702939e+02	1.702939e+02
3.700000e+00	3.800000e+00	2.890000e+03	1.700000e+02	1.700000e+02
3.800000e+00	3.900000e+00	3.340000e+03	1.827567e+02	1.827567e+02
3.900000e+00	4.000000e+00	2.570000e+03	1.603122e+02	1.603122e+02
4.000000e+00	4.100000e+00	3.010000e+03	1.734935e+02	1.734935e+02
4.100000e+00	4.200000e+00	3.140000e+03	1.772005e+02	1.772005e+02
4.200000e+00	4.300000e+00	3.320000e+03	1.822087e+02	1.822087e+02
4.300000e+00	4.400000e+00	2.720000e+03	1.649242e+02	1.649242e+02
4.400000e+00	4.500000e+00	2.570000e+03	1.603122e+02	1.603122e+02
4.500000e+00	4.600000e+00	2.540000e+03	1.593738e+02	1.593738e+02
4.600000e+00	4.700000e+00	2.050000e+03	1.431782e+02	1.431782e+02
4.700000e+00	4.800000e+00	1.610000e+03	1.268858e+02	1.268858e+02
4.800000e+00	4.900000e+00	1.220000e+03	1.104536e+02	1.104536e+02
4.900000e+00	5.000000e+00	1.030000e+03	1.014889e+02	1.014889e+02
5.000000e+00	5.100000e+00	6.200000e+02	7.874008e+01	7.874008e+01
5.100000e+00	5.200000e+00	3.300000e+02	5.744563e+01	5.744563e+01
5.200000e+00	5.300000e+00	2.600000e+02	5.099020e+01	5.099020e+01
5.300000e+00	5.400000e+00	1.400000e+02	3.741657e+01	3.741657e+01
5.400000e+00	5.500000e+00	2.000000e+02	4.472136e+01	4.472136e+01
5.500000e+00	5.600000e+00	8.000000e+01	2.828427e+01	2.828427e+01
5.600000e+00	5.700000e+00	3.000000e+01	1.732051e+01	1.732051e+01
5.700000e+00	5.800000e+00	2.000000e+01	1.414214e+01	1.414214e+01
5.800000e+00	5.900000e+00	2.000000e+01	1.414214e+01	1.414214e+01
5.900000e+00	6.000000e+00	2.000000e+01	1.414214e+01	1.414214e+01
6.000000e+00	6.100000e+00	1.000000e+01	1.000000e+01	1.000000e+01
6.100000e+00	6.200000e+00	3.000000e+01	1.732051e+01	1.732051e+01
6.200000e+00	6.300000e+00	0.000000e+00	0.000000e+00	0.000000e+00
6.300000e+00	6.400000e+00	0.000000e+00	0.000000e+00	0.000000e+00
6.400000e+00	6.500000e+00	1.000000e+01	1.000000e+01	1.000000e+01
6.500000e+00	6.600000e+00	0.000000e+00	0.000000e+00	0.000000e+00
6.600000e+00	6.700000e+00	0.000000e+00	0.000000e+00	0.000000e+00
6.700000e+00	6.800000e+00	0.000000e+00	0.000000e+00	0.000000e+00
6.800000e+00	6.900000e+00	0.000000e+00	0.000000e+00	0.000000e+00
6.900000e+00	7.000000e+00	0.000000e+00	0.000000e+00	0.000000e+00
7.000000e+00	7.100000e+00	0.000000e+00	0.000000e+00	0.000000e+00
7.100000e+00	7.200000e+00	0.000000e+00	0.000000e+00	0.000000e+00
7.200000e+00	7.300000e+00	0.000000e+00	0.000000e+00	0.000000e+00
7.300000e+00	7.400000e+00	0.000000e+00	0.000000e+00	0.000000e+00
7.400000e+00	7.500000e+00	0.000000e+00	0.000000e+00	0.000000e+00
7.500000e+00	7.600000e+00	0.000000e+00	0.000000e+00	0.000000e+00
7.600000e+00	7.700000e+00	0.000000e+00	0.000000e+00	0.000000e+00
7.700000e+00	7.800000e+00	0.000000e+00	0.000000e+00	0.000000e+00
7.800000e+00	7.900000e+00	0.000000e+00	0.000000e+00	0.000000e+00
7.900000e+00	8.000000e+00	0.000000e+00	0.000000e+00	0.000000e+00
8.000000e+00	8.100000e+00	0.000000e+00	0.000000e+00	0.000000e+00
8.100000e+00	8.200000e+00	0.000000e+00	0.000000e+00	0.000000e+00
8.200000e+00	8.300000e+00	0.000000e+00	0.000000e+00	0.000000e+00
8.300000e+00	8.400000e+00	0.000000e+00	0.000000e+00	0.000000e+00
8.400000e+00	8.500000e+00	0.000000e+00	0.000000e+00	0.000000e+00
8.500000e+00	8.600000e+00	0.000000e+00	0.000000e+00	0.000000e+00
8.600000e+00	8.700000e+00	0.000000e+00	0.000000e+00	0.000000e+00
8.700000e+00	8.800000e+00	0.000000e+00	0.000000e+00	0.000000e+00
8.800000e+00	8.900000e+00	0.000000e+00	0.000000e+00	0.000000e+00
8.900000e+00	9.000000e+00	0.000000e+00	0.000000e+00	0.000000e+00
9.000000e+00	9.100000e+00	0.000000e+00	0.000000e+00	0.000000e+00
9.100000e+00	9.200000e+00	0.000000e+00	0.000000e+00	0.000000e+00
9.200000e+00	9.300000e+00	0.000000e+00	0.000000e+00	0.000000e+00
9.300000e+00	9.400000e+00	0.000000e+00	0.000000e+00	0.000000e+00
9.400000e+00	9.500000e+00	0.000000e+00	0.000000e+00	0.000000e+00
9.500000e+00	9.600000e+00	0.000000e+00	0.000000e+00	0.000000e+00
9.600000e+00	9.700000e+00	0.000000e+00	0.000000e+00	0.000000e+00
9.700000e+00	9.800000e+00	0.000000e+00	0.000000e+00	0.000000e+00
9.800000e+00	9.900000e+00	0.000000e+00	0.000000e+00	0.000000e+00
9.900000e+00	1.000000e+01	0.000000e+00	0.000000e+00	0.000000e+00
1.000000e+01	1.010000e+01	0.000000e+00	0.000000e+00	0.000000e+00
1.010000e+01	1.020000e+01	0.000000e+00	0.000000e+00	0.000000e+00
1.020000e+01	1.030000e+01	0.000000e+00	0.000000e+00	0.000000e+00
1.030000e+01	1.040000e+01	0.000000e+00	0.000000e+00	0.000000e+00
1.040000e+01	1.050000e+01	0.000000e+00	0.000000e+00	0.000000e+00
1.050000e+01	1.060000e+01	0.000000e+00	0.000000e+00	0.000000e+00
1.060000e+01	1.070000e+01	0.000000e+00	0.000000e+00	0.000000e+00
1.070000e+01	1.080000e+01	0.000000e+00	0.000000e+00	0.000000e+00
1.080000e+01	1.090000e+01	0.000000e+00	0.000000e+00	0.000000e+00
1.090000e+01	1.100000e+01	0.000000e+00	0.000000e+00	0.000000e+00
1.100000e+01	1.110000e+01	0.000000e+00	0.000000e+00	0.000000e+00
1.110000e+01	1.120000e+01	0.000000e+00	0.000000e+00	0.000000e+00
1.120000e+01	1.130000e+01	0.000000e+00	0.000000e+00	0.000000e+00
1.130000e+01	1.140000e+01	0.000000e+00	0.000000e+00	0.000000e+00
1.140000e+01	1.150000e+01	0.000000e+00	0.000000e+00	0.000000e+00
1.150000e+01	1.160000e+01	0.000000e+00	0.000000e+00	0.000000e+00
1.160000e+01	1.170000e+01	0.000000e+00	0.000000e+00	0.000000e+00
1.170000e+01	1.180000e+01	0.000000e+00	0.000000e+00	0.000000e+00
1.180000e+01	1.190000e+01	0.000000e+00	0.000000e+00	0.000000e+00
1.190000e+01	1.200000e+01	0.000000e+00	0.000000e+00	0.000000e+00
1.200000e+01	1.210000e+01	0.000000e+00	0.000000e+00	0.000000e+00
1.210000e+01	1.220000e+01	0.000000e+00	0.000000e+00	0.000000e+00
1.220000e+01	1.230000e+01	0.000000e+00	0.000000e+00	0.000000e+00
1.230000e+01	1.240000e+01	0.000000e+00	0.000000e+00	0.000000e+00
1.240000e+01	1.250000e+01	0.000000e+00	0.000000e+00	0.000000e+00
1.250000e+01	1.260000e+01	0.000000e+00	0.000000e+00	0.000000e+00
1.260000e+01	1.270000e+01	0.000000e+00	0.000000e+00	0.000000e+00
1.270000e+01	1.280000e+01	0.000000e+00	0.000000e+00	0.000000e+00
1.280000e+01	1.290000e+01	0.000000e+00	0.000000e+00	0.000000e+00
1.290000e+01	1.300000e+01	0.000000e+00	0.000000e+00	0.000000e+00
1.300000e+01	1.310000e+01	0.000000e+00	0.000000e+00	0.000000e+00
1.310000e+01	1.320000e+01	0.000000e+00	0.000000e+00	0.000000e+00
1.320000e+01	1.330000e+01	0.000000e+00	0.000000e+00	0.000000e+00
1.330000e+01	1.340000e+01	0.000000e+00	0.000000e+00	0.000000e+00
1.340000e+01	1.350000e+01	0.000000e+00	0.000000e+00	0.000000e+00
1.350000e+01	1.360000e+01	0.000000e+00	0.000000e+00	0.000000e+00
1.360000e+01	1.370000e+01	0.000000e+00	0.000000e+00	0.000000e+00
1.370000e+01	1.380000e+01	0.000000e+00	0.000000e+00	0.000000e+00
1.380000e+01	1.390000e+01	0.000000e+00	0.000000e+00	0.000000e+00
1.390000e+01	1.400000e+01	0.000000e+00	0.000000e+00	0.000000e+00
1.400000e+01	1.410000e+01	0.000000e+00	0.000000e+00	0.000000e+00
1.410000e+01	1.420000e+01	0.000000e+00	0.000000e+00	0.000000e+00
1.420000e+01	1.430000e+01	0.000000e+00	0.000000e+00	0.000000e+00
1.430000e+01	1.440000e+01	0.000000e+00	0.000000e+00	0.000000e+00
1.440000e+01	1.450000e+01	0.000000e+00	0.000000e+00	0.000000e+00
1.450000e+01	1.460000e+01	0.000000e+00	0.000000e+00	0.000000e+00
1.460000e+01	1.470000e+01	0.000000e+00	0.000000e+00	0.000000e+00
1.470000e+01	1.480000e+01	0.000000e+00	0.000000e+00	0.000000e+00
1.480000e+01	1.490000e+01	0.000000e+00	0.000000e+00	0.000000e+00
1.490000e+01	1.500000e+01	0.000000e+00	0.000000e+00	0.000000e+00
# END HISTO1D

