# BEGIN PLOT
RatioPlotYLabel=Ratio
LegendOnly=//home/frederic/Work/Software/LesHouches2017/lh2017-alphas/rivet-analysis/Rivet-gluon-as013650.yoda/MC_LHJSS_Zjet/Angularity_zcut_0.1_beta_1_alpha_2 //home/frederic/Work/Software/LesHouches2017/lh2017-alphas/rivet-analysis/Rivet-gluon-as012285.yoda/MC_LHJSS_Zjet/Angularity_zcut_0.1_beta_1_alpha_2 //home/frederic/Work/Software/LesHouches2017/lh2017-alphas/rivet-analysis/Rivet-gluon-as015015.yoda/MC_LHJSS_Zjet/Angularity_zcut_0.1_beta_1_alpha_2
XLabel=$e_\alpha$
RatioPlotReference=//home/frederic/Work/Software/LesHouches2017/lh2017-alphas/rivet-analysis/Rivet-gluon-as013650.yoda/MC_LHJSS_Zjet/Angularity_zcut_0.1_beta_1_alpha_2
YLabel=$1/\sigma \text{d}\sigma/\text{d}e_{\alpha}$
DrawOnly=//home/frederic/Work/Software/LesHouches2017/lh2017-alphas/rivet-analysis/Rivet-gluon-as013650.yoda/MC_LHJSS_Zjet/Angularity_zcut_0.1_beta_1_alpha_2 //home/frederic/Work/Software/LesHouches2017/lh2017-alphas/rivet-analysis/Rivet-gluon-as012285.yoda/MC_LHJSS_Zjet/Angularity_zcut_0.1_beta_1_alpha_2 //home/frederic/Work/Software/LesHouches2017/lh2017-alphas/rivet-analysis/Rivet-gluon-as015015.yoda/MC_LHJSS_Zjet/Angularity_zcut_0.1_beta_1_alpha_2
RatioPlot=1
Title=Angularity, $\alpha$ = 2 $z_{cut}$ = 0.1 $\beta$ = 1
Legend=1
LogY=0
# END PLOT

# BEGIN HISTO1D //home/frederic/Work/Software/LesHouches2017/lh2017-alphas/rivet-analysis/Rivet-gluon-as013650.yoda/MC_LHJSS_Zjet/Angularity_zcut_0.1_beta_1_alpha_2
LineColor=red
LineStyle=solid
NormalizeToIntegral=1
Path=//home/frederic/Work/Software/LesHouches2017/lh2017-alphas/rivet-analysis/Rivet-gluon-as013650.yoda/MC_LHJSS_Zjet/Angularity_zcut_0.1_beta_1_alpha_2
ScaledBy=1.58045295781771040e-05
Title=Rivet-gluon-as013650
XLabel=
YLabel=
# xlow	 xhigh	 val	 errminus	 errplus
0.000000e+00	1.000000e-02	4.816746e+01	2.759101e-01	2.759101e-01
1.000000e-02	2.000000e-02	1.302609e+01	1.434822e-01	1.434822e-01
2.000000e-02	3.000000e-02	7.772668e+00	1.108347e-01	1.108347e-01
3.000000e-02	4.000000e-02	5.586901e+00	9.396720e-02	9.396720e-02
4.000000e-02	5.000000e-02	4.151850e+00	8.100496e-02	8.100496e-02
5.000000e-02	6.000000e-02	3.331595e+00	7.256328e-02	7.256328e-02
6.000000e-02	7.000000e-02	2.693092e+00	6.524036e-02	6.524036e-02
7.000000e-02	8.000000e-02	2.220536e+00	5.924064e-02	5.924064e-02
8.000000e-02	9.000000e-02	1.978727e+00	5.592213e-02	5.592213e-02
9.000000e-02	1.000000e-01	1.608901e+00	5.042611e-02	5.042611e-02
1.000000e-01	1.100000e-01	1.346546e+00	4.613190e-02	4.613190e-02
1.100000e-01	1.200000e-01	1.139507e+00	4.243745e-02	4.243745e-02
1.200000e-01	1.300000e-01	9.893636e-01	3.954293e-02	3.954293e-02
1.300000e-01	1.400000e-01	8.708296e-01	3.709858e-02	3.709858e-02
1.400000e-01	1.500000e-01	6.922384e-01	3.307643e-02	3.307643e-02
1.500000e-01	1.600000e-01	6.416639e-01	3.184525e-02	3.184525e-02
1.600000e-01	1.700000e-01	5.247104e-01	2.879722e-02	2.879722e-02
1.700000e-01	1.800000e-01	4.567509e-01	2.686770e-02	2.686770e-02
1.800000e-01	1.900000e-01	4.093373e-01	2.543498e-02	2.543498e-02
1.900000e-01	2.000000e-01	3.540215e-01	2.365405e-02	2.365405e-02
2.000000e-01	2.100000e-01	3.413778e-01	2.322782e-02	2.322782e-02
2.100000e-01	2.200000e-01	2.449702e-01	1.967648e-02	1.967648e-02
2.200000e-01	2.300000e-01	2.307461e-01	1.909669e-02	1.909669e-02
2.300000e-01	2.400000e-01	2.275852e-01	1.896543e-02	1.896543e-02
2.400000e-01	2.500000e-01	1.564648e-01	1.572531e-02	1.572531e-02
2.500000e-01	2.600000e-01	1.517235e-01	1.548521e-02	1.548521e-02
2.600000e-01	2.700000e-01	1.295971e-01	1.431161e-02	1.431161e-02
2.700000e-01	2.800000e-01	1.137926e-01	1.341059e-02	1.341059e-02
2.800000e-01	2.900000e-01	6.795948e-02	1.036373e-02	1.036373e-02
2.900000e-01	3.000000e-01	8.376401e-02	1.150587e-02	1.150587e-02
3.000000e-01	3.100000e-01	6.321812e-02	9.995662e-03	9.995662e-03
3.100000e-01	3.200000e-01	5.373540e-02	9.215545e-03	9.215545e-03
3.200000e-01	3.300000e-01	3.002861e-02	6.889035e-03	6.889035e-03
3.300000e-01	3.400000e-01	3.002861e-02	6.889035e-03	6.889035e-03
3.400000e-01	3.500000e-01	3.160906e-02	7.068000e-03	7.068000e-03
3.500000e-01	3.600000e-01	1.422408e-02	4.741358e-03	4.741358e-03
3.600000e-01	3.700000e-01	1.264362e-02	4.470196e-03	4.470196e-03
3.700000e-01	3.800000e-01	1.106317e-02	4.181485e-03	4.181485e-03
3.800000e-01	3.900000e-01	4.741359e-03	2.737425e-03	2.737425e-03
3.900000e-01	4.000000e-01	1.106317e-02	4.181485e-03	4.181485e-03
4.000000e-01	4.100000e-01	7.902265e-03	3.534001e-03	3.534001e-03
4.100000e-01	4.200000e-01	1.580453e-03	1.580453e-03	1.580453e-03
4.200000e-01	4.300000e-01	3.160906e-03	2.235098e-03	2.235098e-03
4.300000e-01	4.400000e-01	1.580453e-03	1.580453e-03	1.580453e-03
4.400000e-01	4.500000e-01	3.160906e-03	2.235098e-03	2.235098e-03
4.500000e-01	4.600000e-01	3.160906e-03	2.235098e-03	2.235098e-03
4.600000e-01	4.700000e-01	0.000000e+00	0.000000e+00	0.000000e+00
4.700000e-01	4.800000e-01	1.580453e-03	1.580453e-03	1.580453e-03
4.800000e-01	4.900000e-01	0.000000e+00	0.000000e+00	0.000000e+00
4.900000e-01	5.000000e-01	0.000000e+00	0.000000e+00	0.000000e+00
5.000000e-01	5.100000e-01	1.580453e-03	1.580453e-03	1.580453e-03
5.100000e-01	5.200000e-01	1.580453e-03	1.580453e-03	1.580453e-03
5.200000e-01	5.300000e-01	0.000000e+00	0.000000e+00	0.000000e+00
5.300000e-01	5.400000e-01	1.580453e-03	1.580453e-03	1.580453e-03
5.400000e-01	5.500000e-01	0.000000e+00	0.000000e+00	0.000000e+00
5.500000e-01	5.600000e-01	0.000000e+00	0.000000e+00	0.000000e+00
5.600000e-01	5.700000e-01	0.000000e+00	0.000000e+00	0.000000e+00
5.700000e-01	5.800000e-01	0.000000e+00	0.000000e+00	0.000000e+00
5.800000e-01	5.900000e-01	0.000000e+00	0.000000e+00	0.000000e+00
5.900000e-01	6.000000e-01	0.000000e+00	0.000000e+00	0.000000e+00
6.000000e-01	6.100000e-01	0.000000e+00	0.000000e+00	0.000000e+00
6.100000e-01	6.200000e-01	0.000000e+00	0.000000e+00	0.000000e+00
6.200000e-01	6.300000e-01	0.000000e+00	0.000000e+00	0.000000e+00
6.300000e-01	6.400000e-01	0.000000e+00	0.000000e+00	0.000000e+00
6.400000e-01	6.500000e-01	0.000000e+00	0.000000e+00	0.000000e+00
6.500000e-01	6.600000e-01	0.000000e+00	0.000000e+00	0.000000e+00
6.600000e-01	6.700000e-01	0.000000e+00	0.000000e+00	0.000000e+00
6.700000e-01	6.800000e-01	0.000000e+00	0.000000e+00	0.000000e+00
6.800000e-01	6.900000e-01	0.000000e+00	0.000000e+00	0.000000e+00
6.900000e-01	7.000000e-01	0.000000e+00	0.000000e+00	0.000000e+00
7.000000e-01	7.100000e-01	0.000000e+00	0.000000e+00	0.000000e+00
7.100000e-01	7.200000e-01	0.000000e+00	0.000000e+00	0.000000e+00
7.200000e-01	7.300000e-01	0.000000e+00	0.000000e+00	0.000000e+00
7.300000e-01	7.400000e-01	0.000000e+00	0.000000e+00	0.000000e+00
7.400000e-01	7.500000e-01	0.000000e+00	0.000000e+00	0.000000e+00
7.500000e-01	7.600000e-01	0.000000e+00	0.000000e+00	0.000000e+00
7.600000e-01	7.700000e-01	0.000000e+00	0.000000e+00	0.000000e+00
7.700000e-01	7.800000e-01	0.000000e+00	0.000000e+00	0.000000e+00
7.800000e-01	7.900000e-01	0.000000e+00	0.000000e+00	0.000000e+00
7.900000e-01	8.000000e-01	0.000000e+00	0.000000e+00	0.000000e+00
8.000000e-01	8.100000e-01	0.000000e+00	0.000000e+00	0.000000e+00
8.100000e-01	8.200000e-01	0.000000e+00	0.000000e+00	0.000000e+00
8.200000e-01	8.300000e-01	0.000000e+00	0.000000e+00	0.000000e+00
8.300000e-01	8.400000e-01	0.000000e+00	0.000000e+00	0.000000e+00
8.400000e-01	8.500000e-01	0.000000e+00	0.000000e+00	0.000000e+00
8.500000e-01	8.600000e-01	0.000000e+00	0.000000e+00	0.000000e+00
8.600000e-01	8.700000e-01	0.000000e+00	0.000000e+00	0.000000e+00
8.700000e-01	8.800000e-01	0.000000e+00	0.000000e+00	0.000000e+00
8.800000e-01	8.900000e-01	0.000000e+00	0.000000e+00	0.000000e+00
8.900000e-01	9.000000e-01	0.000000e+00	0.000000e+00	0.000000e+00
9.000000e-01	9.100000e-01	0.000000e+00	0.000000e+00	0.000000e+00
9.100000e-01	9.200000e-01	0.000000e+00	0.000000e+00	0.000000e+00
9.200000e-01	9.300000e-01	0.000000e+00	0.000000e+00	0.000000e+00
9.300000e-01	9.400000e-01	0.000000e+00	0.000000e+00	0.000000e+00
9.400000e-01	9.500000e-01	0.000000e+00	0.000000e+00	0.000000e+00
9.500000e-01	9.600000e-01	0.000000e+00	0.000000e+00	0.000000e+00
9.600000e-01	9.700000e-01	0.000000e+00	0.000000e+00	0.000000e+00
9.700000e-01	9.800000e-01	0.000000e+00	0.000000e+00	0.000000e+00
9.800000e-01	9.900000e-01	0.000000e+00	0.000000e+00	0.000000e+00
9.900000e-01	1.000000e+00	0.000000e+00	0.000000e+00	0.000000e+00
# END HISTO1D

# BEGIN HISTO1D //home/frederic/Work/Software/LesHouches2017/lh2017-alphas/rivet-analysis/Rivet-gluon-as012285.yoda/MC_LHJSS_Zjet/Angularity_zcut_0.1_beta_1_alpha_2
LineColor=blue
LineStyle=solid
NormalizeToIntegral=1
Path=//home/frederic/Work/Software/LesHouches2017/lh2017-alphas/rivet-analysis/Rivet-gluon-as012285.yoda/MC_LHJSS_Zjet/Angularity_zcut_0.1_beta_1_alpha_2
ScaledBy=1.35323490804768797e-05
Title=Rivet-gluon-as012285
XLabel=
YLabel=
# xlow	 xhigh	 val	 errminus	 errplus
0.000000e+00	1.000000e-02	5.287765e+01	2.674993e-01	2.674993e-01
1.000000e-02	2.000000e-02	1.227655e+01	1.288916e-01	1.288916e-01
2.000000e-02	3.000000e-02	7.203269e+00	9.873052e-02	9.873052e-02
3.000000e-02	4.000000e-02	4.997497e+00	8.223617e-02	8.223617e-02
4.000000e-02	5.000000e-02	3.752520e+00	7.126038e-02	7.126038e-02
5.000000e-02	6.000000e-02	3.001475e+00	6.373148e-02	6.373148e-02
6.000000e-02	7.000000e-02	2.403345e+00	5.702886e-02	5.702886e-02
7.000000e-02	8.000000e-02	2.111046e+00	5.344850e-02	5.344850e-02
8.000000e-02	9.000000e-02	1.665832e+00	4.747907e-02	4.747907e-02
9.000000e-02	1.000000e-01	1.426310e+00	4.393327e-02	4.393327e-02
1.000000e-01	1.100000e-01	1.175961e+00	3.989175e-02	3.989175e-02
1.100000e-01	1.200000e-01	9.540306e-01	3.593088e-02	3.593088e-02
1.200000e-01	1.300000e-01	8.511848e-01	3.393896e-02	3.393896e-02
1.300000e-01	1.400000e-01	7.726971e-01	3.233637e-02	3.233637e-02
1.400000e-01	1.500000e-01	6.441398e-01	2.952410e-02	2.952410e-02
1.500000e-01	1.600000e-01	5.453537e-01	2.716600e-02	2.716600e-02
1.600000e-01	1.700000e-01	5.128760e-01	2.634467e-02	2.634467e-02
1.700000e-01	1.800000e-01	4.519805e-01	2.473127e-02	2.473127e-02
1.800000e-01	1.900000e-01	3.802590e-01	2.268435e-02	2.268435e-02
1.900000e-01	2.000000e-01	3.301893e-01	2.113820e-02	2.113820e-02
2.000000e-01	2.100000e-01	2.571146e-01	1.865306e-02	1.865306e-02
2.100000e-01	2.200000e-01	2.489952e-01	1.835617e-02	1.835617e-02
2.200000e-01	2.300000e-01	1.691544e-01	1.512963e-02	1.512963e-02
2.300000e-01	2.400000e-01	1.678011e-01	1.506898e-02	1.506898e-02
2.400000e-01	2.500000e-01	1.556220e-01	1.451183e-02	1.451183e-02
2.500000e-01	2.600000e-01	1.244976e-01	1.297977e-02	1.297977e-02
2.600000e-01	2.700000e-01	9.878615e-02	1.156205e-02	1.156205e-02
2.700000e-01	2.800000e-01	8.254733e-02	1.056910e-02	1.056910e-02
2.800000e-01	2.900000e-01	8.390056e-02	1.065538e-02	1.065538e-02
2.900000e-01	3.000000e-01	6.224881e-02	9.178086e-03	9.178086e-03
3.000000e-01	3.100000e-01	4.330352e-02	7.655053e-03	7.655053e-03
3.100000e-01	3.200000e-01	3.112440e-02	6.489887e-03	6.489887e-03
3.200000e-01	3.300000e-01	3.112440e-02	6.489887e-03	6.489887e-03
3.300000e-01	3.400000e-01	1.894529e-02	5.063342e-03	5.063342e-03
3.400000e-01	3.500000e-01	1.894529e-02	5.063342e-03	5.063342e-03
3.500000e-01	3.600000e-01	1.488558e-02	4.488172e-03	4.488172e-03
3.600000e-01	3.700000e-01	1.353235e-02	4.279305e-03	4.279305e-03
3.700000e-01	3.800000e-01	6.766175e-03	3.025925e-03	3.025925e-03
3.800000e-01	3.900000e-01	8.119409e-03	3.314735e-03	3.314735e-03
3.900000e-01	4.000000e-01	8.119409e-03	3.314735e-03	3.314735e-03
4.000000e-01	4.100000e-01	2.706470e-03	1.913763e-03	1.913763e-03
4.100000e-01	4.200000e-01	1.353235e-03	1.353235e-03	1.353235e-03
4.200000e-01	4.300000e-01	2.706470e-03	1.913763e-03	1.913763e-03
4.300000e-01	4.400000e-01	4.059705e-03	2.343872e-03	2.343872e-03
4.400000e-01	4.500000e-01	2.706470e-03	1.913763e-03	1.913763e-03
4.500000e-01	4.600000e-01	1.353235e-03	1.353235e-03	1.353235e-03
4.600000e-01	4.700000e-01	0.000000e+00	0.000000e+00	0.000000e+00
4.700000e-01	4.800000e-01	0.000000e+00	0.000000e+00	0.000000e+00
4.800000e-01	4.900000e-01	0.000000e+00	0.000000e+00	0.000000e+00
4.900000e-01	5.000000e-01	1.353235e-03	1.353235e-03	1.353235e-03
5.000000e-01	5.100000e-01	0.000000e+00	0.000000e+00	0.000000e+00
5.100000e-01	5.200000e-01	0.000000e+00	0.000000e+00	0.000000e+00
5.200000e-01	5.300000e-01	0.000000e+00	0.000000e+00	0.000000e+00
5.300000e-01	5.400000e-01	1.353235e-03	1.353235e-03	1.353235e-03
5.400000e-01	5.500000e-01	0.000000e+00	0.000000e+00	0.000000e+00
5.500000e-01	5.600000e-01	2.706470e-03	1.913763e-03	1.913763e-03
5.600000e-01	5.700000e-01	0.000000e+00	0.000000e+00	0.000000e+00
5.700000e-01	5.800000e-01	0.000000e+00	0.000000e+00	0.000000e+00
5.800000e-01	5.900000e-01	0.000000e+00	0.000000e+00	0.000000e+00
5.900000e-01	6.000000e-01	0.000000e+00	0.000000e+00	0.000000e+00
6.000000e-01	6.100000e-01	0.000000e+00	0.000000e+00	0.000000e+00
6.100000e-01	6.200000e-01	0.000000e+00	0.000000e+00	0.000000e+00
6.200000e-01	6.300000e-01	0.000000e+00	0.000000e+00	0.000000e+00
6.300000e-01	6.400000e-01	0.000000e+00	0.000000e+00	0.000000e+00
6.400000e-01	6.500000e-01	0.000000e+00	0.000000e+00	0.000000e+00
6.500000e-01	6.600000e-01	0.000000e+00	0.000000e+00	0.000000e+00
6.600000e-01	6.700000e-01	0.000000e+00	0.000000e+00	0.000000e+00
6.700000e-01	6.800000e-01	0.000000e+00	0.000000e+00	0.000000e+00
6.800000e-01	6.900000e-01	0.000000e+00	0.000000e+00	0.000000e+00
6.900000e-01	7.000000e-01	0.000000e+00	0.000000e+00	0.000000e+00
7.000000e-01	7.100000e-01	0.000000e+00	0.000000e+00	0.000000e+00
7.100000e-01	7.200000e-01	0.000000e+00	0.000000e+00	0.000000e+00
7.200000e-01	7.300000e-01	0.000000e+00	0.000000e+00	0.000000e+00
7.300000e-01	7.400000e-01	0.000000e+00	0.000000e+00	0.000000e+00
7.400000e-01	7.500000e-01	0.000000e+00	0.000000e+00	0.000000e+00
7.500000e-01	7.600000e-01	0.000000e+00	0.000000e+00	0.000000e+00
7.600000e-01	7.700000e-01	0.000000e+00	0.000000e+00	0.000000e+00
7.700000e-01	7.800000e-01	0.000000e+00	0.000000e+00	0.000000e+00
7.800000e-01	7.900000e-01	0.000000e+00	0.000000e+00	0.000000e+00
7.900000e-01	8.000000e-01	0.000000e+00	0.000000e+00	0.000000e+00
8.000000e-01	8.100000e-01	0.000000e+00	0.000000e+00	0.000000e+00
8.100000e-01	8.200000e-01	0.000000e+00	0.000000e+00	0.000000e+00
8.200000e-01	8.300000e-01	0.000000e+00	0.000000e+00	0.000000e+00
8.300000e-01	8.400000e-01	0.000000e+00	0.000000e+00	0.000000e+00
8.400000e-01	8.500000e-01	0.000000e+00	0.000000e+00	0.000000e+00
8.500000e-01	8.600000e-01	0.000000e+00	0.000000e+00	0.000000e+00
8.600000e-01	8.700000e-01	0.000000e+00	0.000000e+00	0.000000e+00
8.700000e-01	8.800000e-01	0.000000e+00	0.000000e+00	0.000000e+00
8.800000e-01	8.900000e-01	0.000000e+00	0.000000e+00	0.000000e+00
8.900000e-01	9.000000e-01	0.000000e+00	0.000000e+00	0.000000e+00
9.000000e-01	9.100000e-01	0.000000e+00	0.000000e+00	0.000000e+00
9.100000e-01	9.200000e-01	0.000000e+00	0.000000e+00	0.000000e+00
9.200000e-01	9.300000e-01	0.000000e+00	0.000000e+00	0.000000e+00
9.300000e-01	9.400000e-01	0.000000e+00	0.000000e+00	0.000000e+00
9.400000e-01	9.500000e-01	0.000000e+00	0.000000e+00	0.000000e+00
9.500000e-01	9.600000e-01	0.000000e+00	0.000000e+00	0.000000e+00
9.600000e-01	9.700000e-01	0.000000e+00	0.000000e+00	0.000000e+00
9.700000e-01	9.800000e-01	0.000000e+00	0.000000e+00	0.000000e+00
9.800000e-01	9.900000e-01	0.000000e+00	0.000000e+00	0.000000e+00
9.900000e-01	1.000000e+00	0.000000e+00	0.000000e+00	0.000000e+00
# END HISTO1D

# BEGIN HISTO1D //home/frederic/Work/Software/LesHouches2017/lh2017-alphas/rivet-analysis/Rivet-gluon-as015015.yoda/MC_LHJSS_Zjet/Angularity_zcut_0.1_beta_1_alpha_2
LineColor=green
LineStyle=solid
NormalizeToIntegral=1
Path=//home/frederic/Work/Software/LesHouches2017/lh2017-alphas/rivet-analysis/Rivet-gluon-as015015.yoda/MC_LHJSS_Zjet/Angularity_zcut_0.1_beta_1_alpha_2
ScaledBy=1.59015376786935292e-05
Title=Rivet-gluon-as015015
XLabel=
YLabel=
# xlow	 xhigh	 val	 errminus	 errplus
0.000000e+00	1.000000e-02	4.373400e+01	2.637115e-01	2.637115e-01
1.000000e-02	2.000000e-02	1.385183e+01	1.484134e-01	1.484134e-01
2.000000e-02	3.000000e-02	8.216325e+00	1.143032e-01	1.143032e-01
3.000000e-02	4.000000e-02	6.007601e+00	9.773950e-02	9.773950e-02
4.000000e-02	5.000000e-02	4.587594e+00	8.541065e-02	8.541065e-02
5.000000e-02	6.000000e-02	3.697108e+00	7.667444e-02	7.667444e-02
6.000000e-02	7.000000e-02	3.046735e+00	6.960443e-02	6.960443e-02
7.000000e-02	8.000000e-02	2.545836e+00	6.362602e-02	6.362602e-02
8.000000e-02	9.000000e-02	2.046528e+00	5.704642e-02	5.704642e-02
9.000000e-02	1.000000e-01	1.769841e+00	5.305016e-02	5.305016e-02
1.000000e-01	1.100000e-01	1.591744e+00	5.031022e-02	5.031022e-02
1.100000e-01	1.200000e-01	1.291205e+00	4.531240e-02	4.531240e-02
1.200000e-01	1.300000e-01	1.105157e+00	4.192099e-02	4.192099e-02
1.300000e-01	1.400000e-01	9.318301e-01	3.849354e-02	3.849354e-02
1.400000e-01	1.500000e-01	7.712246e-01	3.501951e-02	3.501951e-02
1.500000e-01	1.600000e-01	6.662744e-01	3.254964e-02	3.254964e-02
1.600000e-01	1.700000e-01	5.549637e-01	2.970652e-02	2.970652e-02
1.700000e-01	1.800000e-01	4.993083e-01	2.817760e-02	2.817760e-02
1.800000e-01	1.900000e-01	4.738658e-01	2.745031e-02	2.745031e-02
1.900000e-01	2.000000e-01	3.720960e-01	2.432467e-02	2.432467e-02
2.000000e-01	2.100000e-01	3.291618e-01	2.287833e-02	2.287833e-02
2.100000e-01	2.200000e-01	3.132603e-01	2.231887e-02	2.231887e-02
2.200000e-01	2.300000e-01	2.591951e-01	2.030172e-02	2.030172e-02
2.300000e-01	2.400000e-01	2.067200e-01	1.813054e-02	1.813054e-02
2.400000e-01	2.500000e-01	1.892283e-01	1.734653e-02	1.734653e-02
2.500000e-01	2.600000e-01	1.367532e-01	1.474648e-02	1.474648e-02
2.600000e-01	2.700000e-01	1.113108e-01	1.330418e-02	1.330418e-02
2.700000e-01	2.800000e-01	1.192615e-01	1.377114e-02	1.377114e-02
2.800000e-01	2.900000e-01	1.033600e-01	1.282023e-02	1.282023e-02
2.900000e-01	3.000000e-01	7.314707e-02	1.078495e-02	1.078495e-02
3.000000e-01	3.100000e-01	7.950769e-02	1.124409e-02	1.124409e-02
3.100000e-01	3.200000e-01	6.519630e-02	1.018195e-02	1.018195e-02
3.200000e-01	3.300000e-01	3.975384e-02	7.950769e-03	7.950769e-03
3.300000e-01	3.400000e-01	4.611446e-02	8.563240e-03	8.563240e-03
3.400000e-01	3.500000e-01	3.816369e-02	7.790131e-03	7.790131e-03
3.500000e-01	3.600000e-01	1.749169e-02	5.273943e-03	5.273943e-03
3.600000e-01	3.700000e-01	2.226215e-02	5.949811e-03	5.949811e-03
3.700000e-01	3.800000e-01	1.431138e-02	4.770461e-03	4.770461e-03
3.800000e-01	3.900000e-01	1.431138e-02	4.770461e-03	4.770461e-03
3.900000e-01	4.000000e-01	1.749169e-02	5.273943e-03	5.273943e-03
4.000000e-01	4.100000e-01	7.950769e-03	3.555693e-03	3.555693e-03
4.100000e-01	4.200000e-01	7.950769e-03	3.555693e-03	3.555693e-03
4.200000e-01	4.300000e-01	4.770461e-03	2.754227e-03	2.754227e-03
4.300000e-01	4.400000e-01	1.590154e-03	1.590154e-03	1.590154e-03
4.400000e-01	4.500000e-01	4.770461e-03	2.754227e-03	2.754227e-03
4.500000e-01	4.600000e-01	0.000000e+00	0.000000e+00	0.000000e+00
4.600000e-01	4.700000e-01	3.180308e-03	2.248817e-03	2.248817e-03
4.700000e-01	4.800000e-01	1.590154e-03	1.590154e-03	1.590154e-03
4.800000e-01	4.900000e-01	0.000000e+00	0.000000e+00	0.000000e+00
4.900000e-01	5.000000e-01	1.590154e-03	1.590154e-03	1.590154e-03
5.000000e-01	5.100000e-01	3.180308e-03	2.248817e-03	2.248817e-03
5.100000e-01	5.200000e-01	0.000000e+00	0.000000e+00	0.000000e+00
5.200000e-01	5.300000e-01	0.000000e+00	0.000000e+00	0.000000e+00
5.300000e-01	5.400000e-01	1.590154e-03	1.590154e-03	1.590154e-03
5.400000e-01	5.500000e-01	0.000000e+00	0.000000e+00	0.000000e+00
5.500000e-01	5.600000e-01	0.000000e+00	0.000000e+00	0.000000e+00
5.600000e-01	5.700000e-01	0.000000e+00	0.000000e+00	0.000000e+00
5.700000e-01	5.800000e-01	1.590154e-03	1.590154e-03	1.590154e-03
5.800000e-01	5.900000e-01	0.000000e+00	0.000000e+00	0.000000e+00
5.900000e-01	6.000000e-01	1.590154e-03	1.590154e-03	1.590154e-03
6.000000e-01	6.100000e-01	0.000000e+00	0.000000e+00	0.000000e+00
6.100000e-01	6.200000e-01	1.590154e-03	1.590154e-03	1.590154e-03
6.200000e-01	6.300000e-01	0.000000e+00	0.000000e+00	0.000000e+00
6.300000e-01	6.400000e-01	0.000000e+00	0.000000e+00	0.000000e+00
6.400000e-01	6.500000e-01	0.000000e+00	0.000000e+00	0.000000e+00
6.500000e-01	6.600000e-01	0.000000e+00	0.000000e+00	0.000000e+00
6.600000e-01	6.700000e-01	0.000000e+00	0.000000e+00	0.000000e+00
6.700000e-01	6.800000e-01	0.000000e+00	0.000000e+00	0.000000e+00
6.800000e-01	6.900000e-01	0.000000e+00	0.000000e+00	0.000000e+00
6.900000e-01	7.000000e-01	0.000000e+00	0.000000e+00	0.000000e+00
7.000000e-01	7.100000e-01	0.000000e+00	0.000000e+00	0.000000e+00
7.100000e-01	7.200000e-01	0.000000e+00	0.000000e+00	0.000000e+00
7.200000e-01	7.300000e-01	0.000000e+00	0.000000e+00	0.000000e+00
7.300000e-01	7.400000e-01	0.000000e+00	0.000000e+00	0.000000e+00
7.400000e-01	7.500000e-01	0.000000e+00	0.000000e+00	0.000000e+00
7.500000e-01	7.600000e-01	0.000000e+00	0.000000e+00	0.000000e+00
7.600000e-01	7.700000e-01	0.000000e+00	0.000000e+00	0.000000e+00
7.700000e-01	7.800000e-01	0.000000e+00	0.000000e+00	0.000000e+00
7.800000e-01	7.900000e-01	0.000000e+00	0.000000e+00	0.000000e+00
7.900000e-01	8.000000e-01	0.000000e+00	0.000000e+00	0.000000e+00
8.000000e-01	8.100000e-01	0.000000e+00	0.000000e+00	0.000000e+00
8.100000e-01	8.200000e-01	0.000000e+00	0.000000e+00	0.000000e+00
8.200000e-01	8.300000e-01	0.000000e+00	0.000000e+00	0.000000e+00
8.300000e-01	8.400000e-01	0.000000e+00	0.000000e+00	0.000000e+00
8.400000e-01	8.500000e-01	0.000000e+00	0.000000e+00	0.000000e+00
8.500000e-01	8.600000e-01	0.000000e+00	0.000000e+00	0.000000e+00
8.600000e-01	8.700000e-01	0.000000e+00	0.000000e+00	0.000000e+00
8.700000e-01	8.800000e-01	0.000000e+00	0.000000e+00	0.000000e+00
8.800000e-01	8.900000e-01	0.000000e+00	0.000000e+00	0.000000e+00
8.900000e-01	9.000000e-01	0.000000e+00	0.000000e+00	0.000000e+00
9.000000e-01	9.100000e-01	0.000000e+00	0.000000e+00	0.000000e+00
9.100000e-01	9.200000e-01	0.000000e+00	0.000000e+00	0.000000e+00
9.200000e-01	9.300000e-01	0.000000e+00	0.000000e+00	0.000000e+00
9.300000e-01	9.400000e-01	0.000000e+00	0.000000e+00	0.000000e+00
9.400000e-01	9.500000e-01	0.000000e+00	0.000000e+00	0.000000e+00
9.500000e-01	9.600000e-01	0.000000e+00	0.000000e+00	0.000000e+00
9.600000e-01	9.700000e-01	0.000000e+00	0.000000e+00	0.000000e+00
9.700000e-01	9.800000e-01	0.000000e+00	0.000000e+00	0.000000e+00
9.800000e-01	9.900000e-01	0.000000e+00	0.000000e+00	0.000000e+00
9.900000e-01	1.000000e+00	0.000000e+00	0.000000e+00	0.000000e+00
# END HISTO1D

