# BEGIN PLOT
RatioPlotYLabel=Ratio
LegendOnly=//home/frederic/Work/Software/LesHouches2017/lh2017-alphas/rivet-analysis/Rivet-gluon-as013650.yoda/MC_LHJSS_Zjet/Angularity_zcut_0.05_beta_1_alpha_0.5 //home/frederic/Work/Software/LesHouches2017/lh2017-alphas/rivet-analysis/Rivet-gluon-as012285.yoda/MC_LHJSS_Zjet/Angularity_zcut_0.05_beta_1_alpha_0.5 //home/frederic/Work/Software/LesHouches2017/lh2017-alphas/rivet-analysis/Rivet-gluon-as015015.yoda/MC_LHJSS_Zjet/Angularity_zcut_0.05_beta_1_alpha_0.5
XLabel=$e_\alpha$
RatioPlotReference=//home/frederic/Work/Software/LesHouches2017/lh2017-alphas/rivet-analysis/Rivet-gluon-as013650.yoda/MC_LHJSS_Zjet/Angularity_zcut_0.05_beta_1_alpha_0.5
YLabel=$1/\sigma \text{d}\sigma/\text{d}e_{\alpha}$
DrawOnly=//home/frederic/Work/Software/LesHouches2017/lh2017-alphas/rivet-analysis/Rivet-gluon-as013650.yoda/MC_LHJSS_Zjet/Angularity_zcut_0.05_beta_1_alpha_0.5 //home/frederic/Work/Software/LesHouches2017/lh2017-alphas/rivet-analysis/Rivet-gluon-as012285.yoda/MC_LHJSS_Zjet/Angularity_zcut_0.05_beta_1_alpha_0.5 //home/frederic/Work/Software/LesHouches2017/lh2017-alphas/rivet-analysis/Rivet-gluon-as015015.yoda/MC_LHJSS_Zjet/Angularity_zcut_0.05_beta_1_alpha_0.5
RatioPlot=1
Title=Angularity, $\alpha$ = 0.5 $z_{cut}$ = 0.05 $\beta$ = 1
Legend=1
LogY=0
# END PLOT

# BEGIN HISTO1D //home/frederic/Work/Software/LesHouches2017/lh2017-alphas/rivet-analysis/Rivet-gluon-as013650.yoda/MC_LHJSS_Zjet/Angularity_zcut_0.05_beta_1_alpha_0.5
LineColor=red
LineStyle=solid
NormalizeToIntegral=1
Path=//home/frederic/Work/Software/LesHouches2017/lh2017-alphas/rivet-analysis/Rivet-gluon-as013650.yoda/MC_LHJSS_Zjet/Angularity_zcut_0.05_beta_1_alpha_0.5
ScaledBy=1.58045295781771040e-05
Title=Rivet-gluon-as013650
XLabel=
YLabel=
# xlow	 xhigh	 val	 errminus	 errplus
0.000000e+00	1.000000e-02	1.643671e-01	1.611752e-02	1.611752e-02
1.000000e-02	2.000000e-02	2.528725e-01	1.999132e-02	1.999132e-02
2.000000e-02	3.000000e-02	4.204005e-01	2.577641e-02	2.577641e-02
3.000000e-02	4.000000e-02	7.933874e-01	3.541061e-02	3.541061e-02
4.000000e-02	5.000000e-02	1.199564e+00	4.354141e-02	4.354141e-02
5.000000e-02	6.000000e-02	1.782751e+00	5.308064e-02	5.308064e-02
6.000000e-02	7.000000e-02	2.340651e+00	6.082178e-02	6.082178e-02
7.000000e-02	8.000000e-02	2.879585e+00	6.746146e-02	6.746146e-02
8.000000e-02	9.000000e-02	3.407457e+00	7.338477e-02	7.338477e-02
9.000000e-02	1.000000e-01	3.782024e+00	7.731307e-02	7.731307e-02
1.000000e-01	1.100000e-01	3.908460e+00	7.859476e-02	7.859476e-02
1.100000e-01	1.200000e-01	4.071247e+00	8.021480e-02	8.021480e-02
1.200000e-01	1.300000e-01	4.170815e+00	8.118976e-02	8.118976e-02
1.300000e-01	1.400000e-01	4.153430e+00	8.102037e-02	8.102037e-02
1.400000e-01	1.500000e-01	4.241936e+00	8.187906e-02	8.187906e-02
1.500000e-01	1.600000e-01	4.118660e+00	8.068054e-02	8.068054e-02
1.600000e-01	1.700000e-01	4.050701e+00	8.001214e-02	8.001214e-02
1.700000e-01	1.800000e-01	3.892656e+00	7.843570e-02	7.843570e-02
1.800000e-01	1.900000e-01	3.565502e+00	7.506736e-02	7.506736e-02
1.900000e-01	2.000000e-01	3.616076e+00	7.559788e-02	7.559788e-02
2.000000e-01	2.100000e-01	3.292084e+00	7.213171e-02	7.213171e-02
2.100000e-01	2.200000e-01	3.067659e+00	6.962967e-02	6.962967e-02
2.200000e-01	2.300000e-01	3.001280e+00	6.887222e-02	6.887222e-02
2.300000e-01	2.400000e-01	2.797402e+00	6.649182e-02	6.649182e-02
2.400000e-01	2.500000e-01	2.547690e+00	6.345474e-02	6.345474e-02
2.500000e-01	2.600000e-01	2.498696e+00	6.284164e-02	6.284164e-02
2.600000e-01	2.700000e-01	2.342231e+00	6.084230e-02	6.084230e-02
2.700000e-01	2.800000e-01	2.068813e+00	5.718096e-02	5.718096e-02
2.800000e-01	2.900000e-01	2.018238e+00	5.647770e-02	5.647770e-02
2.900000e-01	3.000000e-01	1.899704e+00	5.479411e-02	5.479411e-02
3.000000e-01	3.100000e-01	1.727435e+00	5.225065e-02	5.225065e-02
3.100000e-01	3.200000e-01	1.528298e+00	4.914675e-02	4.914675e-02
3.200000e-01	3.300000e-01	1.332322e+00	4.588760e-02	4.588760e-02
3.300000e-01	3.400000e-01	1.286489e+00	4.509141e-02	4.509141e-02
3.400000e-01	3.500000e-01	1.224851e+00	4.399794e-02	4.399794e-02
3.500000e-01	3.600000e-01	1.175857e+00	4.310901e-02	4.310901e-02
3.600000e-01	3.700000e-01	1.062064e+00	4.097003e-02	4.097003e-02
3.700000e-01	3.800000e-01	9.498522e-01	3.874528e-02	3.874528e-02
3.800000e-01	3.900000e-01	8.297378e-01	3.621273e-02	3.621273e-02
3.900000e-01	4.000000e-01	8.613469e-01	3.689604e-02	3.689604e-02
4.000000e-01	4.100000e-01	7.380715e-01	3.415387e-02	3.415387e-02
4.100000e-01	4.200000e-01	6.416639e-01	3.184525e-02	3.184525e-02
4.200000e-01	4.300000e-01	5.642217e-01	2.986178e-02	2.986178e-02
4.300000e-01	4.400000e-01	5.262908e-01	2.884056e-02	2.884056e-02
4.400000e-01	4.500000e-01	4.488486e-01	2.663427e-02	2.663427e-02
4.500000e-01	4.600000e-01	4.298832e-01	2.606550e-02	2.606550e-02
4.600000e-01	4.700000e-01	3.635042e-01	2.396876e-02	2.396876e-02
4.700000e-01	4.800000e-01	3.018665e-01	2.184229e-02	2.184229e-02
4.800000e-01	4.900000e-01	2.781597e-01	2.096708e-02	2.096708e-02
4.900000e-01	5.000000e-01	2.386484e-01	1.942093e-02	1.942093e-02
5.000000e-01	5.100000e-01	1.928153e-01	1.745667e-02	1.745667e-02
5.100000e-01	5.200000e-01	1.817521e-01	1.694847e-02	1.694847e-02
5.200000e-01	5.300000e-01	1.517235e-01	1.548521e-02	1.548521e-02
5.300000e-01	5.400000e-01	1.074708e-01	1.303275e-02	1.303275e-02
5.400000e-01	5.500000e-01	1.027294e-01	1.274202e-02	1.274202e-02
5.500000e-01	5.600000e-01	8.534446e-02	1.161391e-02	1.161391e-02
5.600000e-01	5.700000e-01	8.060310e-02	1.128669e-02	1.128669e-02
5.700000e-01	5.800000e-01	6.479857e-02	1.011984e-02	1.011984e-02
5.800000e-01	5.900000e-01	4.425268e-02	8.362971e-03	8.362971e-03
5.900000e-01	6.000000e-01	3.002861e-02	6.889035e-03	6.889035e-03
6.000000e-01	6.100000e-01	2.844815e-02	6.705294e-03	6.705294e-03
6.100000e-01	6.200000e-01	1.580453e-02	4.997832e-03	4.997832e-03
6.200000e-01	6.300000e-01	2.212634e-02	5.913513e-03	5.913513e-03
6.300000e-01	6.400000e-01	9.482718e-03	3.871303e-03	3.871303e-03
6.400000e-01	6.500000e-01	4.741359e-03	2.737425e-03	2.737425e-03
6.500000e-01	6.600000e-01	7.902265e-03	3.534001e-03	3.534001e-03
6.600000e-01	6.700000e-01	1.580453e-03	1.580453e-03	1.580453e-03
6.700000e-01	6.800000e-01	3.160906e-03	2.235098e-03	2.235098e-03
6.800000e-01	6.900000e-01	6.321812e-03	3.160906e-03	3.160906e-03
6.900000e-01	7.000000e-01	0.000000e+00	0.000000e+00	0.000000e+00
7.000000e-01	7.100000e-01	1.580453e-03	1.580453e-03	1.580453e-03
7.100000e-01	7.200000e-01	0.000000e+00	0.000000e+00	0.000000e+00
7.200000e-01	7.300000e-01	1.580453e-03	1.580453e-03	1.580453e-03
7.300000e-01	7.400000e-01	0.000000e+00	0.000000e+00	0.000000e+00
7.400000e-01	7.500000e-01	0.000000e+00	0.000000e+00	0.000000e+00
7.500000e-01	7.600000e-01	0.000000e+00	0.000000e+00	0.000000e+00
7.600000e-01	7.700000e-01	0.000000e+00	0.000000e+00	0.000000e+00
7.700000e-01	7.800000e-01	0.000000e+00	0.000000e+00	0.000000e+00
7.800000e-01	7.900000e-01	0.000000e+00	0.000000e+00	0.000000e+00
7.900000e-01	8.000000e-01	0.000000e+00	0.000000e+00	0.000000e+00
8.000000e-01	8.100000e-01	0.000000e+00	0.000000e+00	0.000000e+00
8.100000e-01	8.200000e-01	0.000000e+00	0.000000e+00	0.000000e+00
8.200000e-01	8.300000e-01	0.000000e+00	0.000000e+00	0.000000e+00
8.300000e-01	8.400000e-01	0.000000e+00	0.000000e+00	0.000000e+00
8.400000e-01	8.500000e-01	0.000000e+00	0.000000e+00	0.000000e+00
8.500000e-01	8.600000e-01	0.000000e+00	0.000000e+00	0.000000e+00
8.600000e-01	8.700000e-01	0.000000e+00	0.000000e+00	0.000000e+00
8.700000e-01	8.800000e-01	0.000000e+00	0.000000e+00	0.000000e+00
8.800000e-01	8.900000e-01	0.000000e+00	0.000000e+00	0.000000e+00
8.900000e-01	9.000000e-01	0.000000e+00	0.000000e+00	0.000000e+00
9.000000e-01	9.100000e-01	0.000000e+00	0.000000e+00	0.000000e+00
9.100000e-01	9.200000e-01	0.000000e+00	0.000000e+00	0.000000e+00
9.200000e-01	9.300000e-01	0.000000e+00	0.000000e+00	0.000000e+00
9.300000e-01	9.400000e-01	0.000000e+00	0.000000e+00	0.000000e+00
9.400000e-01	9.500000e-01	0.000000e+00	0.000000e+00	0.000000e+00
9.500000e-01	9.600000e-01	0.000000e+00	0.000000e+00	0.000000e+00
9.600000e-01	9.700000e-01	0.000000e+00	0.000000e+00	0.000000e+00
9.700000e-01	9.800000e-01	0.000000e+00	0.000000e+00	0.000000e+00
9.800000e-01	9.900000e-01	0.000000e+00	0.000000e+00	0.000000e+00
9.900000e-01	1.000000e+00	0.000000e+00	0.000000e+00	0.000000e+00
# END HISTO1D

# BEGIN HISTO1D //home/frederic/Work/Software/LesHouches2017/lh2017-alphas/rivet-analysis/Rivet-gluon-as012285.yoda/MC_LHJSS_Zjet/Angularity_zcut_0.05_beta_1_alpha_0.5
LineColor=blue
LineStyle=solid
NormalizeToIntegral=1
Path=//home/frederic/Work/Software/LesHouches2017/lh2017-alphas/rivet-analysis/Rivet-gluon-as012285.yoda/MC_LHJSS_Zjet/Angularity_zcut_0.05_beta_1_alpha_0.5
ScaledBy=1.35323490804768797e-05
Title=Rivet-gluon-as012285
XLabel=
YLabel=
# xlow	 xhigh	 val	 errminus	 errplus
0.000000e+00	1.000000e-02	4.790452e-01	2.546096e-02	2.546096e-02
1.000000e-02	2.000000e-02	7.551051e-01	3.196615e-02	3.196615e-02
2.000000e-02	3.000000e-02	1.293693e+00	4.184101e-02	4.184101e-02
3.000000e-02	4.000000e-02	1.843106e+00	4.994152e-02	4.994152e-02
4.000000e-02	5.000000e-02	2.548141e+00	5.872167e-02	5.872167e-02
5.000000e-02	6.000000e-02	3.123266e+00	6.501164e-02	6.501164e-02
6.000000e-02	7.000000e-02	3.632082e+00	7.010750e-02	7.010750e-02
7.000000e-02	8.000000e-02	3.975804e+00	7.334983e-02	7.334983e-02
8.000000e-02	9.000000e-02	4.310053e+00	7.637090e-02	7.637090e-02
9.000000e-02	1.000000e-01	4.285695e+00	7.615479e-02	7.615479e-02
1.000000e-01	1.100000e-01	4.412899e+00	7.727670e-02	7.727670e-02
1.100000e-01	1.200000e-01	4.266750e+00	7.598628e-02	7.598628e-02
1.200000e-01	1.300000e-01	4.346591e+00	7.669392e-02	7.669392e-02
1.300000e-01	1.400000e-01	3.987983e+00	7.346209e-02	7.346209e-02
1.400000e-01	1.500000e-01	3.948739e+00	7.309974e-02	7.309974e-02
1.500000e-01	1.600000e-01	3.829655e+00	7.198905e-02	7.198905e-02
1.600000e-01	1.700000e-01	3.592839e+00	6.972772e-02	6.972772e-02
1.700000e-01	1.800000e-01	3.652381e+00	7.030312e-02	7.030312e-02
1.800000e-01	1.900000e-01	3.224759e+00	6.605949e-02	6.605949e-02
1.900000e-01	2.000000e-01	3.032599e+00	6.406106e-02	6.406106e-02
2.000000e-01	2.100000e-01	2.963584e+00	6.332792e-02	6.332792e-02
2.100000e-01	2.200000e-01	2.694291e+00	6.038218e-02	6.038218e-02
2.200000e-01	2.300000e-01	2.602271e+00	5.934209e-02	5.934209e-02
2.300000e-01	2.400000e-01	2.374927e+00	5.669069e-02	5.669069e-02
2.400000e-01	2.500000e-01	2.139464e+00	5.380704e-02	5.380704e-02
2.500000e-01	2.600000e-01	1.990609e+00	5.190145e-02	5.190145e-02
2.600000e-01	2.700000e-01	1.894529e+00	5.063342e-02	5.063342e-02
2.700000e-01	2.800000e-01	1.724021e+00	4.830120e-02	4.830120e-02
2.800000e-01	2.900000e-01	1.604937e+00	4.660318e-02	4.660318e-02
2.900000e-01	3.000000e-01	1.458787e+00	4.443064e-02	4.443064e-02
3.000000e-01	3.100000e-01	1.380300e+00	4.321886e-02	4.321886e-02
3.100000e-01	3.200000e-01	1.274747e+00	4.153352e-02	4.153352e-02
3.200000e-01	3.300000e-01	1.148896e+00	3.943003e-02	3.943003e-02
3.300000e-01	3.400000e-01	1.101533e+00	3.860872e-02	3.860872e-02
3.400000e-01	3.500000e-01	9.932744e-01	3.666243e-02	3.666243e-02
3.500000e-01	3.600000e-01	9.418515e-01	3.570078e-02	3.570078e-02
3.600000e-01	3.700000e-01	8.511848e-01	3.393896e-02	3.393896e-02
3.700000e-01	3.800000e-01	7.808165e-01	3.250581e-02	3.250581e-02
3.800000e-01	3.900000e-01	7.280404e-01	3.138805e-02	3.138805e-02
3.900000e-01	4.000000e-01	5.994831e-01	2.848230e-02	2.848230e-02
4.000000e-01	4.100000e-01	5.683587e-01	2.773306e-02	2.773306e-02
4.100000e-01	4.200000e-01	5.061099e-01	2.617032e-02	2.617032e-02
4.200000e-01	4.300000e-01	4.249158e-01	2.397938e-02	2.397938e-02
4.300000e-01	4.400000e-01	3.883784e-01	2.292525e-02	2.292525e-02
4.400000e-01	4.500000e-01	3.437217e-01	2.156702e-02	2.156702e-02
4.500000e-01	4.600000e-01	3.261296e-01	2.100786e-02	2.100786e-02
4.600000e-01	4.700000e-01	3.031246e-01	2.025337e-02	2.025337e-02
4.700000e-01	4.800000e-01	2.016320e-01	1.651834e-02	1.651834e-02
4.800000e-01	4.900000e-01	2.083982e-01	1.679320e-02	1.679320e-02
4.900000e-01	5.000000e-01	1.583285e-01	1.463747e-02	1.463747e-02
5.000000e-01	5.100000e-01	1.380300e-01	1.366700e-02	1.366700e-02
5.100000e-01	5.200000e-01	1.217911e-01	1.283791e-02	1.283791e-02
5.200000e-01	5.300000e-01	1.123185e-01	1.232856e-02	1.232856e-02
5.300000e-01	5.400000e-01	8.254733e-02	1.056910e-02	1.056910e-02
5.400000e-01	5.500000e-01	6.224881e-02	9.178086e-03	9.178086e-03
5.500000e-01	5.600000e-01	6.360204e-02	9.277311e-03	9.277311e-03
5.600000e-01	5.700000e-01	4.195028e-02	7.534493e-03	7.534493e-03
5.700000e-01	5.800000e-01	3.518411e-02	6.900171e-03	6.900171e-03
5.800000e-01	5.900000e-01	2.841793e-02	6.201301e-03	6.201301e-03
5.900000e-01	6.000000e-01	2.706470e-02	6.051850e-03	6.051850e-03
6.000000e-01	6.100000e-01	1.623882e-02	4.687744e-03	4.687744e-03
6.100000e-01	6.200000e-01	1.082588e-02	3.827527e-03	3.827527e-03
6.200000e-01	6.300000e-01	1.217911e-02	4.059704e-03	4.059704e-03
6.300000e-01	6.400000e-01	9.472644e-03	3.580323e-03	3.580323e-03
6.400000e-01	6.500000e-01	2.706470e-03	1.913763e-03	1.913763e-03
6.500000e-01	6.600000e-01	8.119409e-03	3.314735e-03	3.314735e-03
6.600000e-01	6.700000e-01	4.059705e-03	2.343872e-03	2.343872e-03
6.700000e-01	6.800000e-01	1.353235e-03	1.353235e-03	1.353235e-03
6.800000e-01	6.900000e-01	0.000000e+00	0.000000e+00	0.000000e+00
6.900000e-01	7.000000e-01	0.000000e+00	0.000000e+00	0.000000e+00
7.000000e-01	7.100000e-01	0.000000e+00	0.000000e+00	0.000000e+00
7.100000e-01	7.200000e-01	1.353235e-03	1.353235e-03	1.353235e-03
7.200000e-01	7.300000e-01	0.000000e+00	0.000000e+00	0.000000e+00
7.300000e-01	7.400000e-01	0.000000e+00	0.000000e+00	0.000000e+00
7.400000e-01	7.500000e-01	2.706470e-03	1.913763e-03	1.913763e-03
7.500000e-01	7.600000e-01	0.000000e+00	0.000000e+00	0.000000e+00
7.600000e-01	7.700000e-01	0.000000e+00	0.000000e+00	0.000000e+00
7.700000e-01	7.800000e-01	0.000000e+00	0.000000e+00	0.000000e+00
7.800000e-01	7.900000e-01	0.000000e+00	0.000000e+00	0.000000e+00
7.900000e-01	8.000000e-01	0.000000e+00	0.000000e+00	0.000000e+00
8.000000e-01	8.100000e-01	0.000000e+00	0.000000e+00	0.000000e+00
8.100000e-01	8.200000e-01	0.000000e+00	0.000000e+00	0.000000e+00
8.200000e-01	8.300000e-01	0.000000e+00	0.000000e+00	0.000000e+00
8.300000e-01	8.400000e-01	0.000000e+00	0.000000e+00	0.000000e+00
8.400000e-01	8.500000e-01	0.000000e+00	0.000000e+00	0.000000e+00
8.500000e-01	8.600000e-01	0.000000e+00	0.000000e+00	0.000000e+00
8.600000e-01	8.700000e-01	0.000000e+00	0.000000e+00	0.000000e+00
8.700000e-01	8.800000e-01	0.000000e+00	0.000000e+00	0.000000e+00
8.800000e-01	8.900000e-01	0.000000e+00	0.000000e+00	0.000000e+00
8.900000e-01	9.000000e-01	0.000000e+00	0.000000e+00	0.000000e+00
9.000000e-01	9.100000e-01	0.000000e+00	0.000000e+00	0.000000e+00
9.100000e-01	9.200000e-01	0.000000e+00	0.000000e+00	0.000000e+00
9.200000e-01	9.300000e-01	0.000000e+00	0.000000e+00	0.000000e+00
9.300000e-01	9.400000e-01	0.000000e+00	0.000000e+00	0.000000e+00
9.400000e-01	9.500000e-01	0.000000e+00	0.000000e+00	0.000000e+00
9.500000e-01	9.600000e-01	0.000000e+00	0.000000e+00	0.000000e+00
9.600000e-01	9.700000e-01	0.000000e+00	0.000000e+00	0.000000e+00
9.700000e-01	9.800000e-01	0.000000e+00	0.000000e+00	0.000000e+00
9.800000e-01	9.900000e-01	0.000000e+00	0.000000e+00	0.000000e+00
9.900000e-01	1.000000e+00	0.000000e+00	0.000000e+00	0.000000e+00
# END HISTO1D

# BEGIN HISTO1D //home/frederic/Work/Software/LesHouches2017/lh2017-alphas/rivet-analysis/Rivet-gluon-as015015.yoda/MC_LHJSS_Zjet/Angularity_zcut_0.05_beta_1_alpha_0.5
LineColor=green
LineStyle=solid
NormalizeToIntegral=1
Path=//home/frederic/Work/Software/LesHouches2017/lh2017-alphas/rivet-analysis/Rivet-gluon-as015015.yoda/MC_LHJSS_Zjet/Angularity_zcut_0.05_beta_1_alpha_0.5
ScaledBy=1.59015376786935292e-05
Title=Rivet-gluon-as015015
XLabel=
YLabel=
# xlow	 xhigh	 val	 errminus	 errplus
0.000000e+00	1.000000e-02	1.001797e-01	1.262145e-02	1.262145e-02
1.000000e-02	2.000000e-02	8.904861e-02	1.189962e-02	1.189962e-02
2.000000e-02	3.000000e-02	1.860480e-01	1.720014e-02	1.720014e-02
3.000000e-02	4.000000e-02	2.973588e-01	2.174502e-02	2.174502e-02
4.000000e-02	5.000000e-02	4.611446e-01	2.707934e-02	2.707934e-02
5.000000e-02	6.000000e-02	7.696344e-01	3.498338e-02	3.498338e-02
6.000000e-02	7.000000e-02	1.159222e+00	4.293415e-02	4.293415e-02
7.000000e-02	8.000000e-02	1.766661e+00	5.300247e-02	5.300247e-02
8.000000e-02	9.000000e-02	2.293002e+00	6.038398e-02	6.038398e-02
9.000000e-02	1.000000e-01	2.693720e+00	6.544792e-02	6.544792e-02
1.000000e-01	1.100000e-01	3.086488e+00	7.005706e-02	7.005706e-02
1.100000e-01	1.200000e-01	3.485617e+00	7.444909e-02	7.444909e-02
1.200000e-01	1.300000e-01	3.802058e+00	7.775510e-02	7.775510e-02
1.300000e-01	1.400000e-01	4.023089e+00	7.998331e-02	7.998331e-02
1.400000e-01	1.500000e-01	4.159842e+00	8.133135e-02	8.133135e-02
1.500000e-01	1.600000e-01	4.097826e+00	8.072282e-02	8.072282e-02
1.600000e-01	1.700000e-01	4.018319e+00	7.993587e-02	7.993587e-02
1.700000e-01	1.800000e-01	3.975384e+00	7.950769e-02	7.950769e-02
1.800000e-01	1.900000e-01	3.872024e+00	7.846728e-02	7.846728e-02
1.900000e-01	2.000000e-01	3.835451e+00	7.809582e-02	7.809582e-02
2.000000e-01	2.100000e-01	3.698698e+00	7.669093e-02	7.669093e-02
2.100000e-01	2.200000e-01	3.719370e+00	7.690494e-02	7.690494e-02
2.200000e-01	2.300000e-01	3.412470e+00	7.366378e-02	7.366378e-02
2.300000e-01	2.400000e-01	3.269356e+00	7.210256e-02	7.210256e-02
2.400000e-01	2.500000e-01	2.991079e+00	6.896576e-02	6.896576e-02
2.500000e-01	2.600000e-01	2.814572e+00	6.689995e-02	6.689995e-02
2.600000e-01	2.700000e-01	2.773228e+00	6.640677e-02	6.640677e-02
2.700000e-01	2.800000e-01	2.507672e+00	6.314733e-02	6.314733e-02
2.800000e-01	2.900000e-01	2.358198e+00	6.123640e-02	6.123640e-02
2.900000e-01	3.000000e-01	2.226215e+00	5.949811e-02	5.949811e-02
3.000000e-01	3.100000e-01	1.995643e+00	5.633275e-02	5.633275e-02
3.100000e-01	3.200000e-01	1.927266e+00	5.535928e-02	5.535928e-02
3.200000e-01	3.300000e-01	1.648989e+00	5.120690e-02	5.120690e-02
3.300000e-01	3.400000e-01	1.614006e+00	5.066081e-02	5.066081e-02
3.400000e-01	3.500000e-01	1.497925e+00	4.880503e-02	4.880503e-02
3.500000e-01	3.600000e-01	1.454991e+00	4.810051e-02	4.810051e-02
3.600000e-01	3.700000e-01	1.268943e+00	4.492008e-02	4.492008e-02
3.700000e-01	3.800000e-01	1.175124e+00	4.322762e-02	4.322762e-02
3.800000e-01	3.900000e-01	1.100386e+00	4.183042e-02	4.183042e-02
3.900000e-01	4.000000e-01	9.779446e-01	3.943453e-02	3.943453e-02
4.000000e-01	4.100000e-01	8.904861e-01	3.762991e-02	3.762991e-02
4.100000e-01	4.200000e-01	8.189292e-01	3.608633e-02	3.608633e-02
4.200000e-01	4.300000e-01	7.441920e-01	3.440029e-02	3.440029e-02
4.300000e-01	4.400000e-01	6.376517e-01	3.184280e-02	3.184280e-02
4.400000e-01	4.500000e-01	5.692750e-01	3.008712e-02	3.008712e-02
4.500000e-01	4.600000e-01	5.104394e-01	2.848995e-02	2.848995e-02
4.600000e-01	4.700000e-01	5.072591e-01	2.840105e-02	2.840105e-02
4.700000e-01	4.800000e-01	4.054892e-01	2.539272e-02	2.539272e-02
4.800000e-01	4.900000e-01	3.689157e-01	2.422050e-02	2.422050e-02
4.900000e-01	5.000000e-01	3.164406e-01	2.243188e-02	2.243188e-02
5.000000e-01	5.100000e-01	3.100800e-01	2.220529e-02	2.220529e-02
5.100000e-01	5.200000e-01	2.067200e-01	1.813054e-02	1.813054e-02
5.200000e-01	5.300000e-01	2.051298e-01	1.806068e-02	1.806068e-02
5.300000e-01	5.400000e-01	1.621957e-01	1.605977e-02	1.605977e-02
5.400000e-01	5.500000e-01	1.431138e-01	1.508552e-02	1.508552e-02
5.500000e-01	5.600000e-01	1.176714e-01	1.367902e-02	1.367902e-02
5.600000e-01	5.700000e-01	8.904861e-02	1.189962e-02	1.189962e-02
5.700000e-01	5.800000e-01	7.314707e-02	1.078495e-02	1.078495e-02
5.800000e-01	5.900000e-01	6.837661e-02	1.042733e-02	1.042733e-02
5.900000e-01	6.000000e-01	6.042584e-02	9.802366e-03	9.802366e-03
6.000000e-01	6.100000e-01	4.611446e-02	8.563240e-03	8.563240e-03
6.100000e-01	6.200000e-01	3.021292e-02	6.931319e-03	6.931319e-03
6.200000e-01	6.300000e-01	3.498338e-02	7.458482e-03	7.458482e-03
6.300000e-01	6.400000e-01	1.431138e-02	4.770461e-03	4.770461e-03
6.400000e-01	6.500000e-01	2.544246e-02	6.360615e-03	6.360615e-03
6.500000e-01	6.600000e-01	9.540923e-03	3.895065e-03	3.895065e-03
6.600000e-01	6.700000e-01	4.770461e-03	2.754227e-03	2.754227e-03
6.700000e-01	6.800000e-01	6.360615e-03	3.180308e-03	3.180308e-03
6.800000e-01	6.900000e-01	4.770461e-03	2.754227e-03	2.754227e-03
6.900000e-01	7.000000e-01	3.180308e-03	2.248817e-03	2.248817e-03
7.000000e-01	7.100000e-01	4.770461e-03	2.754227e-03	2.754227e-03
7.100000e-01	7.200000e-01	1.590154e-03	1.590154e-03	1.590154e-03
7.200000e-01	7.300000e-01	1.590154e-03	1.590154e-03	1.590154e-03
7.300000e-01	7.400000e-01	0.000000e+00	0.000000e+00	0.000000e+00
7.400000e-01	7.500000e-01	3.180308e-03	2.248817e-03	2.248817e-03
7.500000e-01	7.600000e-01	0.000000e+00	0.000000e+00	0.000000e+00
7.600000e-01	7.700000e-01	0.000000e+00	0.000000e+00	0.000000e+00
7.700000e-01	7.800000e-01	0.000000e+00	0.000000e+00	0.000000e+00
7.800000e-01	7.900000e-01	0.000000e+00	0.000000e+00	0.000000e+00
7.900000e-01	8.000000e-01	0.000000e+00	0.000000e+00	0.000000e+00
8.000000e-01	8.100000e-01	0.000000e+00	0.000000e+00	0.000000e+00
8.100000e-01	8.200000e-01	0.000000e+00	0.000000e+00	0.000000e+00
8.200000e-01	8.300000e-01	0.000000e+00	0.000000e+00	0.000000e+00
8.300000e-01	8.400000e-01	0.000000e+00	0.000000e+00	0.000000e+00
8.400000e-01	8.500000e-01	0.000000e+00	0.000000e+00	0.000000e+00
8.500000e-01	8.600000e-01	0.000000e+00	0.000000e+00	0.000000e+00
8.600000e-01	8.700000e-01	0.000000e+00	0.000000e+00	0.000000e+00
8.700000e-01	8.800000e-01	0.000000e+00	0.000000e+00	0.000000e+00
8.800000e-01	8.900000e-01	0.000000e+00	0.000000e+00	0.000000e+00
8.900000e-01	9.000000e-01	0.000000e+00	0.000000e+00	0.000000e+00
9.000000e-01	9.100000e-01	0.000000e+00	0.000000e+00	0.000000e+00
9.100000e-01	9.200000e-01	0.000000e+00	0.000000e+00	0.000000e+00
9.200000e-01	9.300000e-01	0.000000e+00	0.000000e+00	0.000000e+00
9.300000e-01	9.400000e-01	0.000000e+00	0.000000e+00	0.000000e+00
9.400000e-01	9.500000e-01	0.000000e+00	0.000000e+00	0.000000e+00
9.500000e-01	9.600000e-01	0.000000e+00	0.000000e+00	0.000000e+00
9.600000e-01	9.700000e-01	0.000000e+00	0.000000e+00	0.000000e+00
9.700000e-01	9.800000e-01	0.000000e+00	0.000000e+00	0.000000e+00
9.800000e-01	9.900000e-01	0.000000e+00	0.000000e+00	0.000000e+00
9.900000e-01	1.000000e+00	0.000000e+00	0.000000e+00	0.000000e+00
# END HISTO1D

