# BEGIN PLOT
LegendOnly=//home/frederic/Work/Software/LesHouches2017/lh2017-alphas/rivet-analysis/Rivet-gluon-as013650.yoda/MC_LHJSS_Zjet/log_theta_g_zcut_0.2_beta_2_alpha_0.5 //home/frederic/Work/Software/LesHouches2017/lh2017-alphas/rivet-analysis/Rivet-gluon-as012285.yoda/MC_LHJSS_Zjet/log_theta_g_zcut_0.2_beta_2_alpha_0.5 //home/frederic/Work/Software/LesHouches2017/lh2017-alphas/rivet-analysis/Rivet-gluon-as015015.yoda/MC_LHJSS_Zjet/log_theta_g_zcut_0.2_beta_2_alpha_0.5
DrawOnly=//home/frederic/Work/Software/LesHouches2017/lh2017-alphas/rivet-analysis/Rivet-gluon-as013650.yoda/MC_LHJSS_Zjet/log_theta_g_zcut_0.2_beta_2_alpha_0.5 //home/frederic/Work/Software/LesHouches2017/lh2017-alphas/rivet-analysis/Rivet-gluon-as012285.yoda/MC_LHJSS_Zjet/log_theta_g_zcut_0.2_beta_2_alpha_0.5 //home/frederic/Work/Software/LesHouches2017/lh2017-alphas/rivet-analysis/Rivet-gluon-as015015.yoda/MC_LHJSS_Zjet/log_theta_g_zcut_0.2_beta_2_alpha_0.5
Title=$\theta_g$, $\alpha$ = 0.5 $z_{cut}$ = 0.2 $\beta$ = 2
RatioPlot=1
LogX=1
LogY=0
RatioPlotYLabel=Ratio
RatioPlotReference=//home/frederic/Work/Software/LesHouches2017/lh2017-alphas/rivet-analysis/Rivet-gluon-as013650.yoda/MC_LHJSS_Zjet/log_theta_g_zcut_0.2_beta_2_alpha_0.5
XLabel=$\theta_g$
YLabel=$1/\sigma \text{d}\sigma/\text{d}\theta_g$
Legend=1
# END PLOT

# BEGIN HISTO1D //home/frederic/Work/Software/LesHouches2017/lh2017-alphas/rivet-analysis/Rivet-gluon-as013650.yoda/MC_LHJSS_Zjet/log_theta_g_zcut_0.2_beta_2_alpha_0.5
LineColor=red
LineStyle=solid
NormalizeToIntegral=1
Path=//home/frederic/Work/Software/LesHouches2017/lh2017-alphas/rivet-analysis/Rivet-gluon-as013650.yoda/MC_LHJSS_Zjet/log_theta_g_zcut_0.2_beta_2_alpha_0.5
ScaledBy=1.58045295781771040e-05
Title=Rivet-gluon-as013650
XLabel=
YLabel=
# xlow	 xhigh	 val	 errminus	 errplus
1.000000e-04	1.096478e-04	0.000000e+00	0.000000e+00	0.000000e+00
1.096478e-04	1.202264e-04	0.000000e+00	0.000000e+00	0.000000e+00
1.202264e-04	1.318257e-04	0.000000e+00	0.000000e+00	0.000000e+00
1.318257e-04	1.445440e-04	0.000000e+00	0.000000e+00	0.000000e+00
1.445440e-04	1.584893e-04	0.000000e+00	0.000000e+00	0.000000e+00
1.584893e-04	1.737801e-04	0.000000e+00	0.000000e+00	0.000000e+00
1.737801e-04	1.905461e-04	0.000000e+00	0.000000e+00	0.000000e+00
1.905461e-04	2.089296e-04	0.000000e+00	0.000000e+00	0.000000e+00
2.089296e-04	2.290868e-04	0.000000e+00	0.000000e+00	0.000000e+00
2.290868e-04	2.511886e-04	0.000000e+00	0.000000e+00	0.000000e+00
2.511886e-04	2.754229e-04	0.000000e+00	0.000000e+00	0.000000e+00
2.754229e-04	3.019952e-04	0.000000e+00	0.000000e+00	0.000000e+00
3.019952e-04	3.311311e-04	0.000000e+00	0.000000e+00	0.000000e+00
3.311311e-04	3.630781e-04	0.000000e+00	0.000000e+00	0.000000e+00
3.630781e-04	3.981072e-04	0.000000e+00	0.000000e+00	0.000000e+00
3.981072e-04	4.365158e-04	0.000000e+00	0.000000e+00	0.000000e+00
4.365158e-04	4.786301e-04	0.000000e+00	0.000000e+00	0.000000e+00
4.786301e-04	5.248075e-04	0.000000e+00	0.000000e+00	0.000000e+00
5.248075e-04	5.754399e-04	0.000000e+00	0.000000e+00	0.000000e+00
5.754399e-04	6.309573e-04	0.000000e+00	0.000000e+00	0.000000e+00
6.309573e-04	6.918310e-04	0.000000e+00	0.000000e+00	0.000000e+00
6.918310e-04	7.585776e-04	0.000000e+00	0.000000e+00	0.000000e+00
7.585776e-04	8.317638e-04	0.000000e+00	0.000000e+00	0.000000e+00
8.317638e-04	9.120108e-04	0.000000e+00	0.000000e+00	0.000000e+00
9.120108e-04	1.000000e-03	0.000000e+00	0.000000e+00	0.000000e+00
1.000000e-03	1.096478e-03	0.000000e+00	0.000000e+00	0.000000e+00
1.096478e-03	1.202264e-03	0.000000e+00	0.000000e+00	0.000000e+00
1.202264e-03	1.318257e-03	0.000000e+00	0.000000e+00	0.000000e+00
1.318257e-03	1.445440e-03	0.000000e+00	0.000000e+00	0.000000e+00
1.445440e-03	1.584893e-03	0.000000e+00	0.000000e+00	0.000000e+00
1.584893e-03	1.737801e-03	0.000000e+00	0.000000e+00	0.000000e+00
1.737801e-03	1.905461e-03	0.000000e+00	0.000000e+00	0.000000e+00
1.905461e-03	2.089296e-03	0.000000e+00	0.000000e+00	0.000000e+00
2.089296e-03	2.290868e-03	0.000000e+00	0.000000e+00	0.000000e+00
2.290868e-03	2.511886e-03	0.000000e+00	0.000000e+00	0.000000e+00
2.511886e-03	2.754229e-03	0.000000e+00	0.000000e+00	0.000000e+00
2.754229e-03	3.019952e-03	0.000000e+00	0.000000e+00	0.000000e+00
3.019952e-03	3.311311e-03	0.000000e+00	0.000000e+00	0.000000e+00
3.311311e-03	3.630781e-03	0.000000e+00	0.000000e+00	0.000000e+00
3.630781e-03	3.981072e-03	0.000000e+00	0.000000e+00	0.000000e+00
3.981072e-03	4.365158e-03	0.000000e+00	0.000000e+00	0.000000e+00
4.365158e-03	4.786301e-03	0.000000e+00	0.000000e+00	0.000000e+00
4.786301e-03	5.248075e-03	0.000000e+00	0.000000e+00	0.000000e+00
5.248075e-03	5.754399e-03	3.121426e-02	3.121426e-02	3.121426e-02
5.754399e-03	6.309573e-03	2.846771e-02	2.846771e-02	2.846771e-02
6.309573e-03	6.918310e-03	2.596282e-02	2.596282e-02	2.596282e-02
6.918310e-03	7.585776e-03	7.103521e-02	4.101220e-02	4.101220e-02
7.585776e-03	8.317638e-03	4.318992e-02	3.053988e-02	3.053988e-02
8.317638e-03	9.120108e-03	3.938971e-02	2.785273e-02	2.785273e-02
9.120108e-03	1.000000e-02	7.184759e-02	3.592379e-02	3.592379e-02
1.000000e-02	1.096478e-02	8.190743e-02	3.663012e-02	3.663012e-02
1.096478e-02	1.202264e-02	1.643410e-01	4.955069e-02	4.955069e-02
1.202264e-02	1.318257e-02	9.537791e-02	3.604946e-02	3.604946e-02
1.318257e-02	1.445440e-02	9.941281e-02	3.514775e-02	3.514775e-02
1.445440e-02	1.584893e-02	1.133323e-01	3.583882e-02	3.583882e-02
1.584893e-02	1.737801e-02	1.653756e-01	4.134389e-02	4.134389e-02
1.737801e-02	1.905461e-02	2.356634e-01	4.713268e-02	4.713268e-02
1.905461e-02	2.089296e-02	1.891368e-01	4.032410e-02	4.032410e-02
2.089296e-02	2.290868e-02	2.195378e-01	4.148875e-02	4.148875e-02
2.290868e-02	2.511886e-02	1.930713e-01	3.715659e-02	3.715659e-02
2.511886e-02	2.754229e-02	2.869484e-01	4.325910e-02	4.325910e-02
2.754229e-02	3.019952e-02	4.163422e-01	4.976241e-02	4.976241e-02
3.019952e-02	3.311311e-02	3.308895e-01	4.236605e-02	4.236605e-02
3.311311e-02	3.630781e-02	4.600811e-01	4.770819e-02	4.770819e-02
3.630781e-02	3.981072e-02	4.737421e-01	4.623248e-02	4.623248e-02
3.981072e-02	4.365158e-02	5.925371e-01	4.937809e-02	4.937809e-02
4.365158e-02	4.786301e-02	5.216352e-01	4.424451e-02	4.424451e-02
4.786301e-02	5.248075e-02	8.282614e-01	5.324266e-02	5.324266e-02
5.248075e-02	5.754399e-02	8.771208e-01	5.232464e-02	5.232464e-02
5.754399e-02	6.309573e-02	9.337408e-01	5.155720e-02	5.155720e-02
6.309573e-02	6.918310e-02	1.090438e+00	5.320794e-02	5.320794e-02
6.918310e-02	7.585776e-02	1.333094e+00	5.618322e-02	5.618322e-02
7.585776e-02	8.317638e-02	1.716799e+00	6.088859e-02	6.088859e-02
8.317638e-02	9.120108e-02	1.861164e+00	6.054366e-02	6.054366e-02
9.120108e-02	1.000000e-01	2.214701e+00	6.307158e-02	6.307158e-02
1.000000e-01	1.096478e-01	2.489985e+00	6.386679e-02	6.386679e-02
1.096478e-01	1.202264e-01	2.795291e+00	6.462347e-02	6.462347e-02
1.202264e-01	1.318257e-01	3.065719e+00	6.463103e-02	6.463103e-02
1.318257e-01	1.445440e-01	3.143931e+00	6.250471e-02	6.250471e-02
1.445440e-01	1.584893e-01	3.348969e+00	6.160734e-02	6.160734e-02
1.584893e-01	1.737801e-01	3.332317e+00	5.868794e-02	5.868794e-02
1.737801e-01	1.905461e-01	3.157889e+00	5.456002e-02	5.456002e-02
1.905461e-01	2.089296e-01	2.918725e+00	5.009256e-02	5.009256e-02
2.089296e-01	2.290868e-01	2.632886e+00	4.543512e-02	4.543512e-02
2.290868e-01	2.511886e-01	2.406240e+00	4.148074e-02	4.148074e-02
2.511886e-01	2.754229e-01	2.133200e+00	3.729850e-02	3.729850e-02
2.754229e-01	3.019952e-01	1.896736e+00	3.358766e-02	3.358766e-02
3.019952e-01	3.311311e-01	1.685367e+00	3.023596e-02	3.023596e-02
3.311311e-01	3.630781e-01	1.474239e+00	2.700596e-02	2.700596e-02
3.630781e-01	3.981072e-01	1.263312e+00	2.387435e-02	2.387435e-02
3.981072e-01	4.365158e-01	1.060395e+00	2.088865e-02	2.088865e-02
4.365158e-01	4.786301e-01	8.920336e-01	1.829644e-02	1.829644e-02
4.786301e-01	5.248075e-01	7.669975e-01	1.620216e-02	1.620216e-02
5.248075e-01	5.754399e-01	6.099266e-01	1.379797e-02	1.379797e-02
5.754399e-01	6.309573e-01	4.987543e-01	1.191570e-02	1.191570e-02
6.309573e-01	6.918310e-01	3.780188e-01	9.906781e-03	9.906781e-03
6.918310e-01	7.585776e-01	2.680396e-01	7.966648e-03	7.966648e-03
7.585776e-01	8.317638e-01	1.505169e-01	5.701233e-03	5.701233e-03
8.317638e-01	9.120108e-01	3.801107e-02	2.736097e-03	2.736097e-03
9.120108e-01	1.000000e+00	6.645902e-03	1.092580e-03	1.092580e-03
# END HISTO1D

# BEGIN HISTO1D //home/frederic/Work/Software/LesHouches2017/lh2017-alphas/rivet-analysis/Rivet-gluon-as012285.yoda/MC_LHJSS_Zjet/log_theta_g_zcut_0.2_beta_2_alpha_0.5
LineColor=blue
LineStyle=solid
NormalizeToIntegral=1
Path=//home/frederic/Work/Software/LesHouches2017/lh2017-alphas/rivet-analysis/Rivet-gluon-as012285.yoda/MC_LHJSS_Zjet/log_theta_g_zcut_0.2_beta_2_alpha_0.5
ScaledBy=1.35323490804768797e-05
Title=Rivet-gluon-as012285
XLabel=
YLabel=
# xlow	 xhigh	 val	 errminus	 errplus
1.000000e-04	1.096478e-04	0.000000e+00	0.000000e+00	0.000000e+00
1.096478e-04	1.202264e-04	0.000000e+00	0.000000e+00	0.000000e+00
1.202264e-04	1.318257e-04	0.000000e+00	0.000000e+00	0.000000e+00
1.318257e-04	1.445440e-04	0.000000e+00	0.000000e+00	0.000000e+00
1.445440e-04	1.584893e-04	0.000000e+00	0.000000e+00	0.000000e+00
1.584893e-04	1.737801e-04	0.000000e+00	0.000000e+00	0.000000e+00
1.737801e-04	1.905461e-04	0.000000e+00	0.000000e+00	0.000000e+00
1.905461e-04	2.089296e-04	0.000000e+00	0.000000e+00	0.000000e+00
2.089296e-04	2.290868e-04	0.000000e+00	0.000000e+00	0.000000e+00
2.290868e-04	2.511886e-04	0.000000e+00	0.000000e+00	0.000000e+00
2.511886e-04	2.754229e-04	0.000000e+00	0.000000e+00	0.000000e+00
2.754229e-04	3.019952e-04	0.000000e+00	0.000000e+00	0.000000e+00
3.019952e-04	3.311311e-04	0.000000e+00	0.000000e+00	0.000000e+00
3.311311e-04	3.630781e-04	0.000000e+00	0.000000e+00	0.000000e+00
3.630781e-04	3.981072e-04	0.000000e+00	0.000000e+00	0.000000e+00
3.981072e-04	4.365158e-04	0.000000e+00	0.000000e+00	0.000000e+00
4.365158e-04	4.786301e-04	0.000000e+00	0.000000e+00	0.000000e+00
4.786301e-04	5.248075e-04	0.000000e+00	0.000000e+00	0.000000e+00
5.248075e-04	5.754399e-04	0.000000e+00	0.000000e+00	0.000000e+00
5.754399e-04	6.309573e-04	0.000000e+00	0.000000e+00	0.000000e+00
6.309573e-04	6.918310e-04	0.000000e+00	0.000000e+00	0.000000e+00
6.918310e-04	7.585776e-04	0.000000e+00	0.000000e+00	0.000000e+00
7.585776e-04	8.317638e-04	0.000000e+00	0.000000e+00	0.000000e+00
8.317638e-04	9.120108e-04	0.000000e+00	0.000000e+00	0.000000e+00
9.120108e-04	1.000000e-03	0.000000e+00	0.000000e+00	0.000000e+00
1.000000e-03	1.096478e-03	0.000000e+00	0.000000e+00	0.000000e+00
1.096478e-03	1.202264e-03	0.000000e+00	0.000000e+00	0.000000e+00
1.202264e-03	1.318257e-03	0.000000e+00	0.000000e+00	0.000000e+00
1.318257e-03	1.445440e-03	0.000000e+00	0.000000e+00	0.000000e+00
1.445440e-03	1.584893e-03	0.000000e+00	0.000000e+00	0.000000e+00
1.584893e-03	1.737801e-03	0.000000e+00	0.000000e+00	0.000000e+00
1.737801e-03	1.905461e-03	0.000000e+00	0.000000e+00	0.000000e+00
1.905461e-03	2.089296e-03	0.000000e+00	0.000000e+00	0.000000e+00
2.089296e-03	2.290868e-03	0.000000e+00	0.000000e+00	0.000000e+00
2.290868e-03	2.511886e-03	6.122737e-02	6.122737e-02	6.122737e-02
2.511886e-03	2.754229e-03	0.000000e+00	0.000000e+00	0.000000e+00
2.754229e-03	3.019952e-03	0.000000e+00	0.000000e+00	0.000000e+00
3.019952e-03	3.311311e-03	4.644562e-02	4.644562e-02	4.644562e-02
3.311311e-03	3.630781e-03	4.235875e-02	4.235875e-02	4.235875e-02
3.630781e-03	3.981072e-03	1.158952e-01	6.691213e-02	6.691213e-02
3.981072e-03	4.365158e-03	1.761630e-01	7.878249e-02	7.878249e-02
4.365158e-03	4.786301e-03	2.891918e-01	9.639729e-02	9.639729e-02
4.786301e-03	5.248075e-03	3.516616e-01	1.015160e-01	1.015160e-01
5.248075e-03	5.754399e-03	1.870866e-01	7.071209e-02	7.071209e-02
5.754399e-03	6.309573e-03	2.681246e-01	8.084262e-02	8.084262e-02
6.309573e-03	6.918310e-03	3.112229e-01	8.317782e-02	8.317782e-02
6.918310e-03	7.585776e-03	2.230163e-01	6.724196e-02	6.724196e-02
7.585776e-03	8.317638e-03	2.958448e-01	7.396121e-02	7.396121e-02
8.317638e-03	9.120108e-03	3.709942e-01	7.909622e-02	7.909622e-02
9.120108e-03	1.000000e-02	3.844889e-01	7.689779e-02	7.689779e-02
1.000000e-02	1.096478e-02	3.366326e-01	6.871483e-02	6.871483e-02
1.096478e-02	1.202264e-02	4.988955e-01	7.988722e-02	7.988722e-02
1.202264e-02	1.318257e-02	4.316613e-01	7.096468e-02	7.096468e-02
1.318257e-02	1.445440e-02	5.532832e-01	7.672657e-02	7.672657e-02
1.445440e-02	1.584893e-02	5.822327e-01	7.516592e-02	7.516592e-02
1.584893e-02	1.737801e-02	6.106496e-01	7.351358e-02	7.351358e-02
1.737801e-02	1.905461e-02	5.327061e-01	6.557160e-02	6.557160e-02
1.905461e-02	2.089296e-02	5.815302e-01	6.542722e-02	6.542722e-02
2.089296e-02	2.290868e-02	5.236456e-01	5.929121e-02	5.929121e-02
2.290868e-02	2.511886e-02	6.918690e-01	6.508559e-02	6.508559e-02
2.511886e-02	2.754229e-02	7.985071e-01	6.677451e-02	6.677451e-02
2.754229e-02	3.019952e-02	7.435273e-01	6.153475e-02	6.153475e-02
3.019952e-02	3.311311e-02	7.431300e-01	5.874958e-02	5.874958e-02
3.311311e-02	3.630781e-02	7.285704e-01	5.555298e-02	5.555298e-02
3.630781e-02	3.981072e-02	9.773828e-01	6.144754e-02	6.144754e-02
3.981072e-02	4.365158e-02	1.215525e+00	6.544165e-02	6.544165e-02
4.365158e-02	4.786301e-02	1.118209e+00	5.994228e-02	5.994228e-02
4.786301e-02	5.248075e-02	1.201510e+00	5.933837e-02	5.933837e-02
5.248075e-02	5.754399e-02	1.424531e+00	6.170328e-02	6.170328e-02
5.754399e-02	6.309573e-02	1.533186e+00	6.113211e-02	6.113211e-02
6.309573e-02	6.918310e-02	1.700611e+00	6.148571e-02	6.148571e-02
6.918310e-02	7.585776e-02	1.919967e+00	6.239059e-02	6.239059e-02
7.585776e-02	8.317638e-02	2.094951e+00	6.223847e-02	6.223847e-02
8.317638e-02	9.120108e-02	2.490720e+00	6.480889e-02	6.480889e-02
9.120108e-02	1.000000e-01	2.603759e+00	6.328085e-02	6.328085e-02
1.000000e-01	1.096478e-01	2.781427e+00	6.246061e-02	6.246061e-02
1.096478e-01	1.202264e-01	3.122574e+00	6.320172e-02	6.320172e-02
1.202264e-01	1.318257e-01	3.240960e+00	6.149043e-02	6.149043e-02
1.318257e-01	1.445440e-01	3.276075e+00	5.904035e-02	5.904035e-02
1.445440e-01	1.584893e-01	3.243036e+00	5.609815e-02	5.609815e-02
1.584893e-01	1.737801e-01	3.143518e+00	5.274478e-02	5.274478e-02
1.737801e-01	1.905461e-01	3.038039e+00	4.951862e-02	4.951862e-02
1.905461e-01	2.089296e-01	2.737608e+00	4.489088e-02	4.489088e-02
2.089296e-01	2.290868e-01	2.454422e+00	4.059253e-02	4.059253e-02
2.290868e-01	2.511886e-01	2.286842e+00	3.741889e-02	3.741889e-02
2.511886e-01	2.754229e-01	2.057133e+00	3.389242e-02	3.389242e-02
2.754229e-01	3.019952e-01	1.755947e+00	2.990389e-02	2.990389e-02
3.019952e-01	3.311311e-01	1.567540e+00	2.698247e-02	2.698247e-02
3.311311e-01	3.630781e-01	1.327947e+00	2.371712e-02	2.371712e-02
3.630781e-01	3.981072e-01	1.126115e+00	2.085756e-02	2.085756e-02
3.981072e-01	4.365158e-01	9.851036e-01	1.863002e-02	1.863002e-02
4.365158e-01	4.786301e-01	8.203411e-01	1.623563e-02	1.623563e-02
4.786301e-01	5.248075e-01	6.707946e-01	1.402060e-02	1.402060e-02
5.248075e-01	5.754399e-01	5.754250e-01	1.240129e-02	1.240129e-02
5.754399e-01	6.309573e-01	4.387495e-01	1.034142e-02	1.034142e-02
6.309573e-01	6.918310e-01	3.303409e-01	8.569450e-03	8.569450e-03
6.918310e-01	7.585776e-01	2.509948e-01	7.133528e-03	7.133528e-03
7.585776e-01	8.317638e-01	1.286925e-01	4.878076e-03	4.878076e-03
8.317638e-01	9.120108e-01	2.967953e-02	2.237179e-03	2.237179e-03
9.120108e-01	1.000000e+00	3.998685e-03	7.842066e-04	7.842066e-04
# END HISTO1D

# BEGIN HISTO1D //home/frederic/Work/Software/LesHouches2017/lh2017-alphas/rivet-analysis/Rivet-gluon-as015015.yoda/MC_LHJSS_Zjet/log_theta_g_zcut_0.2_beta_2_alpha_0.5
LineColor=green
LineStyle=solid
NormalizeToIntegral=1
Path=//home/frederic/Work/Software/LesHouches2017/lh2017-alphas/rivet-analysis/Rivet-gluon-as015015.yoda/MC_LHJSS_Zjet/log_theta_g_zcut_0.2_beta_2_alpha_0.5
ScaledBy=1.59015376786935292e-05
Title=Rivet-gluon-as015015
XLabel=
YLabel=
# xlow	 xhigh	 val	 errminus	 errplus
1.000000e-04	1.096478e-04	0.000000e+00	0.000000e+00	0.000000e+00
1.096478e-04	1.202264e-04	0.000000e+00	0.000000e+00	0.000000e+00
1.202264e-04	1.318257e-04	0.000000e+00	0.000000e+00	0.000000e+00
1.318257e-04	1.445440e-04	0.000000e+00	0.000000e+00	0.000000e+00
1.445440e-04	1.584893e-04	0.000000e+00	0.000000e+00	0.000000e+00
1.584893e-04	1.737801e-04	0.000000e+00	0.000000e+00	0.000000e+00
1.737801e-04	1.905461e-04	0.000000e+00	0.000000e+00	0.000000e+00
1.905461e-04	2.089296e-04	0.000000e+00	0.000000e+00	0.000000e+00
2.089296e-04	2.290868e-04	0.000000e+00	0.000000e+00	0.000000e+00
2.290868e-04	2.511886e-04	0.000000e+00	0.000000e+00	0.000000e+00
2.511886e-04	2.754229e-04	0.000000e+00	0.000000e+00	0.000000e+00
2.754229e-04	3.019952e-04	0.000000e+00	0.000000e+00	0.000000e+00
3.019952e-04	3.311311e-04	0.000000e+00	0.000000e+00	0.000000e+00
3.311311e-04	3.630781e-04	0.000000e+00	0.000000e+00	0.000000e+00
3.630781e-04	3.981072e-04	0.000000e+00	0.000000e+00	0.000000e+00
3.981072e-04	4.365158e-04	0.000000e+00	0.000000e+00	0.000000e+00
4.365158e-04	4.786301e-04	0.000000e+00	0.000000e+00	0.000000e+00
4.786301e-04	5.248075e-04	0.000000e+00	0.000000e+00	0.000000e+00
5.248075e-04	5.754399e-04	0.000000e+00	0.000000e+00	0.000000e+00
5.754399e-04	6.309573e-04	0.000000e+00	0.000000e+00	0.000000e+00
6.309573e-04	6.918310e-04	0.000000e+00	0.000000e+00	0.000000e+00
6.918310e-04	7.585776e-04	0.000000e+00	0.000000e+00	0.000000e+00
7.585776e-04	8.317638e-04	0.000000e+00	0.000000e+00	0.000000e+00
8.317638e-04	9.120108e-04	0.000000e+00	0.000000e+00	0.000000e+00
9.120108e-04	1.000000e-03	0.000000e+00	0.000000e+00	0.000000e+00
1.000000e-03	1.096478e-03	0.000000e+00	0.000000e+00	0.000000e+00
1.096478e-03	1.202264e-03	0.000000e+00	0.000000e+00	0.000000e+00
1.202264e-03	1.318257e-03	0.000000e+00	0.000000e+00	0.000000e+00
1.318257e-03	1.445440e-03	0.000000e+00	0.000000e+00	0.000000e+00
1.445440e-03	1.584893e-03	0.000000e+00	0.000000e+00	0.000000e+00
1.584893e-03	1.737801e-03	0.000000e+00	0.000000e+00	0.000000e+00
1.737801e-03	1.905461e-03	0.000000e+00	0.000000e+00	0.000000e+00
1.905461e-03	2.089296e-03	0.000000e+00	0.000000e+00	0.000000e+00
2.089296e-03	2.290868e-03	0.000000e+00	0.000000e+00	0.000000e+00
2.290868e-03	2.511886e-03	0.000000e+00	0.000000e+00	0.000000e+00
2.511886e-03	2.754229e-03	0.000000e+00	0.000000e+00	0.000000e+00
2.754229e-03	3.019952e-03	0.000000e+00	0.000000e+00	0.000000e+00
3.019952e-03	3.311311e-03	0.000000e+00	0.000000e+00	0.000000e+00
3.311311e-03	3.630781e-03	0.000000e+00	0.000000e+00	0.000000e+00
3.630781e-03	3.981072e-03	0.000000e+00	0.000000e+00	0.000000e+00
3.981072e-03	4.365158e-03	0.000000e+00	0.000000e+00	0.000000e+00
4.365158e-03	4.786301e-03	0.000000e+00	0.000000e+00	0.000000e+00
4.786301e-03	5.248075e-03	3.443576e-02	3.443576e-02	3.443576e-02
5.248075e-03	5.754399e-03	3.140586e-02	3.140585e-02	3.140585e-02
5.754399e-03	6.309573e-03	0.000000e+00	0.000000e+00	0.000000e+00
6.309573e-03	6.918310e-03	0.000000e+00	0.000000e+00	0.000000e+00
6.918310e-03	7.585776e-03	0.000000e+00	0.000000e+00	0.000000e+00
7.585776e-03	8.317638e-03	2.172751e-02	2.172751e-02	2.172751e-02
8.317638e-03	9.120108e-03	3.963149e-02	2.802369e-02	2.802369e-02
9.120108e-03	1.000000e-02	1.807215e-02	1.807215e-02	1.807215e-02
1.000000e-02	1.096478e-02	3.296407e-02	2.330912e-02	2.330912e-02
1.096478e-02	1.202264e-02	4.509539e-02	2.603584e-02	2.603584e-02
1.202264e-02	1.318257e-02	1.370905e-02	1.370905e-02	1.370905e-02
1.318257e-02	1.445440e-02	5.001152e-02	2.500576e-02	2.500576e-02
1.445440e-02	1.584893e-02	2.280559e-02	1.612599e-02	1.612599e-02
1.584893e-02	1.737801e-02	8.319532e-02	2.941399e-02	2.941399e-02
1.737801e-02	1.905461e-02	5.690638e-02	2.323193e-02	2.323193e-02
1.905461e-02	2.089296e-02	4.324948e-02	1.934176e-02	1.934176e-02
2.089296e-02	2.290868e-02	4.733258e-02	1.932344e-02	1.932344e-02
2.290868e-02	2.511886e-02	5.036278e-02	1.903533e-02	1.903533e-02
2.511886e-02	2.754229e-02	5.905423e-02	1.968475e-02	1.968475e-02
2.754229e-02	3.019952e-02	1.017323e-01	2.467371e-02	2.467371e-02
3.019952e-02	3.311311e-02	1.146120e-01	2.501038e-02	2.501038e-02
3.311311e-02	3.630781e-02	1.543017e-01	2.771341e-02	2.771341e-02
3.630781e-02	3.981072e-02	1.997390e-01	3.011178e-02	3.011178e-02
3.981072e-02	4.365158e-02	2.484059e-01	3.206906e-02	3.206906e-02
4.365158e-02	4.786301e-02	3.096160e-01	3.419137e-02	3.419137e-02
4.786301e-02	5.248075e-02	3.099217e-01	3.266863e-02	3.266863e-02
5.248075e-02	5.754399e-02	4.082761e-01	3.580818e-02	3.580818e-02
5.754399e-02	6.309573e-02	5.384778e-01	3.927253e-02	3.927253e-02
6.309573e-02	6.918310e-02	6.896256e-01	4.244352e-02	4.244352e-02
6.918310e-02	7.585776e-02	8.457429e-01	4.488737e-02	4.488737e-02
7.585776e-02	8.317638e-02	1.077684e+00	4.838946e-02	4.838946e-02
8.317638e-02	9.120108e-02	1.343507e+00	5.159708e-02	5.159708e-02
9.120108e-02	1.000000e-01	1.716854e+00	5.570210e-02	5.570210e-02
1.000000e-01	1.096478e-01	1.974548e+00	5.704785e-02	5.704785e-02
1.096478e-01	1.202264e-01	2.555405e+00	6.197769e-02	6.197769e-02
1.202264e-01	1.318257e-01	2.819951e+00	6.217625e-02	6.217625e-02
1.318257e-01	1.445440e-01	3.128221e+00	6.253940e-02	6.253940e-02
1.445440e-01	1.584893e-01	3.224710e+00	6.063885e-02	6.063885e-02
1.584893e-01	1.737801e-01	3.393329e+00	5.940424e-02	5.940424e-02
1.737801e-01	1.905461e-01	3.280653e+00	5.578082e-02	5.578082e-02
1.905461e-01	2.089296e-01	3.102718e+00	5.180559e-02	5.180559e-02
2.089296e-01	2.290868e-01	2.810766e+00	4.708871e-02	4.708871e-02
2.290868e-01	2.511886e-01	2.610949e+00	4.334160e-02	4.334160e-02
2.511886e-01	2.754229e-01	2.236844e+00	3.831088e-02	3.831088e-02
2.754229e-01	3.019952e-01	1.999938e+00	3.459499e-02	3.459499e-02
3.019952e-01	3.311311e-01	1.820147e+00	3.151800e-02	3.151800e-02
3.311311e-01	3.630781e-01	1.552972e+00	2.780266e-02	2.780266e-02
3.630781e-01	3.981072e-01	1.344606e+00	2.470601e-02	2.470601e-02
3.981072e-01	4.365158e-01	1.171234e+00	2.202050e-02	2.202050e-02
4.365158e-01	4.786301e-01	9.809540e-01	1.924550e-02	1.924550e-02
4.786301e-01	5.248075e-01	8.168162e-01	1.677131e-02	1.677131e-02
5.248075e-01	5.754399e-01	6.676885e-01	1.448079e-02	1.448079e-02
5.754399e-01	6.309573e-01	5.413422e-01	1.245205e-02	1.245205e-02
6.309573e-01	6.918310e-01	4.035878e-01	1.026771e-02	1.026771e-02
6.918310e-01	7.585776e-01	2.720672e-01	8.050874e-03	8.050874e-03
7.585776e-01	8.317638e-01	1.497025e-01	5.703213e-03	5.703213e-03
8.317638e-01	9.120108e-01	4.101858e-02	2.850989e-03	2.850989e-03
9.120108e-01	1.000000e+00	9.939681e-03	1.340266e-03	1.340266e-03
# END HISTO1D

