# BEGIN PLOT
RatioPlotYLabel=Ratio
LegendOnly=//home/frederic/Work/Software/LesHouches2017/lh2017-alphas/rivet-analysis/Rivet-gluon-as013650.yoda/MC_LHJSS_Zjet/theta_g_zcut_0.05_beta_1_alpha_2 //home/frederic/Work/Software/LesHouches2017/lh2017-alphas/rivet-analysis/Rivet-gluon-as012285.yoda/MC_LHJSS_Zjet/theta_g_zcut_0.05_beta_1_alpha_2 //home/frederic/Work/Software/LesHouches2017/lh2017-alphas/rivet-analysis/Rivet-gluon-as015015.yoda/MC_LHJSS_Zjet/theta_g_zcut_0.05_beta_1_alpha_2
XLabel=$\theta_g$
RatioPlotReference=//home/frederic/Work/Software/LesHouches2017/lh2017-alphas/rivet-analysis/Rivet-gluon-as013650.yoda/MC_LHJSS_Zjet/theta_g_zcut_0.05_beta_1_alpha_2
YLabel=$1/\sigma \text{d}\sigma/\text{d}\theta_g$
DrawOnly=//home/frederic/Work/Software/LesHouches2017/lh2017-alphas/rivet-analysis/Rivet-gluon-as013650.yoda/MC_LHJSS_Zjet/theta_g_zcut_0.05_beta_1_alpha_2 //home/frederic/Work/Software/LesHouches2017/lh2017-alphas/rivet-analysis/Rivet-gluon-as012285.yoda/MC_LHJSS_Zjet/theta_g_zcut_0.05_beta_1_alpha_2 //home/frederic/Work/Software/LesHouches2017/lh2017-alphas/rivet-analysis/Rivet-gluon-as015015.yoda/MC_LHJSS_Zjet/theta_g_zcut_0.05_beta_1_alpha_2
RatioPlot=1
Title=$\theta_g$, $\alpha$ = 2 $z_{cut}$ = 0.05 $\beta$ = 1
Legend=1
LogY=0
# END PLOT

# BEGIN HISTO1D //home/frederic/Work/Software/LesHouches2017/lh2017-alphas/rivet-analysis/Rivet-gluon-as013650.yoda/MC_LHJSS_Zjet/theta_g_zcut_0.05_beta_1_alpha_2
LineColor=red
LineStyle=solid
NormalizeToIntegral=1
Path=//home/frederic/Work/Software/LesHouches2017/lh2017-alphas/rivet-analysis/Rivet-gluon-as013650.yoda/MC_LHJSS_Zjet/theta_g_zcut_0.05_beta_1_alpha_2
ScaledBy=1.58045295781771040e-05
Title=Rivet-gluon-as013650
XLabel=
YLabel=
# xlow	 xhigh	 val	 errminus	 errplus
0.000000e+00	1.000000e-02	8.376401e-02	1.150587e-02	1.150587e-02
1.000000e-02	2.000000e-02	1.248558e-01	1.404737e-02	1.404737e-02
2.000000e-02	3.000000e-02	2.449702e-01	1.967648e-02	1.967648e-02
3.000000e-02	4.000000e-02	3.966937e-01	2.503908e-02	2.503908e-02
4.000000e-02	5.000000e-02	5.578999e-01	2.969401e-02	2.969401e-02
5.000000e-02	6.000000e-02	8.012896e-01	3.558653e-02	3.558653e-02
6.000000e-02	7.000000e-02	9.956854e-01	3.966906e-02	3.966906e-02
7.000000e-02	8.000000e-02	1.314937e+00	4.558724e-02	4.558724e-02
8.000000e-02	9.000000e-02	1.499850e+00	4.868719e-02	4.868719e-02
9.000000e-02	1.000000e-01	1.732176e+00	5.232230e-02	5.232230e-02
1.000000e-01	1.100000e-01	1.825423e+00	5.371215e-02	5.371215e-02
1.100000e-01	1.200000e-01	1.973986e+00	5.585510e-02	5.585510e-02
1.200000e-01	1.300000e-01	2.030882e+00	5.665434e-02	5.665434e-02
1.300000e-01	1.400000e-01	2.021399e+00	5.652192e-02	5.652192e-02
1.400000e-01	1.500000e-01	2.269530e+00	5.989062e-02	5.989062e-02
1.500000e-01	1.600000e-01	2.193669e+00	5.888115e-02	5.888115e-02
1.600000e-01	1.700000e-01	2.345392e+00	6.088335e-02	6.088335e-02
1.700000e-01	1.800000e-01	2.169962e+00	5.856213e-02	5.856213e-02
1.800000e-01	1.900000e-01	2.143094e+00	5.819845e-02	5.819845e-02
1.900000e-01	2.000000e-01	2.100422e+00	5.761613e-02	5.761613e-02
2.000000e-01	2.100000e-01	2.067232e+00	5.715911e-02	5.715911e-02
2.100000e-01	2.200000e-01	2.011917e+00	5.638918e-02	5.638918e-02
2.200000e-01	2.300000e-01	1.896544e+00	5.474850e-02	5.474850e-02
2.300000e-01	2.400000e-01	1.975566e+00	5.587745e-02	5.587745e-02
2.400000e-01	2.500000e-01	1.850710e+00	5.408291e-02	5.408291e-02
2.500000e-01	2.600000e-01	1.875998e+00	5.445113e-02	5.445113e-02
2.600000e-01	2.700000e-01	1.827004e+00	5.373540e-02	5.373540e-02
2.700000e-01	2.800000e-01	1.757464e+00	5.270284e-02	5.270284e-02
2.800000e-01	2.900000e-01	1.768527e+00	5.286846e-02	5.286846e-02
2.900000e-01	3.000000e-01	1.642091e+00	5.094357e-02	5.094357e-02
3.000000e-01	3.100000e-01	1.689504e+00	5.167380e-02	5.167380e-02
3.100000e-01	3.200000e-01	1.604160e+00	5.035175e-02	5.035175e-02
3.200000e-01	3.300000e-01	1.583614e+00	5.002826e-02	5.002826e-02
3.300000e-01	3.400000e-01	1.570970e+00	4.982815e-02	4.982815e-02
3.400000e-01	3.500000e-01	1.476143e+00	4.830088e-02	4.830088e-02
3.500000e-01	3.600000e-01	1.409764e+00	4.720239e-02	4.720239e-02
3.600000e-01	3.700000e-01	1.447695e+00	4.783319e-02	4.783319e-02
3.700000e-01	3.800000e-01	1.379735e+00	4.669697e-02	4.669697e-02
3.800000e-01	3.900000e-01	1.329161e+00	4.583313e-02	4.583313e-02
3.900000e-01	4.000000e-01	1.348126e+00	4.615896e-02	4.615896e-02
4.000000e-01	4.100000e-01	1.267523e+00	4.475780e-02	4.475780e-02
4.100000e-01	4.200000e-01	1.258041e+00	4.459007e-02	4.459007e-02
4.200000e-01	4.300000e-01	1.256460e+00	4.456205e-02	4.456205e-02
4.300000e-01	4.400000e-01	1.295971e+00	4.525729e-02	4.525729e-02
4.400000e-01	4.500000e-01	1.166374e+00	4.293483e-02	4.293483e-02
4.500000e-01	4.600000e-01	1.262782e+00	4.467401e-02	4.467401e-02
4.600000e-01	4.700000e-01	1.193242e+00	4.342652e-02	4.342652e-02
4.700000e-01	4.800000e-01	1.180598e+00	4.319583e-02	4.319583e-02
4.800000e-01	4.900000e-01	1.139507e+00	4.243745e-02	4.243745e-02
4.900000e-01	5.000000e-01	1.071547e+00	4.115252e-02	4.115252e-02
5.000000e-01	5.100000e-01	1.114219e+00	4.196392e-02	4.196392e-02
5.100000e-01	5.200000e-01	1.055743e+00	4.084790e-02	4.084790e-02
5.200000e-01	5.300000e-01	1.114219e+00	4.196392e-02	4.196392e-02
5.300000e-01	5.400000e-01	1.002007e+00	3.979479e-02	3.979479e-02
5.400000e-01	5.500000e-01	9.941049e-01	3.963756e-02	3.963756e-02
5.500000e-01	5.600000e-01	9.909440e-01	3.957449e-02	3.957449e-02
5.600000e-01	5.700000e-01	9.482718e-01	3.871303e-02	3.871303e-02
5.700000e-01	5.800000e-01	9.514327e-01	3.877751e-02	3.877751e-02
5.800000e-01	5.900000e-01	9.498522e-01	3.874528e-02	3.874528e-02
5.900000e-01	6.000000e-01	8.787318e-01	3.726653e-02	3.726653e-02
6.000000e-01	6.100000e-01	8.882146e-01	3.746707e-02	3.746707e-02
6.100000e-01	6.200000e-01	9.055995e-01	3.783196e-02	3.783196e-02
6.200000e-01	6.300000e-01	7.601979e-01	3.466204e-02	3.466204e-02
6.300000e-01	6.400000e-01	7.886460e-01	3.530465e-02	3.530465e-02
6.400000e-01	6.500000e-01	8.724100e-01	3.713224e-02	3.713224e-02
6.500000e-01	6.600000e-01	7.918069e-01	3.537533e-02	3.537533e-02
6.600000e-01	6.700000e-01	7.475542e-01	3.437258e-02	3.437258e-02
6.700000e-01	6.800000e-01	7.760024e-01	3.502049e-02	3.502049e-02
6.800000e-01	6.900000e-01	7.712610e-01	3.491335e-02	3.491335e-02
6.900000e-01	7.000000e-01	6.764339e-01	3.269667e-02	3.269667e-02
7.000000e-01	7.100000e-01	6.827557e-01	3.284909e-02	3.284909e-02
7.100000e-01	7.200000e-01	6.306007e-01	3.156952e-02	3.156952e-02
7.200000e-01	7.300000e-01	6.258594e-01	3.145062e-02	3.145062e-02
7.300000e-01	7.400000e-01	6.622098e-01	3.235106e-02	3.235106e-02
7.400000e-01	7.500000e-01	6.147962e-01	3.117141e-02	3.117141e-02
7.500000e-01	7.600000e-01	5.626413e-01	2.981993e-02	2.981993e-02
7.600000e-01	7.700000e-01	5.373540e-01	2.914211e-02	2.914211e-02
7.700000e-01	7.800000e-01	4.693945e-01	2.723703e-02	2.723703e-02
7.800000e-01	7.900000e-01	5.515781e-01	2.952530e-02	2.952530e-02
7.900000e-01	8.000000e-01	4.267223e-01	2.596949e-02	2.596949e-02
8.000000e-01	8.100000e-01	3.461192e-01	2.338857e-02	2.338857e-02
8.100000e-01	8.200000e-01	2.955447e-01	2.161237e-02	2.161237e-02
8.200000e-01	8.300000e-01	2.133611e-01	1.836321e-02	1.836321e-02
8.300000e-01	8.400000e-01	1.801716e-01	1.687462e-02	1.687462e-02
8.400000e-01	8.500000e-01	1.785912e-01	1.680045e-02	1.680045e-02
8.500000e-01	8.600000e-01	1.169535e-01	1.359557e-02	1.359557e-02
8.600000e-01	8.700000e-01	9.482718e-02	1.224214e-02	1.224214e-02
8.700000e-01	8.800000e-01	9.324672e-02	1.213969e-02	1.213969e-02
8.800000e-01	8.900000e-01	6.637902e-02	1.024250e-02	1.024250e-02
8.900000e-01	9.000000e-01	4.425268e-02	8.362971e-03	8.362971e-03
9.000000e-01	9.100000e-01	3.793087e-02	7.742607e-03	7.742607e-03
9.100000e-01	9.200000e-01	2.686770e-02	6.516375e-03	6.516375e-03
9.200000e-01	9.300000e-01	3.951132e-02	7.902265e-03	7.902265e-03
9.300000e-01	9.400000e-01	1.264362e-02	4.470196e-03	4.470196e-03
9.400000e-01	9.500000e-01	2.054589e-02	5.698404e-03	5.698404e-03
9.500000e-01	9.600000e-01	9.482718e-03	3.871303e-03	3.871303e-03
9.600000e-01	9.700000e-01	1.264362e-02	4.470196e-03	4.470196e-03
9.700000e-01	9.800000e-01	1.106317e-02	4.181485e-03	4.181485e-03
9.800000e-01	9.900000e-01	4.741359e-03	2.737425e-03	2.737425e-03
9.900000e-01	1.000000e+00	0.000000e+00	0.000000e+00	0.000000e+00
# END HISTO1D

# BEGIN HISTO1D //home/frederic/Work/Software/LesHouches2017/lh2017-alphas/rivet-analysis/Rivet-gluon-as012285.yoda/MC_LHJSS_Zjet/theta_g_zcut_0.05_beta_1_alpha_2
LineColor=blue
LineStyle=solid
NormalizeToIntegral=1
Path=//home/frederic/Work/Software/LesHouches2017/lh2017-alphas/rivet-analysis/Rivet-gluon-as012285.yoda/MC_LHJSS_Zjet/theta_g_zcut_0.05_beta_1_alpha_2
ScaledBy=1.35323490804768797e-05
Title=Rivet-gluon-as012285
XLabel=
YLabel=
# xlow	 xhigh	 val	 errminus	 errplus
0.000000e+00	1.000000e-02	3.058311e-01	2.034358e-02	2.034358e-02
1.000000e-02	2.000000e-02	4.438610e-01	2.450813e-02	2.450813e-02
2.000000e-02	3.000000e-02	6.157219e-01	2.886549e-02	2.886549e-02
3.000000e-02	4.000000e-02	7.672842e-01	3.222291e-02	3.222291e-02
4.000000e-02	5.000000e-02	1.059583e+00	3.786641e-02	3.786641e-02
5.000000e-02	6.000000e-02	1.234150e+00	4.086680e-02	4.086680e-02
6.000000e-02	7.000000e-02	1.473673e+00	4.465675e-02	4.465675e-02
7.000000e-02	8.000000e-02	1.652300e+00	4.728583e-02	4.728583e-02
8.000000e-02	9.000000e-02	1.975723e+00	5.170703e-02	5.170703e-02
9.000000e-02	1.000000e-01	2.024439e+00	5.234063e-02	5.234063e-02
1.000000e-01	1.100000e-01	2.098867e+00	5.329410e-02	5.329410e-02
1.100000e-01	1.200000e-01	2.269375e+00	5.541658e-02	5.541658e-02
1.200000e-01	1.300000e-01	2.297793e+00	5.576248e-02	5.576248e-02
1.300000e-01	1.400000e-01	2.365455e+00	5.657752e-02	5.657752e-02
1.400000e-01	1.500000e-01	2.242310e+00	5.508513e-02	5.508513e-02
1.500000e-01	1.600000e-01	2.199007e+00	5.455065e-02	5.455065e-02
1.600000e-01	1.700000e-01	2.226071e+00	5.488532e-02	5.488532e-02
1.700000e-01	1.800000e-01	2.159763e+00	5.406170e-02	5.406170e-02
1.800000e-01	1.900000e-01	2.185474e+00	5.438253e-02	5.438253e-02
1.900000e-01	2.000000e-01	2.033912e+00	5.246295e-02	5.246295e-02
2.000000e-01	2.100000e-01	1.989255e+00	5.188381e-02	5.188381e-02
2.100000e-01	2.200000e-01	1.978429e+00	5.174244e-02	5.174244e-02
2.200000e-01	2.300000e-01	1.958131e+00	5.147631e-02	5.147631e-02
2.300000e-01	2.400000e-01	1.916181e+00	5.092193e-02	5.092193e-02
2.400000e-01	2.500000e-01	1.843106e+00	4.994152e-02	4.994152e-02
2.500000e-01	2.600000e-01	1.816041e+00	4.957348e-02	4.957348e-02
2.600000e-01	2.700000e-01	1.782210e+00	4.910956e-02	4.910956e-02
2.700000e-01	2.800000e-01	1.690190e+00	4.782494e-02	4.782494e-02
2.800000e-01	2.900000e-01	1.560280e+00	4.595024e-02	4.595024e-02
2.900000e-01	3.000000e-01	1.530509e+00	4.550976e-02	4.550976e-02
3.000000e-01	3.100000e-01	1.652300e+00	4.728583e-02	4.728583e-02
3.100000e-01	3.200000e-01	1.508857e+00	4.518670e-02	4.518670e-02
3.200000e-01	3.300000e-01	1.521036e+00	4.536870e-02	4.536870e-02
3.300000e-01	3.400000e-01	1.431723e+00	4.401655e-02	4.401655e-02
3.400000e-01	3.500000e-01	1.332936e+00	4.247088e-02	4.247088e-02
3.500000e-01	3.600000e-01	1.424956e+00	4.391242e-02	4.391242e-02
3.600000e-01	3.700000e-01	1.292339e+00	4.181912e-02	4.181912e-02
3.700000e-01	3.800000e-01	1.328877e+00	4.240616e-02	4.240616e-02
3.800000e-01	3.900000e-01	1.246329e+00	4.106794e-02	4.106794e-02
3.900000e-01	4.000000e-01	1.254449e+00	4.120150e-02	4.120150e-02
4.000000e-01	4.100000e-01	1.273394e+00	4.151146e-02	4.151146e-02
4.100000e-01	4.200000e-01	1.185434e+00	4.005209e-02	4.005209e-02
4.200000e-01	4.300000e-01	1.184081e+00	4.002923e-02	4.002923e-02
4.300000e-01	4.400000e-01	1.112359e+00	3.879798e-02	3.879798e-02
4.400000e-01	4.500000e-01	1.093414e+00	3.846617e-02	3.846617e-02
4.500000e-01	4.600000e-01	1.150250e+00	3.945324e-02	3.945324e-02
4.600000e-01	4.700000e-01	1.071762e+00	3.808341e-02	3.808341e-02
4.700000e-01	4.800000e-01	1.077175e+00	3.817946e-02	3.817946e-02
4.800000e-01	4.900000e-01	1.023046e+00	3.720781e-02	3.720781e-02
4.900000e-01	5.000000e-01	1.032518e+00	3.737967e-02	3.737967e-02
5.000000e-01	5.100000e-01	9.445580e-01	3.575205e-02	3.575205e-02
5.100000e-01	5.200000e-01	9.621500e-01	3.608344e-02	3.608344e-02
5.200000e-01	5.300000e-01	9.120803e-01	3.513202e-02	3.513202e-02
5.300000e-01	5.400000e-01	9.675630e-01	3.618480e-02	3.618480e-02
5.400000e-01	5.500000e-01	8.958415e-01	3.481787e-02	3.481787e-02
5.500000e-01	5.600000e-01	9.201997e-01	3.528804e-02	3.528804e-02
5.600000e-01	5.700000e-01	9.350853e-01	3.557232e-02	3.557232e-02
5.700000e-01	5.800000e-01	9.093739e-01	3.507985e-02	3.507985e-02
5.800000e-01	5.900000e-01	8.146474e-01	3.320255e-02	3.320255e-02
5.900000e-01	6.000000e-01	8.132942e-01	3.317496e-02	3.317496e-02
6.000000e-01	6.100000e-01	7.943489e-01	3.278629e-02	3.278629e-02
6.100000e-01	6.200000e-01	7.659310e-01	3.219449e-02	3.219449e-02
6.200000e-01	6.300000e-01	7.469857e-01	3.179382e-02	3.179382e-02
6.300000e-01	6.400000e-01	7.063886e-01	3.091779e-02	3.091779e-02
6.400000e-01	6.500000e-01	7.523986e-01	3.190881e-02	3.190881e-02
6.500000e-01	6.600000e-01	7.293936e-01	3.141721e-02	3.141721e-02
6.600000e-01	6.700000e-01	6.806772e-01	3.034989e-02	3.034989e-02
6.700000e-01	6.800000e-01	6.671448e-01	3.004669e-02	3.004669e-02
6.800000e-01	6.900000e-01	6.468463e-01	2.958606e-02	2.958606e-02
6.900000e-01	7.000000e-01	6.441398e-01	2.952410e-02	2.952410e-02
7.000000e-01	7.100000e-01	6.454931e-01	2.955510e-02	2.955510e-02
7.100000e-01	7.200000e-01	6.441398e-01	2.952410e-02	2.952410e-02
7.200000e-01	7.300000e-01	6.089557e-01	2.870645e-02	2.870645e-02
7.300000e-01	7.400000e-01	5.981298e-01	2.845014e-02	2.845014e-02
7.400000e-01	7.500000e-01	5.331746e-01	2.686095e-02	2.686095e-02
7.500000e-01	7.600000e-01	5.155825e-01	2.641409e-02	2.641409e-02
7.600000e-01	7.700000e-01	4.871646e-01	2.567583e-02	2.567583e-02
7.700000e-01	7.800000e-01	4.939307e-01	2.585352e-02	2.585352e-02
7.800000e-01	7.900000e-01	4.113834e-01	2.359446e-02	2.359446e-02
7.900000e-01	8.000000e-01	3.829655e-01	2.276494e-02	2.276494e-02
8.000000e-01	8.100000e-01	3.464281e-01	2.165176e-02	2.165176e-02
8.100000e-01	8.200000e-01	2.584679e-01	1.870208e-02	1.870208e-02
8.200000e-01	8.300000e-01	1.867464e-01	1.589691e-02	1.589691e-02
8.300000e-01	8.400000e-01	1.434429e-01	1.393240e-02	1.393240e-02
8.400000e-01	8.500000e-01	1.190847e-01	1.269447e-02	1.269447e-02
8.500000e-01	8.600000e-01	1.041991e-01	1.187459e-02	1.187459e-02
8.600000e-01	8.700000e-01	9.337321e-02	1.124081e-02	1.124081e-02
8.700000e-01	8.800000e-01	7.578115e-02	1.012668e-02	1.012668e-02
8.800000e-01	8.900000e-01	5.277616e-02	8.450949e-03	8.450949e-03
8.900000e-01	9.000000e-01	3.247764e-02	6.629470e-03	6.629470e-03
9.000000e-01	9.100000e-01	2.977117e-02	6.347234e-03	6.347234e-03
9.100000e-01	9.200000e-01	3.112440e-02	6.489887e-03	6.489887e-03
9.200000e-01	9.300000e-01	2.029852e-02	5.241056e-03	5.241056e-03
9.300000e-01	9.400000e-01	1.353235e-02	4.279305e-03	4.279305e-03
9.400000e-01	9.500000e-01	1.082588e-02	3.827527e-03	3.827527e-03
9.500000e-01	9.600000e-01	1.082588e-02	3.827527e-03	3.827527e-03
9.600000e-01	9.700000e-01	5.412940e-03	2.706470e-03	2.706470e-03
9.700000e-01	9.800000e-01	1.082588e-02	3.827527e-03	3.827527e-03
9.800000e-01	9.900000e-01	6.766175e-03	3.025925e-03	3.025925e-03
9.900000e-01	1.000000e+00	5.412940e-03	2.706470e-03	2.706470e-03
# END HISTO1D

# BEGIN HISTO1D //home/frederic/Work/Software/LesHouches2017/lh2017-alphas/rivet-analysis/Rivet-gluon-as015015.yoda/MC_LHJSS_Zjet/theta_g_zcut_0.05_beta_1_alpha_2
LineColor=green
LineStyle=solid
NormalizeToIntegral=1
Path=//home/frederic/Work/Software/LesHouches2017/lh2017-alphas/rivet-analysis/Rivet-gluon-as015015.yoda/MC_LHJSS_Zjet/theta_g_zcut_0.05_beta_1_alpha_2
ScaledBy=1.59015376786935292e-05
Title=Rivet-gluon-as015015
XLabel=
YLabel=
# xlow	 xhigh	 val	 errminus	 errplus
0.000000e+00	1.000000e-02	2.385231e-02	6.158639e-03	6.158639e-03
1.000000e-02	2.000000e-02	3.657354e-02	7.626110e-03	7.626110e-03
2.000000e-02	3.000000e-02	6.519630e-02	1.018195e-02	1.018195e-02
3.000000e-02	4.000000e-02	1.733268e-01	1.660169e-02	1.660169e-02
4.000000e-02	5.000000e-02	2.814572e-01	2.115562e-02	2.115562e-02
5.000000e-02	6.000000e-02	4.245711e-01	2.598333e-02	2.598333e-02
6.000000e-02	7.000000e-02	6.153895e-01	3.128201e-02	3.128201e-02
7.000000e-02	8.000000e-02	8.411913e-01	3.657354e-02	3.657354e-02
8.000000e-02	9.000000e-02	1.081305e+00	4.146614e-02	4.146614e-02
9.000000e-02	1.000000e-01	1.295975e+00	4.539604e-02	4.539604e-02
1.000000e-01	1.100000e-01	1.491564e+00	4.870129e-02	4.870129e-02
1.100000e-01	1.200000e-01	1.806415e+00	5.359549e-02	5.359549e-02
1.200000e-01	1.300000e-01	1.825497e+00	5.387782e-02	5.387782e-02
1.300000e-01	1.400000e-01	1.967020e+00	5.592732e-02	5.592732e-02
1.400000e-01	1.500000e-01	1.932037e+00	5.542775e-02	5.542775e-02
1.500000e-01	1.600000e-01	2.114905e+00	5.799158e-02	5.799158e-02
1.600000e-01	1.700000e-01	2.175330e+00	5.881420e-02	5.881420e-02
1.700000e-01	1.800000e-01	2.168970e+00	5.872814e-02	5.872814e-02
1.800000e-01	1.900000e-01	2.173740e+00	5.879270e-02	5.879270e-02
1.900000e-01	2.000000e-01	2.140347e+00	5.833936e-02	5.833936e-02
2.000000e-01	2.100000e-01	2.126036e+00	5.814399e-02	5.814399e-02
2.100000e-01	2.200000e-01	2.052889e+00	5.713500e-02	5.713500e-02
2.200000e-01	2.300000e-01	1.970201e+00	5.597251e-02	5.597251e-02
2.300000e-01	2.400000e-01	2.102183e+00	5.781691e-02	5.781691e-02
2.400000e-01	2.500000e-01	1.901824e+00	5.499265e-02	5.499265e-02
2.500000e-01	2.600000e-01	1.792103e+00	5.338277e-02	5.338277e-02
2.600000e-01	2.700000e-01	1.881152e+00	5.469297e-02	5.469297e-02
2.700000e-01	2.800000e-01	1.779382e+00	5.319296e-02	5.319296e-02
2.800000e-01	2.900000e-01	1.809595e+00	5.364265e-02	5.364265e-02
2.900000e-01	3.000000e-01	1.701465e+00	5.201529e-02	5.201529e-02
3.000000e-01	3.100000e-01	1.671252e+00	5.155140e-02	5.155140e-02
3.100000e-01	3.200000e-01	1.760300e+00	5.290697e-02	5.290697e-02
3.200000e-01	3.300000e-01	1.706235e+00	5.208816e-02	5.208816e-02
3.300000e-01	3.400000e-01	1.598105e+00	5.041063e-02	5.041063e-02
3.400000e-01	3.500000e-01	1.556761e+00	4.975429e-02	4.975429e-02
3.500000e-01	3.600000e-01	1.524957e+00	4.924345e-02	4.924345e-02
3.600000e-01	3.700000e-01	1.617186e+00	5.071070e-02	5.071070e-02
3.700000e-01	3.800000e-01	1.496335e+00	4.877911e-02	4.877911e-02
3.800000e-01	3.900000e-01	1.448630e+00	4.799526e-02	4.799526e-02
3.900000e-01	4.000000e-01	1.399335e+00	4.717158e-02	4.717158e-02
4.000000e-01	4.100000e-01	1.369122e+00	4.665956e-02	4.665956e-02
4.100000e-01	4.200000e-01	1.421597e+00	4.754534e-02	4.754534e-02
4.200000e-01	4.300000e-01	1.459761e+00	4.817930e-02	4.817930e-02
4.300000e-01	4.400000e-01	1.327778e+00	4.594967e-02	4.594967e-02
4.400000e-01	4.500000e-01	1.219648e+00	4.403894e-02	4.403894e-02
4.500000e-01	4.600000e-01	1.346860e+00	4.627867e-02	4.627867e-02
4.600000e-01	4.700000e-01	1.299156e+00	4.545170e-02	4.545170e-02
4.700000e-01	4.800000e-01	1.323008e+00	4.586705e-02	4.586705e-02
4.800000e-01	4.900000e-01	1.245090e+00	4.449590e-02	4.449590e-02
4.900000e-01	5.000000e-01	1.187845e+00	4.346097e-02	4.346097e-02
5.000000e-01	5.100000e-01	1.163993e+00	4.302240e-02	4.302240e-02
5.100000e-01	5.200000e-01	1.230779e+00	4.423944e-02	4.423944e-02
5.200000e-01	5.300000e-01	1.114698e+00	4.210156e-02	4.210156e-02
5.300000e-01	5.400000e-01	1.108337e+00	4.198127e-02	4.198127e-02
5.400000e-01	5.500000e-01	1.105157e+00	4.192099e-02	4.192099e-02
5.500000e-01	5.600000e-01	1.059042e+00	4.103706e-02	4.103706e-02
5.600000e-01	5.700000e-01	1.063813e+00	4.112938e-02	4.112938e-02
5.700000e-01	5.800000e-01	1.011338e+00	4.010216e-02	4.010216e-02
5.800000e-01	5.900000e-01	1.012928e+00	4.013366e-02	4.013366e-02
5.900000e-01	6.000000e-01	9.477316e-01	3.882060e-02	3.882060e-02
6.000000e-01	6.100000e-01	9.350104e-01	3.855918e-02	3.855918e-02
6.100000e-01	6.200000e-01	9.540923e-01	3.895065e-02	3.895065e-02
6.200000e-01	6.300000e-01	9.413710e-01	3.869012e-02	3.869012e-02
6.300000e-01	6.400000e-01	8.952566e-01	3.773057e-02	3.773057e-02
6.400000e-01	6.500000e-01	8.618633e-01	3.702020e-02	3.702020e-02
6.500000e-01	6.600000e-01	7.950769e-01	3.555693e-02	3.555693e-02
6.600000e-01	6.700000e-01	7.759950e-01	3.512764e-02	3.512764e-02
6.700000e-01	6.800000e-01	7.712246e-01	3.501951e-02	3.501951e-02
6.800000e-01	6.900000e-01	7.489624e-01	3.451036e-02	3.451036e-02
6.900000e-01	7.000000e-01	7.171593e-01	3.376972e-02	3.376972e-02
7.000000e-01	7.100000e-01	6.678646e-01	3.258845e-02	3.258845e-02
7.100000e-01	7.200000e-01	6.805858e-01	3.289736e-02	3.289736e-02
7.200000e-01	7.300000e-01	6.646843e-01	3.251077e-02	3.251077e-02
7.300000e-01	7.400000e-01	6.312910e-01	3.168359e-02	3.168359e-02
7.400000e-01	7.500000e-01	6.026683e-01	3.095699e-02	3.095699e-02
7.500000e-01	7.600000e-01	5.724554e-01	3.017105e-02	3.017105e-02
7.600000e-01	7.700000e-01	5.470129e-01	2.949296e-02	2.949296e-02
7.700000e-01	7.800000e-01	5.279311e-01	2.897398e-02	2.897398e-02
7.800000e-01	7.900000e-01	4.786363e-01	2.758814e-02	2.758814e-02
7.900000e-01	8.000000e-01	4.372923e-01	2.636972e-02	2.636972e-02
8.000000e-01	8.100000e-01	4.690954e-01	2.731179e-02	2.731179e-02
8.100000e-01	8.200000e-01	3.561944e-01	2.379924e-02	2.379924e-02
8.200000e-01	8.300000e-01	2.576049e-01	2.023935e-02	2.023935e-02
8.300000e-01	8.400000e-01	2.194412e-01	1.868008e-02	1.868008e-02
8.400000e-01	8.500000e-01	1.796874e-01	1.690357e-02	1.690357e-02
8.500000e-01	8.600000e-01	1.383434e-01	1.483197e-02	1.483197e-02
8.600000e-01	8.700000e-01	1.001797e-01	1.262145e-02	1.262145e-02
8.700000e-01	8.800000e-01	9.222892e-02	1.211025e-02	1.211025e-02
8.800000e-01	8.900000e-01	6.678646e-02	1.030537e-02	1.030537e-02
8.900000e-01	9.000000e-01	7.473723e-02	1.090155e-02	1.090155e-02
9.000000e-01	9.100000e-01	3.975384e-02	7.950769e-03	7.950769e-03
9.100000e-01	9.200000e-01	6.837661e-02	1.042733e-02	1.042733e-02
9.200000e-01	9.300000e-01	3.339323e-02	7.287000e-03	7.287000e-03
9.300000e-01	9.400000e-01	2.862277e-02	6.746451e-03	6.746451e-03
9.400000e-01	9.500000e-01	2.862277e-02	6.746451e-03	6.746451e-03
9.500000e-01	9.600000e-01	1.272123e-02	4.497634e-03	4.497634e-03
9.600000e-01	9.700000e-01	1.113108e-02	4.207151e-03	4.207151e-03
9.700000e-01	9.800000e-01	1.749169e-02	5.273943e-03	5.273943e-03
9.800000e-01	9.900000e-01	7.950769e-03	3.555693e-03	3.555693e-03
9.900000e-01	1.000000e+00	6.360615e-03	3.180308e-03	3.180308e-03
# END HISTO1D

