# BEGIN PLOT
RatioPlotYLabel=Ratio
LegendOnly=//home/frederic/Work/Software/LesHouches2017/lh2017-alphas/rivet-analysis/gluon-as013650-truth.yoda/MC_LHJSS_Zjet/Angularity_zcut_0.05_beta_1_alpha_2 //home/frederic/Work/Software/LesHouches2017/lh2017-alphas/rivet-analysis/gluon-as012285-truth.yoda/MC_LHJSS_Zjet/Angularity_zcut_0.05_beta_1_alpha_2 //home/frederic/Work/Software/LesHouches2017/lh2017-alphas/rivet-analysis/gluon-as015015-truth.yoda/MC_LHJSS_Zjet/Angularity_zcut_0.05_beta_1_alpha_2
XLabel=$e_\alpha$
RatioPlotReference=//home/frederic/Work/Software/LesHouches2017/lh2017-alphas/rivet-analysis/gluon-as013650-truth.yoda/MC_LHJSS_Zjet/Angularity_zcut_0.05_beta_1_alpha_2
YLabel=$1/\sigma \text{d}\sigma/\text{d}e_{\alpha}$
DrawOnly=//home/frederic/Work/Software/LesHouches2017/lh2017-alphas/rivet-analysis/gluon-as013650-truth.yoda/MC_LHJSS_Zjet/Angularity_zcut_0.05_beta_1_alpha_2 //home/frederic/Work/Software/LesHouches2017/lh2017-alphas/rivet-analysis/gluon-as012285-truth.yoda/MC_LHJSS_Zjet/Angularity_zcut_0.05_beta_1_alpha_2 //home/frederic/Work/Software/LesHouches2017/lh2017-alphas/rivet-analysis/gluon-as015015-truth.yoda/MC_LHJSS_Zjet/Angularity_zcut_0.05_beta_1_alpha_2
RatioPlot=1
Title=Angularity, $\alpha$ = 2 $z_{cut}$ = 0.05 $\beta$ = 1
Legend=1
LogY=0
# END PLOT

# BEGIN HISTO1D //home/frederic/Work/Software/LesHouches2017/lh2017-alphas/rivet-analysis/gluon-as013650-truth.yoda/MC_LHJSS_Zjet/Angularity_zcut_0.05_beta_1_alpha_2
LineColor=red
LineStyle=solid
NormalizeToSum=1
Path=//home/frederic/Work/Software/LesHouches2017/lh2017-alphas/rivet-analysis/gluon-as013650-truth.yoda/MC_LHJSS_Zjet/Angularity_zcut_0.05_beta_1_alpha_2
ScaledBy=6.97593303104290135e-05
Title=gluon-as013650-truth
XLabel=
YLabel=
# xlow	 xhigh	 val	 errminus	 errplus
0.000000e+00	1.000000e-02	3.109871e+01	4.657709e-01	4.657709e-01
1.000000e-02	2.000000e-02	1.319149e+01	3.033528e-01	3.033528e-01
2.000000e-02	3.000000e-02	8.657133e+00	2.457470e-01	2.457470e-01
3.000000e-02	4.000000e-02	6.703872e+00	2.162539e-01	2.162539e-01
4.000000e-02	5.000000e-02	5.427276e+00	1.945773e-01	1.945773e-01
5.000000e-02	6.000000e-02	4.297175e+00	1.731381e-01	1.731381e-01
6.000000e-02	7.000000e-02	3.871643e+00	1.643421e-01	1.643421e-01
7.000000e-02	8.000000e-02	3.174050e+00	1.488017e-01	1.488017e-01
8.000000e-02	9.000000e-02	2.699686e+00	1.372328e-01	1.372328e-01
9.000000e-02	1.000000e-01	2.099756e+00	1.210279e-01	1.210279e-01
1.000000e-01	1.100000e-01	2.127660e+00	1.218294e-01	1.218294e-01
1.100000e-01	1.200000e-01	1.660272e+00	1.076195e-01	1.076195e-01
1.200000e-01	1.300000e-01	1.576561e+00	1.048713e-01	1.048713e-01
1.300000e-01	1.400000e-01	1.241716e+00	9.307055e-02	9.307055e-02
1.400000e-01	1.500000e-01	1.178933e+00	9.068713e-02	9.068713e-02
1.500000e-01	1.600000e-01	1.116149e+00	8.823935e-02	8.823935e-02
1.600000e-01	1.700000e-01	7.952564e-01	7.448258e-02	7.448258e-02
1.700000e-01	1.800000e-01	8.719916e-01	7.799330e-02	7.799330e-02
1.800000e-01	1.900000e-01	7.045692e-01	7.010726e-02	7.010726e-02
1.900000e-01	2.000000e-01	6.766655e-01	6.870497e-02	6.870497e-02
2.000000e-01	2.100000e-01	6.975933e-01	6.975933e-02	6.975933e-02
2.100000e-01	2.200000e-01	6.417858e-01	6.691080e-02	6.691080e-02
2.200000e-01	2.300000e-01	4.883153e-01	5.836484e-02	5.836484e-02
2.300000e-01	2.400000e-01	5.092431e-01	5.960240e-02	5.960240e-02
2.400000e-01	2.500000e-01	4.604116e-01	5.667274e-02	5.667274e-02
2.500000e-01	2.600000e-01	3.767004e-01	5.126243e-02	5.126243e-02
2.600000e-01	2.700000e-01	3.976282e-01	5.266714e-02	5.266714e-02
2.700000e-01	2.800000e-01	2.581095e-01	4.243295e-02	4.243295e-02
2.800000e-01	2.900000e-01	2.860133e-01	4.466776e-02	4.466776e-02
2.900000e-01	3.000000e-01	3.487967e-01	4.932729e-02	4.932729e-02
3.000000e-01	3.100000e-01	3.069411e-01	4.627310e-02	4.627310e-02
3.100000e-01	3.200000e-01	1.604465e-01	3.345540e-02	3.345540e-02
3.200000e-01	3.300000e-01	1.953261e-01	3.691317e-02	3.691317e-02
3.300000e-01	3.400000e-01	1.255668e-01	2.959638e-02	2.959638e-02
3.400000e-01	3.500000e-01	2.092780e-01	3.820876e-02	3.820876e-02
3.500000e-01	3.600000e-01	9.068713e-02	2.515208e-02	2.515208e-02
3.600000e-01	3.700000e-01	1.953261e-01	3.691317e-02	3.691317e-02
3.700000e-01	3.800000e-01	1.255668e-01	2.959638e-02	2.959638e-02
3.800000e-01	3.900000e-01	9.766306e-02	2.610155e-02	2.610155e-02
3.900000e-01	4.000000e-01	5.580746e-02	1.973092e-02	1.973092e-02
4.000000e-01	4.100000e-01	8.371120e-02	2.416534e-02	2.416534e-02
4.100000e-01	4.200000e-01	8.371120e-02	2.416534e-02	2.416534e-02
4.200000e-01	4.300000e-01	8.371120e-02	2.416534e-02	2.416534e-02
4.300000e-01	4.400000e-01	8.371120e-02	2.416534e-02	2.416534e-02
4.400000e-01	4.500000e-01	2.092780e-02	1.208267e-02	1.208267e-02
4.500000e-01	4.600000e-01	6.975933e-02	2.205984e-02	2.205984e-02
4.600000e-01	4.700000e-01	4.185560e-02	1.708747e-02	1.708747e-02
4.700000e-01	4.800000e-01	2.790373e-02	1.395187e-02	1.395187e-02
4.800000e-01	4.900000e-01	2.092780e-02	1.208267e-02	1.208267e-02
4.900000e-01	5.000000e-01	4.185560e-02	1.708747e-02	1.708747e-02
5.000000e-01	5.100000e-01	4.185560e-02	1.708747e-02	1.708747e-02
5.100000e-01	5.200000e-01	2.790373e-02	1.395187e-02	1.395187e-02
5.200000e-01	5.300000e-01	6.975933e-03	6.975933e-03	6.975933e-03
5.300000e-01	5.400000e-01	1.395187e-02	9.865459e-03	9.865459e-03
5.400000e-01	5.500000e-01	1.395187e-02	9.865459e-03	9.865459e-03
5.500000e-01	5.600000e-01	0.000000e+00	0.000000e+00	0.000000e+00
5.600000e-01	5.700000e-01	2.790373e-02	1.395187e-02	1.395187e-02
5.700000e-01	5.800000e-01	6.975933e-03	6.975933e-03	6.975933e-03
5.800000e-01	5.900000e-01	6.975933e-03	6.975933e-03	6.975933e-03
5.900000e-01	6.000000e-01	1.395187e-02	9.865459e-03	9.865459e-03
6.000000e-01	6.100000e-01	6.975933e-03	6.975933e-03	6.975933e-03
6.100000e-01	6.200000e-01	0.000000e+00	0.000000e+00	0.000000e+00
6.200000e-01	6.300000e-01	6.975933e-03	6.975933e-03	6.975933e-03
6.300000e-01	6.400000e-01	6.975933e-03	6.975933e-03	6.975933e-03
6.400000e-01	6.500000e-01	0.000000e+00	0.000000e+00	0.000000e+00
6.500000e-01	6.600000e-01	1.395187e-02	9.865459e-03	9.865459e-03
6.600000e-01	6.700000e-01	6.975933e-03	6.975933e-03	6.975933e-03
6.700000e-01	6.800000e-01	6.975933e-03	6.975933e-03	6.975933e-03
6.800000e-01	6.900000e-01	6.975933e-03	6.975933e-03	6.975933e-03
6.900000e-01	7.000000e-01	0.000000e+00	0.000000e+00	0.000000e+00
7.000000e-01	7.100000e-01	0.000000e+00	0.000000e+00	0.000000e+00
7.100000e-01	7.200000e-01	0.000000e+00	0.000000e+00	0.000000e+00
7.200000e-01	7.300000e-01	0.000000e+00	0.000000e+00	0.000000e+00
7.300000e-01	7.400000e-01	0.000000e+00	0.000000e+00	0.000000e+00
7.400000e-01	7.500000e-01	6.975933e-03	6.975933e-03	6.975933e-03
7.500000e-01	7.600000e-01	1.395187e-02	9.865459e-03	9.865459e-03
7.600000e-01	7.700000e-01	6.975933e-03	6.975933e-03	6.975933e-03
7.700000e-01	7.800000e-01	0.000000e+00	0.000000e+00	0.000000e+00
7.800000e-01	7.900000e-01	0.000000e+00	0.000000e+00	0.000000e+00
7.900000e-01	8.000000e-01	0.000000e+00	0.000000e+00	0.000000e+00
8.000000e-01	8.100000e-01	0.000000e+00	0.000000e+00	0.000000e+00
8.100000e-01	8.200000e-01	0.000000e+00	0.000000e+00	0.000000e+00
8.200000e-01	8.300000e-01	0.000000e+00	0.000000e+00	0.000000e+00
8.300000e-01	8.400000e-01	0.000000e+00	0.000000e+00	0.000000e+00
8.400000e-01	8.500000e-01	0.000000e+00	0.000000e+00	0.000000e+00
8.500000e-01	8.600000e-01	0.000000e+00	0.000000e+00	0.000000e+00
8.600000e-01	8.700000e-01	0.000000e+00	0.000000e+00	0.000000e+00
8.700000e-01	8.800000e-01	0.000000e+00	0.000000e+00	0.000000e+00
8.800000e-01	8.900000e-01	0.000000e+00	0.000000e+00	0.000000e+00
8.900000e-01	9.000000e-01	0.000000e+00	0.000000e+00	0.000000e+00
9.000000e-01	9.100000e-01	0.000000e+00	0.000000e+00	0.000000e+00
9.100000e-01	9.200000e-01	0.000000e+00	0.000000e+00	0.000000e+00
9.200000e-01	9.300000e-01	0.000000e+00	0.000000e+00	0.000000e+00
9.300000e-01	9.400000e-01	0.000000e+00	0.000000e+00	0.000000e+00
9.400000e-01	9.500000e-01	0.000000e+00	0.000000e+00	0.000000e+00
9.500000e-01	9.600000e-01	0.000000e+00	0.000000e+00	0.000000e+00
9.600000e-01	9.700000e-01	0.000000e+00	0.000000e+00	0.000000e+00
9.700000e-01	9.800000e-01	0.000000e+00	0.000000e+00	0.000000e+00
9.800000e-01	9.900000e-01	0.000000e+00	0.000000e+00	0.000000e+00
9.900000e-01	1.000000e+00	0.000000e+00	0.000000e+00	0.000000e+00
# END HISTO1D

# BEGIN HISTO1D //home/frederic/Work/Software/LesHouches2017/lh2017-alphas/rivet-analysis/gluon-as012285-truth.yoda/MC_LHJSS_Zjet/Angularity_zcut_0.05_beta_1_alpha_2
LineColor=blue
LineStyle=solid
NormalizeToSum=1
Path=//home/frederic/Work/Software/LesHouches2017/lh2017-alphas/rivet-analysis/gluon-as012285-truth.yoda/MC_LHJSS_Zjet/Angularity_zcut_0.05_beta_1_alpha_2
ScaledBy=7.07513796519032182e-05
Title=gluon-as012285-truth
XLabel=
YLabel=
# xlow	 xhigh	 val	 errminus	 errplus
0.000000e+00	1.000000e-02	3.685439e+01	5.106368e-01	5.106368e-01
1.000000e-02	2.000000e-02	1.321636e+01	3.057900e-01	3.057900e-01
2.000000e-02	3.000000e-02	8.829772e+00	2.499437e-01	2.499437e-01
3.000000e-02	4.000000e-02	6.219046e+00	2.097632e-01	2.097632e-01
4.000000e-02	5.000000e-02	4.683741e+00	1.820388e-01	1.820388e-01
5.000000e-02	6.000000e-02	3.891326e+00	1.659267e-01	1.659267e-01
6.000000e-02	7.000000e-02	3.417292e+00	1.554922e-01	1.554922e-01
7.000000e-02	8.000000e-02	2.462148e+00	1.319850e-01	1.319850e-01
8.000000e-02	9.000000e-02	2.179142e+00	1.241682e-01	1.241682e-01
9.000000e-02	1.000000e-01	1.903212e+00	1.160409e-01	1.160409e-01
1.000000e-01	1.100000e-01	1.683883e+00	1.091499e-01	1.091499e-01
1.100000e-01	1.200000e-01	1.464554e+00	1.017935e-01	1.017935e-01
1.200000e-01	1.300000e-01	1.330126e+00	9.700941e-02	9.700941e-02
1.300000e-01	1.400000e-01	1.195698e+00	9.197680e-02	9.197680e-02
1.400000e-01	1.500000e-01	9.905193e-01	8.371416e-02	8.371416e-02
1.500000e-01	1.600000e-01	8.843922e-01	7.910245e-02	7.910245e-02
1.600000e-01	1.700000e-01	8.985425e-01	7.973275e-02	7.973275e-02
1.700000e-01	1.800000e-01	8.914674e-01	7.941823e-02	7.941823e-02
1.800000e-01	1.900000e-01	7.145889e-01	7.110425e-02	7.110425e-02
1.900000e-01	2.000000e-01	5.872365e-01	6.445758e-02	6.445758e-02
2.000000e-01	2.100000e-01	4.669591e-01	5.747869e-02	5.747869e-02
2.100000e-01	2.200000e-01	3.749823e-01	5.150779e-02	5.150779e-02
2.200000e-01	2.300000e-01	5.306353e-01	6.127249e-02	6.127249e-02
2.300000e-01	2.400000e-01	3.891326e-01	5.247063e-02	5.247063e-02
2.400000e-01	2.500000e-01	4.103580e-01	5.388264e-02	5.388264e-02
2.500000e-01	2.600000e-01	3.113061e-01	4.693115e-02	4.693115e-02
2.600000e-01	2.700000e-01	3.396066e-01	4.901800e-02	4.901800e-02
2.700000e-01	2.800000e-01	2.547050e-01	4.245083e-02	4.245083e-02
2.800000e-01	2.900000e-01	3.113061e-01	4.693115e-02	4.693115e-02
2.900000e-01	3.000000e-01	2.830055e-01	4.474710e-02	4.474710e-02
3.000000e-01	3.100000e-01	1.839536e-01	3.607627e-02	3.607627e-02
3.100000e-01	3.200000e-01	1.698033e-01	3.466096e-02	3.466096e-02
3.200000e-01	3.300000e-01	1.627282e-01	3.393117e-02	3.393117e-02
3.300000e-01	3.400000e-01	1.627282e-01	3.393117e-02	3.393117e-02
3.400000e-01	3.500000e-01	2.051790e-01	3.810079e-02	3.810079e-02
3.500000e-01	3.600000e-01	9.905193e-02	2.647274e-02	2.647274e-02
3.600000e-01	3.700000e-01	1.202773e-01	2.917154e-02	2.917154e-02
3.700000e-01	3.800000e-01	9.905193e-02	2.647274e-02	2.647274e-02
3.800000e-01	3.900000e-01	1.202773e-01	2.917154e-02	2.917154e-02
3.900000e-01	4.000000e-01	9.197679e-02	2.550977e-02	2.550977e-02
4.000000e-01	4.100000e-01	7.782652e-02	2.346558e-02	2.346558e-02
4.100000e-01	4.200000e-01	7.075138e-02	2.237355e-02	2.237355e-02
4.200000e-01	4.300000e-01	4.952597e-02	1.871905e-02	1.871905e-02
4.300000e-01	4.400000e-01	6.367624e-02	2.122541e-02	2.122541e-02
4.400000e-01	4.500000e-01	2.122541e-02	1.225450e-02	1.225450e-02
4.500000e-01	4.600000e-01	5.660110e-02	2.001151e-02	2.001151e-02
4.600000e-01	4.700000e-01	3.537569e-02	1.582049e-02	1.582049e-02
4.700000e-01	4.800000e-01	5.660110e-02	2.001151e-02	2.001151e-02
4.800000e-01	4.900000e-01	4.245083e-02	1.733048e-02	1.733048e-02
4.900000e-01	5.000000e-01	7.075138e-03	7.075138e-03	7.075138e-03
5.000000e-01	5.100000e-01	1.415028e-02	1.000576e-02	1.000576e-02
5.100000e-01	5.200000e-01	3.537569e-02	1.582049e-02	1.582049e-02
5.200000e-01	5.300000e-01	0.000000e+00	0.000000e+00	0.000000e+00
5.300000e-01	5.400000e-01	7.075138e-03	7.075138e-03	7.075138e-03
5.400000e-01	5.500000e-01	0.000000e+00	0.000000e+00	0.000000e+00
5.500000e-01	5.600000e-01	7.075138e-03	7.075138e-03	7.075138e-03
5.600000e-01	5.700000e-01	1.415028e-02	1.000576e-02	1.000576e-02
5.700000e-01	5.800000e-01	0.000000e+00	0.000000e+00	0.000000e+00
5.800000e-01	5.900000e-01	0.000000e+00	0.000000e+00	0.000000e+00
5.900000e-01	6.000000e-01	7.075138e-03	7.075138e-03	7.075138e-03
6.000000e-01	6.100000e-01	7.075138e-03	7.075138e-03	7.075138e-03
6.100000e-01	6.200000e-01	7.075138e-03	7.075138e-03	7.075138e-03
6.200000e-01	6.300000e-01	0.000000e+00	0.000000e+00	0.000000e+00
6.300000e-01	6.400000e-01	0.000000e+00	0.000000e+00	0.000000e+00
6.400000e-01	6.500000e-01	7.075138e-03	7.075138e-03	7.075138e-03
6.500000e-01	6.600000e-01	0.000000e+00	0.000000e+00	0.000000e+00
6.600000e-01	6.700000e-01	0.000000e+00	0.000000e+00	0.000000e+00
6.700000e-01	6.800000e-01	0.000000e+00	0.000000e+00	0.000000e+00
6.800000e-01	6.900000e-01	7.075138e-03	7.075138e-03	7.075138e-03
6.900000e-01	7.000000e-01	0.000000e+00	0.000000e+00	0.000000e+00
7.000000e-01	7.100000e-01	0.000000e+00	0.000000e+00	0.000000e+00
7.100000e-01	7.200000e-01	0.000000e+00	0.000000e+00	0.000000e+00
7.200000e-01	7.300000e-01	0.000000e+00	0.000000e+00	0.000000e+00
7.300000e-01	7.400000e-01	0.000000e+00	0.000000e+00	0.000000e+00
7.400000e-01	7.500000e-01	7.075138e-03	7.075138e-03	7.075138e-03
7.500000e-01	7.600000e-01	0.000000e+00	0.000000e+00	0.000000e+00
7.600000e-01	7.700000e-01	7.075138e-03	7.075138e-03	7.075138e-03
7.700000e-01	7.800000e-01	0.000000e+00	0.000000e+00	0.000000e+00
7.800000e-01	7.900000e-01	0.000000e+00	0.000000e+00	0.000000e+00
7.900000e-01	8.000000e-01	0.000000e+00	0.000000e+00	0.000000e+00
8.000000e-01	8.100000e-01	0.000000e+00	0.000000e+00	0.000000e+00
8.100000e-01	8.200000e-01	0.000000e+00	0.000000e+00	0.000000e+00
8.200000e-01	8.300000e-01	0.000000e+00	0.000000e+00	0.000000e+00
8.300000e-01	8.400000e-01	0.000000e+00	0.000000e+00	0.000000e+00
8.400000e-01	8.500000e-01	0.000000e+00	0.000000e+00	0.000000e+00
8.500000e-01	8.600000e-01	0.000000e+00	0.000000e+00	0.000000e+00
8.600000e-01	8.700000e-01	7.075138e-03	7.075138e-03	7.075138e-03
8.700000e-01	8.800000e-01	0.000000e+00	0.000000e+00	0.000000e+00
8.800000e-01	8.900000e-01	0.000000e+00	0.000000e+00	0.000000e+00
8.900000e-01	9.000000e-01	0.000000e+00	0.000000e+00	0.000000e+00
9.000000e-01	9.100000e-01	0.000000e+00	0.000000e+00	0.000000e+00
9.100000e-01	9.200000e-01	0.000000e+00	0.000000e+00	0.000000e+00
9.200000e-01	9.300000e-01	0.000000e+00	0.000000e+00	0.000000e+00
9.300000e-01	9.400000e-01	0.000000e+00	0.000000e+00	0.000000e+00
9.400000e-01	9.500000e-01	0.000000e+00	0.000000e+00	0.000000e+00
9.500000e-01	9.600000e-01	0.000000e+00	0.000000e+00	0.000000e+00
9.600000e-01	9.700000e-01	0.000000e+00	0.000000e+00	0.000000e+00
9.700000e-01	9.800000e-01	0.000000e+00	0.000000e+00	0.000000e+00
9.800000e-01	9.900000e-01	0.000000e+00	0.000000e+00	0.000000e+00
9.900000e-01	1.000000e+00	0.000000e+00	0.000000e+00	0.000000e+00
# END HISTO1D

# BEGIN HISTO1D //home/frederic/Work/Software/LesHouches2017/lh2017-alphas/rivet-analysis/gluon-as015015-truth.yoda/MC_LHJSS_Zjet/Angularity_zcut_0.05_beta_1_alpha_2
LineColor=green
LineStyle=solid
NormalizeToSum=1
Path=//home/frederic/Work/Software/LesHouches2017/lh2017-alphas/rivet-analysis/gluon-as015015-truth.yoda/MC_LHJSS_Zjet/Angularity_zcut_0.05_beta_1_alpha_2
Title=gluon-as015015-truth
XLabel=
YLabel=
# xlow	 xhigh	 val	 errminus	 errplus
0.000000e+00	1.000000e-02	2.508000e+05	5.007994e+03	5.007994e+03
1.000000e-02	2.000000e-02	1.333000e+05	3.651027e+03	3.651027e+03
2.000000e-02	3.000000e-02	9.320000e+04	3.052868e+03	3.052868e+03
3.000000e-02	4.000000e-02	7.880000e+04	2.807134e+03	2.807134e+03
4.000000e-02	5.000000e-02	6.450000e+04	2.539685e+03	2.539685e+03
5.000000e-02	6.000000e-02	5.110000e+04	2.260531e+03	2.260531e+03
6.000000e-02	7.000000e-02	4.400000e+04	2.097618e+03	2.097618e+03
7.000000e-02	8.000000e-02	3.790000e+04	1.946792e+03	1.946792e+03
8.000000e-02	9.000000e-02	2.880000e+04	1.697056e+03	1.697056e+03
9.000000e-02	1.000000e-01	2.590000e+04	1.609348e+03	1.609348e+03
1.000000e-01	1.100000e-01	2.480000e+04	1.574802e+03	1.574802e+03
1.100000e-01	1.200000e-01	2.170000e+04	1.473092e+03	1.473092e+03
1.200000e-01	1.300000e-01	1.720000e+04	1.311488e+03	1.311488e+03
1.300000e-01	1.400000e-01	1.400000e+04	1.183216e+03	1.183216e+03
1.400000e-01	1.500000e-01	1.560000e+04	1.249000e+03	1.249000e+03
1.500000e-01	1.600000e-01	1.130000e+04	1.063015e+03	1.063015e+03
1.600000e-01	1.700000e-01	9.200000e+03	9.591663e+02	9.591663e+02
1.700000e-01	1.800000e-01	9.100000e+03	9.539392e+02	9.539392e+02
1.800000e-01	1.900000e-01	8.100000e+03	9.000000e+02	9.000000e+02
1.900000e-01	2.000000e-01	7.500000e+03	8.660254e+02	8.660254e+02
2.000000e-01	2.100000e-01	6.900000e+03	8.306624e+02	8.306624e+02
2.100000e-01	2.200000e-01	6.600000e+03	8.124038e+02	8.124038e+02
2.200000e-01	2.300000e-01	5.200000e+03	7.211103e+02	7.211103e+02
2.300000e-01	2.400000e-01	5.600000e+03	7.483315e+02	7.483315e+02
2.400000e-01	2.500000e-01	5.700000e+03	7.549834e+02	7.549834e+02
2.500000e-01	2.600000e-01	2.700000e+03	5.196152e+02	5.196152e+02
2.600000e-01	2.700000e-01	3.200000e+03	5.656854e+02	5.656854e+02
2.700000e-01	2.800000e-01	4.000000e+03	6.324555e+02	6.324555e+02
2.800000e-01	2.900000e-01	3.400000e+03	5.830952e+02	5.830952e+02
2.900000e-01	3.000000e-01	2.500000e+03	5.000000e+02	5.000000e+02
3.000000e-01	3.100000e-01	1.800000e+03	4.242641e+02	4.242641e+02
3.100000e-01	3.200000e-01	2.800000e+03	5.291503e+02	5.291503e+02
3.200000e-01	3.300000e-01	2.600000e+03	5.099020e+02	5.099020e+02
3.300000e-01	3.400000e-01	1.700000e+03	4.123106e+02	4.123106e+02
3.400000e-01	3.500000e-01	1.700000e+03	4.123106e+02	4.123106e+02
3.500000e-01	3.600000e-01	7.000000e+02	2.645751e+02	2.645751e+02
3.600000e-01	3.700000e-01	1.200000e+03	3.464102e+02	3.464102e+02
3.700000e-01	3.800000e-01	1.900000e+03	4.358899e+02	4.358899e+02
3.800000e-01	3.900000e-01	1.000000e+03	3.162278e+02	3.162278e+02
3.900000e-01	4.000000e-01	1.400000e+03	3.741657e+02	3.741657e+02
4.000000e-01	4.100000e-01	2.300000e+03	4.795832e+02	4.795832e+02
4.100000e-01	4.200000e-01	1.000000e+03	3.162278e+02	3.162278e+02
4.200000e-01	4.300000e-01	9.000000e+02	3.000000e+02	3.000000e+02
4.300000e-01	4.400000e-01	1.400000e+03	3.741657e+02	3.741657e+02
4.400000e-01	4.500000e-01	6.000000e+02	2.449490e+02	2.449490e+02
4.500000e-01	4.600000e-01	5.000000e+02	2.236068e+02	2.236068e+02
4.600000e-01	4.700000e-01	3.000000e+02	1.732051e+02	1.732051e+02
4.700000e-01	4.800000e-01	3.000000e+02	1.732051e+02	1.732051e+02
4.800000e-01	4.900000e-01	6.000000e+02	2.449490e+02	2.449490e+02
4.900000e-01	5.000000e-01	4.000000e+02	2.000000e+02	2.000000e+02
5.000000e-01	5.100000e-01	4.000000e+02	2.000000e+02	2.000000e+02
5.100000e-01	5.200000e-01	2.000000e+02	1.414214e+02	1.414214e+02
5.200000e-01	5.300000e-01	2.000000e+02	1.414214e+02	1.414214e+02
5.300000e-01	5.400000e-01	0.000000e+00	0.000000e+00	0.000000e+00
5.400000e-01	5.500000e-01	2.000000e+02	1.414214e+02	1.414214e+02
5.500000e-01	5.600000e-01	3.000000e+02	1.732051e+02	1.732051e+02
5.600000e-01	5.700000e-01	0.000000e+00	0.000000e+00	0.000000e+00
5.700000e-01	5.800000e-01	0.000000e+00	0.000000e+00	0.000000e+00
5.800000e-01	5.900000e-01	2.000000e+02	1.414214e+02	1.414214e+02
5.900000e-01	6.000000e-01	0.000000e+00	0.000000e+00	0.000000e+00
6.000000e-01	6.100000e-01	1.000000e+02	1.000000e+02	1.000000e+02
6.100000e-01	6.200000e-01	0.000000e+00	0.000000e+00	0.000000e+00
6.200000e-01	6.300000e-01	1.000000e+02	1.000000e+02	1.000000e+02
6.300000e-01	6.400000e-01	2.000000e+02	1.414214e+02	1.414214e+02
6.400000e-01	6.500000e-01	0.000000e+00	0.000000e+00	0.000000e+00
6.500000e-01	6.600000e-01	0.000000e+00	0.000000e+00	0.000000e+00
6.600000e-01	6.700000e-01	0.000000e+00	0.000000e+00	0.000000e+00
6.700000e-01	6.800000e-01	3.000000e+02	1.732051e+02	1.732051e+02
6.800000e-01	6.900000e-01	0.000000e+00	0.000000e+00	0.000000e+00
6.900000e-01	7.000000e-01	0.000000e+00	0.000000e+00	0.000000e+00
7.000000e-01	7.100000e-01	0.000000e+00	0.000000e+00	0.000000e+00
7.100000e-01	7.200000e-01	1.000000e+02	1.000000e+02	1.000000e+02
7.200000e-01	7.300000e-01	0.000000e+00	0.000000e+00	0.000000e+00
7.300000e-01	7.400000e-01	0.000000e+00	0.000000e+00	0.000000e+00
7.400000e-01	7.500000e-01	0.000000e+00	0.000000e+00	0.000000e+00
7.500000e-01	7.600000e-01	0.000000e+00	0.000000e+00	0.000000e+00
7.600000e-01	7.700000e-01	0.000000e+00	0.000000e+00	0.000000e+00
7.700000e-01	7.800000e-01	0.000000e+00	0.000000e+00	0.000000e+00
7.800000e-01	7.900000e-01	0.000000e+00	0.000000e+00	0.000000e+00
7.900000e-01	8.000000e-01	0.000000e+00	0.000000e+00	0.000000e+00
8.000000e-01	8.100000e-01	0.000000e+00	0.000000e+00	0.000000e+00
8.100000e-01	8.200000e-01	0.000000e+00	0.000000e+00	0.000000e+00
8.200000e-01	8.300000e-01	0.000000e+00	0.000000e+00	0.000000e+00
8.300000e-01	8.400000e-01	0.000000e+00	0.000000e+00	0.000000e+00
8.400000e-01	8.500000e-01	0.000000e+00	0.000000e+00	0.000000e+00
8.500000e-01	8.600000e-01	0.000000e+00	0.000000e+00	0.000000e+00
8.600000e-01	8.700000e-01	0.000000e+00	0.000000e+00	0.000000e+00
8.700000e-01	8.800000e-01	0.000000e+00	0.000000e+00	0.000000e+00
8.800000e-01	8.900000e-01	0.000000e+00	0.000000e+00	0.000000e+00
8.900000e-01	9.000000e-01	0.000000e+00	0.000000e+00	0.000000e+00
9.000000e-01	9.100000e-01	0.000000e+00	0.000000e+00	0.000000e+00
9.100000e-01	9.200000e-01	0.000000e+00	0.000000e+00	0.000000e+00
9.200000e-01	9.300000e-01	0.000000e+00	0.000000e+00	0.000000e+00
9.300000e-01	9.400000e-01	0.000000e+00	0.000000e+00	0.000000e+00
9.400000e-01	9.500000e-01	0.000000e+00	0.000000e+00	0.000000e+00
9.500000e-01	9.600000e-01	0.000000e+00	0.000000e+00	0.000000e+00
9.600000e-01	9.700000e-01	0.000000e+00	0.000000e+00	0.000000e+00
9.700000e-01	9.800000e-01	0.000000e+00	0.000000e+00	0.000000e+00
9.800000e-01	9.900000e-01	0.000000e+00	0.000000e+00	0.000000e+00
9.900000e-01	1.000000e+00	0.000000e+00	0.000000e+00	0.000000e+00
# END HISTO1D

