# BEGIN PLOT
LegendOnly=//home/frederic/Work/Software/LesHouches2017/lh2017-alphas/rivet-analysis/gluon-as013650-truth.yoda/MC_LHJSS_Zjet/log_Angularity_zcut_0.2_beta_0_alpha_1 //home/frederic/Work/Software/LesHouches2017/lh2017-alphas/rivet-analysis/gluon-as012285-truth.yoda/MC_LHJSS_Zjet/log_Angularity_zcut_0.2_beta_0_alpha_1 //home/frederic/Work/Software/LesHouches2017/lh2017-alphas/rivet-analysis/gluon-as015015-truth.yoda/MC_LHJSS_Zjet/log_Angularity_zcut_0.2_beta_0_alpha_1
DrawOnly=//home/frederic/Work/Software/LesHouches2017/lh2017-alphas/rivet-analysis/gluon-as013650-truth.yoda/MC_LHJSS_Zjet/log_Angularity_zcut_0.2_beta_0_alpha_1 //home/frederic/Work/Software/LesHouches2017/lh2017-alphas/rivet-analysis/gluon-as012285-truth.yoda/MC_LHJSS_Zjet/log_Angularity_zcut_0.2_beta_0_alpha_1 //home/frederic/Work/Software/LesHouches2017/lh2017-alphas/rivet-analysis/gluon-as015015-truth.yoda/MC_LHJSS_Zjet/log_Angularity_zcut_0.2_beta_0_alpha_1
Title=Angularity, $\alpha$ = 1 $z_{cut}$ = 0.2 $\beta$ = 0
RatioPlot=1
LogX=0
LogY=0
RatioPlotYLabel=Ratio
RatioPlotReference=//home/frederic/Work/Software/LesHouches2017/lh2017-alphas/rivet-analysis/gluon-as013650-truth.yoda/MC_LHJSS_Zjet/log_Angularity_zcut_0.2_beta_0_alpha_1
XLabel=$e_\alpha$
YLabel=$1/\sigma \text{d}\sigma/\text{d}e_\alpha$
Legend=1
# END PLOT

# BEGIN HISTO1D //home/frederic/Work/Software/LesHouches2017/lh2017-alphas/rivet-analysis/gluon-as013650-truth.yoda/MC_LHJSS_Zjet/log_Angularity_zcut_0.2_beta_0_alpha_1
LineColor=red
LineStyle=solid
NormalizeToSum=1
Path=//home/frederic/Work/Software/LesHouches2017/lh2017-alphas/rivet-analysis/gluon-as013650-truth.yoda/MC_LHJSS_Zjet/log_Angularity_zcut_0.2_beta_0_alpha_1
ScaledBy=6.97593303104290135e-05
Title=gluon-as013650-truth
XLabel=
YLabel=
# xlow	 xhigh	 val	 errminus	 errplus
0.000000e+00	1.000000e-01	0.000000e+00	0.000000e+00	0.000000e+00
1.000000e-01	2.000000e-01	0.000000e+00	0.000000e+00	0.000000e+00
2.000000e-01	3.000000e-01	6.975933e-04	6.975933e-04	6.975933e-04
3.000000e-01	4.000000e-01	4.883153e-03	1.845658e-03	1.845658e-03
4.000000e-01	5.000000e-01	4.185560e-03	1.708747e-03	1.708747e-03
5.000000e-01	6.000000e-01	1.674224e-02	3.417495e-03	3.417495e-03
6.000000e-01	7.000000e-01	3.348448e-02	4.833068e-03	4.833068e-03
7.000000e-01	8.000000e-01	5.580746e-02	6.239464e-03	6.239464e-03
8.000000e-01	9.000000e-01	9.487269e-02	8.135266e-03	8.135266e-03
9.000000e-01	1.000000e+00	1.144053e-01	8.933553e-03	8.933553e-03
1.000000e+00	1.100000e+00	1.506802e-01	1.025249e-02	1.025249e-02
1.100000e+00	1.200000e+00	1.660272e-01	1.076195e-02	1.076195e-02
1.200000e+00	1.300000e+00	2.050924e-01	1.196123e-02	1.196123e-02
1.300000e+00	1.400000e+00	1.883502e-01	1.146263e-02	1.146263e-02
1.400000e+00	1.500000e+00	1.981165e-01	1.175605e-02	1.175605e-02
1.500000e+00	1.600000e+00	2.134636e-01	1.220290e-02	1.220290e-02
1.600000e+00	1.700000e+00	1.883502e-01	1.146263e-02	1.146263e-02
1.700000e+00	1.800000e+00	2.120684e-01	1.216296e-02	1.216296e-02
1.800000e+00	1.900000e+00	2.064876e-01	1.200185e-02	1.200185e-02
1.900000e+00	2.000000e+00	1.995117e-01	1.179737e-02	1.179737e-02
2.000000e+00	2.100000e+00	2.302058e-01	1.267241e-02	1.267241e-02
2.100000e+00	2.200000e+00	1.883502e-01	1.146263e-02	1.146263e-02
2.200000e+00	2.300000e+00	1.981165e-01	1.175605e-02	1.175605e-02
2.300000e+00	2.400000e+00	1.785839e-01	1.116149e-02	1.116149e-02
2.400000e+00	2.500000e+00	1.967213e-01	1.171458e-02	1.171458e-02
2.500000e+00	2.600000e+00	2.057900e-01	1.198156e-02	1.198156e-02
2.600000e+00	2.700000e+00	2.204395e-01	1.240069e-02	1.240069e-02
2.700000e+00	2.800000e+00	2.316010e-01	1.271076e-02	1.271076e-02
2.800000e+00	2.900000e+00	2.092780e-01	1.208267e-02	1.208267e-02
2.900000e+00	3.000000e+00	1.911406e-01	1.154722e-02	1.154722e-02
3.000000e+00	3.100000e+00	1.841646e-01	1.133455e-02	1.133455e-02
3.100000e+00	3.200000e+00	2.002093e-01	1.181798e-02	1.181798e-02
3.200000e+00	3.300000e+00	1.988141e-01	1.177673e-02	1.177673e-02
3.300000e+00	3.400000e+00	1.918382e-01	1.156828e-02	1.156828e-02
3.400000e+00	3.500000e+00	1.855598e-01	1.137740e-02	1.137740e-02
3.500000e+00	3.600000e+00	1.604465e-01	1.057953e-02	1.057953e-02
3.600000e+00	3.700000e+00	1.855598e-01	1.137740e-02	1.137740e-02
3.700000e+00	3.800000e+00	1.813743e-01	1.124836e-02	1.124836e-02
3.800000e+00	3.900000e+00	1.820719e-01	1.126996e-02	1.126996e-02
3.900000e+00	4.000000e+00	2.092780e-01	1.208267e-02	1.208267e-02
4.000000e+00	4.100000e+00	2.469480e-01	1.312514e-02	1.312514e-02
4.100000e+00	4.200000e+00	2.253226e-01	1.253729e-02	1.253729e-02
4.200000e+00	4.300000e+00	2.197419e-01	1.238105e-02	1.238105e-02
4.300000e+00	4.400000e+00	2.560167e-01	1.336397e-02	1.336397e-02
4.400000e+00	4.500000e+00	2.525288e-01	1.327262e-02	1.327262e-02
4.500000e+00	4.600000e+00	2.246250e-01	1.251786e-02	1.251786e-02
4.600000e+00	4.700000e+00	2.539240e-01	1.330923e-02	1.330923e-02
4.700000e+00	4.800000e+00	2.322986e-01	1.272988e-02	1.272988e-02
4.800000e+00	4.900000e+00	2.190443e-01	1.236138e-02	1.236138e-02
4.900000e+00	5.000000e+00	1.827694e-01	1.129153e-02	1.129153e-02
5.000000e+00	5.100000e+00	1.953261e-01	1.167297e-02	1.167297e-02
5.100000e+00	5.200000e+00	1.576561e-01	1.048713e-02	1.048713e-02
5.200000e+00	5.300000e+00	1.374259e-01	9.791188e-03	9.791188e-03
5.300000e+00	5.400000e+00	1.241716e-01	9.307055e-03	9.307055e-03
5.400000e+00	5.500000e+00	1.123125e-01	8.851467e-03	8.851467e-03
5.500000e+00	5.600000e+00	9.975584e-02	8.342003e-03	8.342003e-03
5.600000e+00	5.700000e+00	8.929194e-02	7.892367e-03	7.892367e-03
5.700000e+00	5.800000e+00	7.115452e-02	7.045347e-03	7.045347e-03
5.800000e+00	5.900000e+00	5.790024e-02	6.355377e-03	6.355377e-03
5.900000e+00	6.000000e+00	5.231950e-02	6.041335e-03	6.041335e-03
6.000000e+00	6.100000e+00	5.510987e-02	6.200345e-03	6.200345e-03
6.100000e+00	6.200000e+00	3.976282e-02	5.266714e-03	5.266714e-03
6.200000e+00	6.300000e+00	3.557726e-02	4.981813e-03	4.981813e-03
6.300000e+00	6.400000e+00	3.348448e-02	4.833068e-03	4.833068e-03
6.400000e+00	6.500000e+00	2.720614e-02	4.356469e-03	4.356469e-03
6.500000e+00	6.600000e+00	1.883502e-02	3.624801e-03	3.624801e-03
6.600000e+00	6.700000e+00	1.325427e-02	3.040739e-03	3.040739e-03
6.700000e+00	6.800000e+00	1.674224e-02	3.417495e-03	3.417495e-03
6.800000e+00	6.900000e+00	1.046390e-02	2.701767e-03	2.701767e-03
6.900000e+00	7.000000e+00	1.255668e-02	2.959638e-03	2.959638e-03
7.000000e+00	7.100000e+00	1.046390e-02	2.701767e-03	2.701767e-03
7.100000e+00	7.200000e+00	1.046390e-02	2.701767e-03	2.701767e-03
7.200000e+00	7.300000e+00	8.371120e-03	2.416534e-03	2.416534e-03
7.300000e+00	7.400000e+00	4.883153e-03	1.845658e-03	1.845658e-03
7.400000e+00	7.500000e+00	5.580746e-03	1.973092e-03	1.973092e-03
7.500000e+00	7.600000e+00	1.395187e-03	9.865459e-04	9.865459e-04
7.600000e+00	7.700000e+00	6.278340e-03	2.092780e-03	2.092780e-03
7.700000e+00	7.800000e+00	6.278340e-03	2.092780e-03	2.092780e-03
7.800000e+00	7.900000e+00	2.790373e-03	1.395187e-03	1.395187e-03
7.900000e+00	8.000000e+00	3.487967e-03	1.559866e-03	1.559866e-03
8.000000e+00	8.100000e+00	2.790373e-03	1.395187e-03	1.395187e-03
8.100000e+00	8.200000e+00	1.395187e-03	9.865459e-04	9.865459e-04
8.200000e+00	8.300000e+00	2.790373e-03	1.395187e-03	1.395187e-03
8.300000e+00	8.400000e+00	0.000000e+00	0.000000e+00	0.000000e+00
8.400000e+00	8.500000e+00	6.975933e-04	6.975933e-04	6.975933e-04
8.500000e+00	8.600000e+00	6.975933e-04	6.975933e-04	6.975933e-04
8.600000e+00	8.700000e+00	0.000000e+00	0.000000e+00	0.000000e+00
8.700000e+00	8.800000e+00	1.395187e-03	9.865459e-04	9.865459e-04
8.800000e+00	8.900000e+00	0.000000e+00	0.000000e+00	0.000000e+00
8.900000e+00	9.000000e+00	0.000000e+00	0.000000e+00	0.000000e+00
9.000000e+00	9.100000e+00	0.000000e+00	0.000000e+00	0.000000e+00
9.100000e+00	9.200000e+00	0.000000e+00	0.000000e+00	0.000000e+00
9.200000e+00	9.300000e+00	0.000000e+00	0.000000e+00	0.000000e+00
9.300000e+00	9.400000e+00	0.000000e+00	0.000000e+00	0.000000e+00
9.400000e+00	9.500000e+00	0.000000e+00	0.000000e+00	0.000000e+00
9.500000e+00	9.600000e+00	0.000000e+00	0.000000e+00	0.000000e+00
9.600000e+00	9.700000e+00	0.000000e+00	0.000000e+00	0.000000e+00
9.700000e+00	9.800000e+00	0.000000e+00	0.000000e+00	0.000000e+00
9.800000e+00	9.900000e+00	0.000000e+00	0.000000e+00	0.000000e+00
9.900000e+00	1.000000e+01	0.000000e+00	0.000000e+00	0.000000e+00
1.000000e+01	1.010000e+01	0.000000e+00	0.000000e+00	0.000000e+00
1.010000e+01	1.020000e+01	0.000000e+00	0.000000e+00	0.000000e+00
1.020000e+01	1.030000e+01	0.000000e+00	0.000000e+00	0.000000e+00
1.030000e+01	1.040000e+01	0.000000e+00	0.000000e+00	0.000000e+00
1.040000e+01	1.050000e+01	0.000000e+00	0.000000e+00	0.000000e+00
1.050000e+01	1.060000e+01	0.000000e+00	0.000000e+00	0.000000e+00
1.060000e+01	1.070000e+01	0.000000e+00	0.000000e+00	0.000000e+00
1.070000e+01	1.080000e+01	0.000000e+00	0.000000e+00	0.000000e+00
1.080000e+01	1.090000e+01	0.000000e+00	0.000000e+00	0.000000e+00
1.090000e+01	1.100000e+01	0.000000e+00	0.000000e+00	0.000000e+00
1.100000e+01	1.110000e+01	0.000000e+00	0.000000e+00	0.000000e+00
1.110000e+01	1.120000e+01	0.000000e+00	0.000000e+00	0.000000e+00
1.120000e+01	1.130000e+01	0.000000e+00	0.000000e+00	0.000000e+00
1.130000e+01	1.140000e+01	0.000000e+00	0.000000e+00	0.000000e+00
1.140000e+01	1.150000e+01	0.000000e+00	0.000000e+00	0.000000e+00
1.150000e+01	1.160000e+01	0.000000e+00	0.000000e+00	0.000000e+00
1.160000e+01	1.170000e+01	0.000000e+00	0.000000e+00	0.000000e+00
1.170000e+01	1.180000e+01	0.000000e+00	0.000000e+00	0.000000e+00
1.180000e+01	1.190000e+01	0.000000e+00	0.000000e+00	0.000000e+00
1.190000e+01	1.200000e+01	0.000000e+00	0.000000e+00	0.000000e+00
1.200000e+01	1.210000e+01	0.000000e+00	0.000000e+00	0.000000e+00
1.210000e+01	1.220000e+01	0.000000e+00	0.000000e+00	0.000000e+00
1.220000e+01	1.230000e+01	0.000000e+00	0.000000e+00	0.000000e+00
1.230000e+01	1.240000e+01	0.000000e+00	0.000000e+00	0.000000e+00
1.240000e+01	1.250000e+01	0.000000e+00	0.000000e+00	0.000000e+00
1.250000e+01	1.260000e+01	0.000000e+00	0.000000e+00	0.000000e+00
1.260000e+01	1.270000e+01	0.000000e+00	0.000000e+00	0.000000e+00
1.270000e+01	1.280000e+01	0.000000e+00	0.000000e+00	0.000000e+00
1.280000e+01	1.290000e+01	0.000000e+00	0.000000e+00	0.000000e+00
1.290000e+01	1.300000e+01	0.000000e+00	0.000000e+00	0.000000e+00
1.300000e+01	1.310000e+01	0.000000e+00	0.000000e+00	0.000000e+00
1.310000e+01	1.320000e+01	0.000000e+00	0.000000e+00	0.000000e+00
1.320000e+01	1.330000e+01	0.000000e+00	0.000000e+00	0.000000e+00
1.330000e+01	1.340000e+01	0.000000e+00	0.000000e+00	0.000000e+00
1.340000e+01	1.350000e+01	0.000000e+00	0.000000e+00	0.000000e+00
1.350000e+01	1.360000e+01	0.000000e+00	0.000000e+00	0.000000e+00
1.360000e+01	1.370000e+01	0.000000e+00	0.000000e+00	0.000000e+00
1.370000e+01	1.380000e+01	0.000000e+00	0.000000e+00	0.000000e+00
1.380000e+01	1.390000e+01	0.000000e+00	0.000000e+00	0.000000e+00
1.390000e+01	1.400000e+01	0.000000e+00	0.000000e+00	0.000000e+00
1.400000e+01	1.410000e+01	0.000000e+00	0.000000e+00	0.000000e+00
1.410000e+01	1.420000e+01	0.000000e+00	0.000000e+00	0.000000e+00
1.420000e+01	1.430000e+01	0.000000e+00	0.000000e+00	0.000000e+00
1.430000e+01	1.440000e+01	0.000000e+00	0.000000e+00	0.000000e+00
1.440000e+01	1.450000e+01	0.000000e+00	0.000000e+00	0.000000e+00
1.450000e+01	1.460000e+01	0.000000e+00	0.000000e+00	0.000000e+00
1.460000e+01	1.470000e+01	0.000000e+00	0.000000e+00	0.000000e+00
1.470000e+01	1.480000e+01	0.000000e+00	0.000000e+00	0.000000e+00
1.480000e+01	1.490000e+01	0.000000e+00	0.000000e+00	0.000000e+00
1.490000e+01	1.500000e+01	0.000000e+00	0.000000e+00	0.000000e+00
# END HISTO1D

# BEGIN HISTO1D //home/frederic/Work/Software/LesHouches2017/lh2017-alphas/rivet-analysis/gluon-as012285-truth.yoda/MC_LHJSS_Zjet/log_Angularity_zcut_0.2_beta_0_alpha_1
LineColor=blue
LineStyle=solid
NormalizeToSum=1
Path=//home/frederic/Work/Software/LesHouches2017/lh2017-alphas/rivet-analysis/gluon-as012285-truth.yoda/MC_LHJSS_Zjet/log_Angularity_zcut_0.2_beta_0_alpha_1
ScaledBy=7.07513796519032182e-05
Title=gluon-as012285-truth
XLabel=
YLabel=
# xlow	 xhigh	 val	 errminus	 errplus
0.000000e+00	1.000000e-01	0.000000e+00	0.000000e+00	0.000000e+00
1.000000e-01	2.000000e-01	0.000000e+00	0.000000e+00	0.000000e+00
2.000000e-01	3.000000e-01	7.075138e-04	7.075138e-04	7.075138e-04
3.000000e-01	4.000000e-01	2.830055e-03	1.415028e-03	1.415028e-03
4.000000e-01	5.000000e-01	2.122541e-03	1.225450e-03	1.225450e-03
5.000000e-01	6.000000e-01	1.061271e-02	2.740189e-03	2.740189e-03
6.000000e-01	7.000000e-01	2.759304e-02	4.418423e-03	4.418423e-03
7.000000e-01	8.000000e-01	5.235602e-02	6.086264e-03	6.086264e-03
8.000000e-01	9.000000e-01	7.216641e-02	7.145539e-03	7.145539e-03
9.000000e-01	1.000000e+00	1.054196e-01	8.636307e-03	8.636307e-03
1.000000e+00	1.100000e+00	1.146172e-01	9.005181e-03	9.005181e-03
1.100000e+00	1.200000e+00	1.514080e-01	1.035003e-02	1.035003e-02
1.200000e+00	1.300000e+00	1.584831e-01	1.058910e-02	1.058910e-02
1.300000e+00	1.400000e+00	1.712183e-01	1.100633e-02	1.100633e-02
1.400000e+00	1.500000e+00	1.867836e-01	1.149574e-02	1.149574e-02
1.500000e+00	1.600000e+00	1.860761e-01	1.147394e-02	1.147394e-02
1.600000e+00	1.700000e+00	1.811235e-01	1.132022e-02	1.132022e-02
1.700000e+00	1.800000e+00	1.804160e-01	1.129809e-02	1.129809e-02
1.800000e+00	1.900000e+00	1.811235e-01	1.132022e-02	1.132022e-02
1.900000e+00	2.000000e+00	1.825386e-01	1.136435e-02	1.136435e-02
2.000000e+00	2.100000e+00	1.790010e-01	1.125370e-02	1.125370e-02
2.100000e+00	2.200000e+00	2.058865e-01	1.206928e-02	1.206928e-02
2.200000e+00	2.300000e+00	1.988114e-01	1.186009e-02	1.186009e-02
2.300000e+00	2.400000e+00	1.811235e-01	1.132022e-02	1.132022e-02
2.400000e+00	2.500000e+00	1.910287e-01	1.162564e-02	1.162564e-02
2.500000e+00	2.600000e+00	1.903212e-01	1.160409e-02	1.160409e-02
2.600000e+00	2.700000e+00	2.051790e-01	1.204853e-02	1.204853e-02
2.700000e+00	2.800000e+00	1.825386e-01	1.136435e-02	1.136435e-02
2.800000e+00	2.900000e+00	1.804160e-01	1.129809e-02	1.129809e-02
2.900000e+00	3.000000e+00	1.797085e-01	1.127591e-02	1.127591e-02
3.000000e+00	3.100000e+00	1.903212e-01	1.160409e-02	1.160409e-02
3.100000e+00	3.200000e+00	1.782935e-01	1.123143e-02	1.123143e-02
3.200000e+00	3.300000e+00	1.839536e-01	1.140832e-02	1.140832e-02
3.300000e+00	3.400000e+00	1.613131e-01	1.068323e-02	1.068323e-02
3.400000e+00	3.500000e+00	1.542380e-01	1.044632e-02	1.044632e-02
3.500000e+00	3.600000e+00	1.712183e-01	1.100633e-02	1.100633e-02
3.600000e+00	3.700000e+00	1.613131e-01	1.068323e-02	1.068323e-02
3.700000e+00	3.800000e+00	1.620207e-01	1.070663e-02	1.070663e-02
3.800000e+00	3.900000e+00	1.733409e-01	1.107434e-02	1.107434e-02
3.900000e+00	4.000000e+00	1.726334e-01	1.105172e-02	1.105172e-02
4.000000e+00	4.100000e+00	2.037640e-01	1.200691e-02	1.200691e-02
4.100000e+00	4.200000e+00	2.363096e-01	1.293029e-02	1.293029e-02
4.200000e+00	4.300000e+00	2.610726e-01	1.359090e-02	1.359090e-02
4.300000e+00	4.400000e+00	2.370171e-01	1.294963e-02	1.294963e-02
4.400000e+00	4.500000e+00	2.723928e-01	1.388242e-02	1.388242e-02
4.500000e+00	4.600000e+00	2.985708e-01	1.453420e-02	1.453420e-02
4.600000e+00	4.700000e+00	2.822980e-01	1.413258e-02	1.413258e-02
4.700000e+00	4.800000e+00	2.794679e-01	1.406156e-02	1.406156e-02
4.800000e+00	4.900000e+00	2.646102e-01	1.368266e-02	1.368266e-02
4.900000e+00	5.000000e+00	2.639026e-01	1.366436e-02	1.366436e-02
5.000000e+00	5.100000e+00	1.988114e-01	1.186009e-02	1.186009e-02
5.100000e+00	5.200000e+00	1.945663e-01	1.173279e-02	1.173279e-02
5.200000e+00	5.300000e+00	1.775860e-01	1.120913e-02	1.120913e-02
5.300000e+00	5.400000e+00	1.698033e-01	1.096076e-02	1.096076e-02
5.400000e+00	5.500000e+00	1.436253e-01	1.008052e-02	1.008052e-02
5.500000e+00	5.600000e+00	1.209849e-01	9.251944e-03	9.251944e-03
5.600000e+00	5.700000e+00	1.174473e-01	9.115678e-03	9.115678e-03
5.700000e+00	5.800000e+00	9.056177e-02	8.004605e-03	8.004605e-03
5.800000e+00	5.900000e+00	7.287392e-02	7.180480e-03	7.180480e-03
5.900000e+00	6.000000e+00	8.490166e-02	7.750425e-03	7.750425e-03
6.000000e+00	6.100000e+00	6.013867e-02	6.522955e-03	6.522955e-03
6.100000e+00	6.200000e+00	4.103580e-02	5.388264e-03	5.388264e-03
6.200000e+00	6.300000e+00	3.608320e-02	5.052659e-03	5.052659e-03
6.300000e+00	6.400000e+00	3.891326e-02	5.247063e-03	5.247063e-03
6.400000e+00	6.500000e+00	3.891326e-02	5.247063e-03	5.247063e-03
6.500000e+00	6.600000e+00	3.183812e-02	4.746147e-03	4.746147e-03
6.600000e+00	6.700000e+00	2.193293e-02	3.939270e-03	3.939270e-03
6.700000e+00	6.800000e+00	1.344276e-02	3.083981e-03	3.083981e-03
6.800000e+00	6.900000e+00	1.415028e-02	3.164099e-03	3.164099e-03
6.900000e+00	7.000000e+00	1.132022e-02	2.830055e-03	2.830055e-03
7.000000e+00	7.100000e+00	1.132022e-02	2.830055e-03	2.830055e-03
7.100000e+00	7.200000e+00	1.132022e-02	2.830055e-03	2.830055e-03
7.200000e+00	7.300000e+00	1.132022e-02	2.830055e-03	2.830055e-03
7.300000e+00	7.400000e+00	5.660110e-03	2.001151e-03	2.001151e-03
7.400000e+00	7.500000e+00	7.782652e-03	2.346558e-03	2.346558e-03
7.500000e+00	7.600000e+00	5.660110e-03	2.001151e-03	2.001151e-03
7.600000e+00	7.700000e+00	2.830055e-03	1.415028e-03	1.415028e-03
7.700000e+00	7.800000e+00	2.830055e-03	1.415028e-03	1.415028e-03
7.800000e+00	7.900000e+00	3.537569e-03	1.582049e-03	1.582049e-03
7.900000e+00	8.000000e+00	4.245083e-03	1.733048e-03	1.733048e-03
8.000000e+00	8.100000e+00	7.075138e-04	7.075138e-04	7.075138e-04
8.100000e+00	8.200000e+00	1.415028e-03	1.000576e-03	1.000576e-03
8.200000e+00	8.300000e+00	2.830055e-03	1.415028e-03	1.415028e-03
8.300000e+00	8.400000e+00	0.000000e+00	0.000000e+00	0.000000e+00
8.400000e+00	8.500000e+00	7.075138e-04	7.075138e-04	7.075138e-04
8.500000e+00	8.600000e+00	7.075138e-04	7.075138e-04	7.075138e-04
8.600000e+00	8.700000e+00	0.000000e+00	0.000000e+00	0.000000e+00
8.700000e+00	8.800000e+00	0.000000e+00	0.000000e+00	0.000000e+00
8.800000e+00	8.900000e+00	0.000000e+00	0.000000e+00	0.000000e+00
8.900000e+00	9.000000e+00	0.000000e+00	0.000000e+00	0.000000e+00
9.000000e+00	9.100000e+00	0.000000e+00	0.000000e+00	0.000000e+00
9.100000e+00	9.200000e+00	0.000000e+00	0.000000e+00	0.000000e+00
9.200000e+00	9.300000e+00	7.075138e-04	7.075138e-04	7.075138e-04
9.300000e+00	9.400000e+00	0.000000e+00	0.000000e+00	0.000000e+00
9.400000e+00	9.500000e+00	7.075138e-04	7.075138e-04	7.075138e-04
9.500000e+00	9.600000e+00	0.000000e+00	0.000000e+00	0.000000e+00
9.600000e+00	9.700000e+00	0.000000e+00	0.000000e+00	0.000000e+00
9.700000e+00	9.800000e+00	0.000000e+00	0.000000e+00	0.000000e+00
9.800000e+00	9.900000e+00	0.000000e+00	0.000000e+00	0.000000e+00
9.900000e+00	1.000000e+01	0.000000e+00	0.000000e+00	0.000000e+00
1.000000e+01	1.010000e+01	7.075138e-04	7.075138e-04	7.075138e-04
1.010000e+01	1.020000e+01	0.000000e+00	0.000000e+00	0.000000e+00
1.020000e+01	1.030000e+01	0.000000e+00	0.000000e+00	0.000000e+00
1.030000e+01	1.040000e+01	0.000000e+00	0.000000e+00	0.000000e+00
1.040000e+01	1.050000e+01	0.000000e+00	0.000000e+00	0.000000e+00
1.050000e+01	1.060000e+01	7.075138e-04	7.075138e-04	7.075138e-04
1.060000e+01	1.070000e+01	7.075138e-04	7.075138e-04	7.075138e-04
1.070000e+01	1.080000e+01	0.000000e+00	0.000000e+00	0.000000e+00
1.080000e+01	1.090000e+01	0.000000e+00	0.000000e+00	0.000000e+00
1.090000e+01	1.100000e+01	0.000000e+00	0.000000e+00	0.000000e+00
1.100000e+01	1.110000e+01	0.000000e+00	0.000000e+00	0.000000e+00
1.110000e+01	1.120000e+01	0.000000e+00	0.000000e+00	0.000000e+00
1.120000e+01	1.130000e+01	0.000000e+00	0.000000e+00	0.000000e+00
1.130000e+01	1.140000e+01	0.000000e+00	0.000000e+00	0.000000e+00
1.140000e+01	1.150000e+01	0.000000e+00	0.000000e+00	0.000000e+00
1.150000e+01	1.160000e+01	0.000000e+00	0.000000e+00	0.000000e+00
1.160000e+01	1.170000e+01	0.000000e+00	0.000000e+00	0.000000e+00
1.170000e+01	1.180000e+01	0.000000e+00	0.000000e+00	0.000000e+00
1.180000e+01	1.190000e+01	0.000000e+00	0.000000e+00	0.000000e+00
1.190000e+01	1.200000e+01	0.000000e+00	0.000000e+00	0.000000e+00
1.200000e+01	1.210000e+01	0.000000e+00	0.000000e+00	0.000000e+00
1.210000e+01	1.220000e+01	0.000000e+00	0.000000e+00	0.000000e+00
1.220000e+01	1.230000e+01	0.000000e+00	0.000000e+00	0.000000e+00
1.230000e+01	1.240000e+01	0.000000e+00	0.000000e+00	0.000000e+00
1.240000e+01	1.250000e+01	0.000000e+00	0.000000e+00	0.000000e+00
1.250000e+01	1.260000e+01	0.000000e+00	0.000000e+00	0.000000e+00
1.260000e+01	1.270000e+01	0.000000e+00	0.000000e+00	0.000000e+00
1.270000e+01	1.280000e+01	0.000000e+00	0.000000e+00	0.000000e+00
1.280000e+01	1.290000e+01	0.000000e+00	0.000000e+00	0.000000e+00
1.290000e+01	1.300000e+01	0.000000e+00	0.000000e+00	0.000000e+00
1.300000e+01	1.310000e+01	0.000000e+00	0.000000e+00	0.000000e+00
1.310000e+01	1.320000e+01	0.000000e+00	0.000000e+00	0.000000e+00
1.320000e+01	1.330000e+01	0.000000e+00	0.000000e+00	0.000000e+00
1.330000e+01	1.340000e+01	0.000000e+00	0.000000e+00	0.000000e+00
1.340000e+01	1.350000e+01	0.000000e+00	0.000000e+00	0.000000e+00
1.350000e+01	1.360000e+01	0.000000e+00	0.000000e+00	0.000000e+00
1.360000e+01	1.370000e+01	0.000000e+00	0.000000e+00	0.000000e+00
1.370000e+01	1.380000e+01	0.000000e+00	0.000000e+00	0.000000e+00
1.380000e+01	1.390000e+01	0.000000e+00	0.000000e+00	0.000000e+00
1.390000e+01	1.400000e+01	0.000000e+00	0.000000e+00	0.000000e+00
1.400000e+01	1.410000e+01	0.000000e+00	0.000000e+00	0.000000e+00
1.410000e+01	1.420000e+01	0.000000e+00	0.000000e+00	0.000000e+00
1.420000e+01	1.430000e+01	0.000000e+00	0.000000e+00	0.000000e+00
1.430000e+01	1.440000e+01	0.000000e+00	0.000000e+00	0.000000e+00
1.440000e+01	1.450000e+01	0.000000e+00	0.000000e+00	0.000000e+00
1.450000e+01	1.460000e+01	0.000000e+00	0.000000e+00	0.000000e+00
1.460000e+01	1.470000e+01	0.000000e+00	0.000000e+00	0.000000e+00
1.470000e+01	1.480000e+01	0.000000e+00	0.000000e+00	0.000000e+00
1.480000e+01	1.490000e+01	0.000000e+00	0.000000e+00	0.000000e+00
1.490000e+01	1.500000e+01	0.000000e+00	0.000000e+00	0.000000e+00
# END HISTO1D

# BEGIN HISTO1D //home/frederic/Work/Software/LesHouches2017/lh2017-alphas/rivet-analysis/gluon-as015015-truth.yoda/MC_LHJSS_Zjet/log_Angularity_zcut_0.2_beta_0_alpha_1
LineColor=green
LineStyle=solid
NormalizeToSum=1
Path=//home/frederic/Work/Software/LesHouches2017/lh2017-alphas/rivet-analysis/gluon-as015015-truth.yoda/MC_LHJSS_Zjet/log_Angularity_zcut_0.2_beta_0_alpha_1
Title=gluon-as015015-truth
XLabel=
YLabel=
# xlow	 xhigh	 val	 errminus	 errplus
0.000000e+00	1.000000e-01	0.000000e+00	0.000000e+00	0.000000e+00
1.000000e-01	2.000000e-01	1.000000e+01	1.000000e+01	1.000000e+01
2.000000e-01	3.000000e-01	0.000000e+00	0.000000e+00	0.000000e+00
3.000000e-01	4.000000e-01	2.000000e+01	1.414214e+01	1.414214e+01
4.000000e-01	5.000000e-01	8.000000e+01	2.828427e+01	2.828427e+01
5.000000e-01	6.000000e-01	1.700000e+02	4.123106e+01	4.123106e+01
6.000000e-01	7.000000e-01	4.700000e+02	6.855655e+01	6.855655e+01
7.000000e-01	8.000000e-01	7.600000e+02	8.717798e+01	8.717798e+01
8.000000e-01	9.000000e-01	9.200000e+02	9.591663e+01	9.591663e+01
9.000000e-01	1.000000e+00	1.330000e+03	1.153256e+02	1.153256e+02
1.000000e+00	1.100000e+00	1.570000e+03	1.252996e+02	1.252996e+02
1.100000e+00	1.200000e+00	1.520000e+03	1.232883e+02	1.232883e+02
1.200000e+00	1.300000e+00	1.830000e+03	1.352775e+02	1.352775e+02
1.300000e+00	1.400000e+00	2.220000e+03	1.489966e+02	1.489966e+02
1.400000e+00	1.500000e+00	2.210000e+03	1.486607e+02	1.486607e+02
1.500000e+00	1.600000e+00	2.360000e+03	1.536229e+02	1.536229e+02
1.600000e+00	1.700000e+00	2.310000e+03	1.519868e+02	1.519868e+02
1.700000e+00	1.800000e+00	2.220000e+03	1.489966e+02	1.489966e+02
1.800000e+00	1.900000e+00	2.600000e+03	1.612452e+02	1.612452e+02
1.900000e+00	2.000000e+00	2.180000e+03	1.476482e+02	1.476482e+02
2.000000e+00	2.100000e+00	2.370000e+03	1.539480e+02	1.539480e+02
2.100000e+00	2.200000e+00	2.380000e+03	1.542725e+02	1.542725e+02
2.200000e+00	2.300000e+00	2.100000e+03	1.449138e+02	1.449138e+02
2.300000e+00	2.400000e+00	2.300000e+03	1.516575e+02	1.516575e+02
2.400000e+00	2.500000e+00	1.950000e+03	1.396424e+02	1.396424e+02
2.500000e+00	2.600000e+00	2.320000e+03	1.523155e+02	1.523155e+02
2.600000e+00	2.700000e+00	2.140000e+03	1.462874e+02	1.462874e+02
2.700000e+00	2.800000e+00	2.160000e+03	1.469694e+02	1.469694e+02
2.800000e+00	2.900000e+00	2.220000e+03	1.489966e+02	1.489966e+02
2.900000e+00	3.000000e+00	2.150000e+03	1.466288e+02	1.466288e+02
3.000000e+00	3.100000e+00	2.160000e+03	1.469694e+02	1.469694e+02
3.100000e+00	3.200000e+00	2.150000e+03	1.466288e+02	1.466288e+02
3.200000e+00	3.300000e+00	2.150000e+03	1.466288e+02	1.466288e+02
3.300000e+00	3.400000e+00	2.040000e+03	1.428286e+02	1.428286e+02
3.400000e+00	3.500000e+00	1.940000e+03	1.392839e+02	1.392839e+02
3.500000e+00	3.600000e+00	2.010000e+03	1.417745e+02	1.417745e+02
3.600000e+00	3.700000e+00	2.000000e+03	1.414214e+02	1.414214e+02
3.700000e+00	3.800000e+00	2.290000e+03	1.513275e+02	1.513275e+02
3.800000e+00	3.900000e+00	2.070000e+03	1.438749e+02	1.438749e+02
3.900000e+00	4.000000e+00	2.370000e+03	1.539480e+02	1.539480e+02
4.000000e+00	4.100000e+00	2.410000e+03	1.552417e+02	1.552417e+02
4.100000e+00	4.200000e+00	2.870000e+03	1.694107e+02	1.694107e+02
4.200000e+00	4.300000e+00	2.800000e+03	1.673320e+02	1.673320e+02
4.300000e+00	4.400000e+00	2.600000e+03	1.612452e+02	1.612452e+02
4.400000e+00	4.500000e+00	2.500000e+03	1.581139e+02	1.581139e+02
4.500000e+00	4.600000e+00	2.230000e+03	1.493318e+02	1.493318e+02
4.600000e+00	4.700000e+00	2.120000e+03	1.456022e+02	1.456022e+02
4.700000e+00	4.800000e+00	1.950000e+03	1.396424e+02	1.396424e+02
4.800000e+00	4.900000e+00	1.800000e+03	1.341641e+02	1.341641e+02
4.900000e+00	5.000000e+00	1.690000e+03	1.300000e+02	1.300000e+02
5.000000e+00	5.100000e+00	1.600000e+03	1.264911e+02	1.264911e+02
5.100000e+00	5.200000e+00	1.170000e+03	1.081665e+02	1.081665e+02
5.200000e+00	5.300000e+00	1.020000e+03	1.009950e+02	1.009950e+02
5.300000e+00	5.400000e+00	9.400000e+02	9.695360e+01	9.695360e+01
5.400000e+00	5.500000e+00	8.400000e+02	9.165151e+01	9.165151e+01
5.500000e+00	5.600000e+00	6.400000e+02	8.000000e+01	8.000000e+01
5.600000e+00	5.700000e+00	5.500000e+02	7.416198e+01	7.416198e+01
5.700000e+00	5.800000e+00	5.700000e+02	7.549834e+01	7.549834e+01
5.800000e+00	5.900000e+00	5.500000e+02	7.416198e+01	7.416198e+01
5.900000e+00	6.000000e+00	4.100000e+02	6.403124e+01	6.403124e+01
6.000000e+00	6.100000e+00	3.100000e+02	5.567764e+01	5.567764e+01
6.100000e+00	6.200000e+00	3.400000e+02	5.830952e+01	5.830952e+01
6.200000e+00	6.300000e+00	2.500000e+02	5.000000e+01	5.000000e+01
6.300000e+00	6.400000e+00	2.400000e+02	4.898979e+01	4.898979e+01
6.400000e+00	6.500000e+00	1.800000e+02	4.242641e+01	4.242641e+01
6.500000e+00	6.600000e+00	1.100000e+02	3.316625e+01	3.316625e+01
6.600000e+00	6.700000e+00	1.200000e+02	3.464102e+01	3.464102e+01
6.700000e+00	6.800000e+00	9.000000e+01	3.000000e+01	3.000000e+01
6.800000e+00	6.900000e+00	9.000000e+01	3.000000e+01	3.000000e+01
6.900000e+00	7.000000e+00	1.100000e+02	3.316625e+01	3.316625e+01
7.000000e+00	7.100000e+00	1.000000e+02	3.162278e+01	3.162278e+01
7.100000e+00	7.200000e+00	6.000000e+01	2.449490e+01	2.449490e+01
7.200000e+00	7.300000e+00	3.000000e+01	1.732051e+01	1.732051e+01
7.300000e+00	7.400000e+00	2.000000e+01	1.414214e+01	1.414214e+01
7.400000e+00	7.500000e+00	5.000000e+01	2.236068e+01	2.236068e+01
7.500000e+00	7.600000e+00	3.000000e+01	1.732051e+01	1.732051e+01
7.600000e+00	7.700000e+00	3.000000e+01	1.732051e+01	1.732051e+01
7.700000e+00	7.800000e+00	0.000000e+00	0.000000e+00	0.000000e+00
7.800000e+00	7.900000e+00	1.000000e+01	1.000000e+01	1.000000e+01
7.900000e+00	8.000000e+00	0.000000e+00	0.000000e+00	0.000000e+00
8.000000e+00	8.100000e+00	1.000000e+01	1.000000e+01	1.000000e+01
8.100000e+00	8.200000e+00	1.000000e+01	1.000000e+01	1.000000e+01
8.200000e+00	8.300000e+00	0.000000e+00	0.000000e+00	0.000000e+00
8.300000e+00	8.400000e+00	1.000000e+01	1.000000e+01	1.000000e+01
8.400000e+00	8.500000e+00	0.000000e+00	0.000000e+00	0.000000e+00
8.500000e+00	8.600000e+00	1.000000e+01	1.000000e+01	1.000000e+01
8.600000e+00	8.700000e+00	0.000000e+00	0.000000e+00	0.000000e+00
8.700000e+00	8.800000e+00	0.000000e+00	0.000000e+00	0.000000e+00
8.800000e+00	8.900000e+00	0.000000e+00	0.000000e+00	0.000000e+00
8.900000e+00	9.000000e+00	0.000000e+00	0.000000e+00	0.000000e+00
9.000000e+00	9.100000e+00	0.000000e+00	0.000000e+00	0.000000e+00
9.100000e+00	9.200000e+00	1.000000e+01	1.000000e+01	1.000000e+01
9.200000e+00	9.300000e+00	0.000000e+00	0.000000e+00	0.000000e+00
9.300000e+00	9.400000e+00	0.000000e+00	0.000000e+00	0.000000e+00
9.400000e+00	9.500000e+00	0.000000e+00	0.000000e+00	0.000000e+00
9.500000e+00	9.600000e+00	0.000000e+00	0.000000e+00	0.000000e+00
9.600000e+00	9.700000e+00	0.000000e+00	0.000000e+00	0.000000e+00
9.700000e+00	9.800000e+00	0.000000e+00	0.000000e+00	0.000000e+00
9.800000e+00	9.900000e+00	0.000000e+00	0.000000e+00	0.000000e+00
9.900000e+00	1.000000e+01	0.000000e+00	0.000000e+00	0.000000e+00
1.000000e+01	1.010000e+01	0.000000e+00	0.000000e+00	0.000000e+00
1.010000e+01	1.020000e+01	0.000000e+00	0.000000e+00	0.000000e+00
1.020000e+01	1.030000e+01	0.000000e+00	0.000000e+00	0.000000e+00
1.030000e+01	1.040000e+01	0.000000e+00	0.000000e+00	0.000000e+00
1.040000e+01	1.050000e+01	0.000000e+00	0.000000e+00	0.000000e+00
1.050000e+01	1.060000e+01	0.000000e+00	0.000000e+00	0.000000e+00
1.060000e+01	1.070000e+01	0.000000e+00	0.000000e+00	0.000000e+00
1.070000e+01	1.080000e+01	0.000000e+00	0.000000e+00	0.000000e+00
1.080000e+01	1.090000e+01	0.000000e+00	0.000000e+00	0.000000e+00
1.090000e+01	1.100000e+01	0.000000e+00	0.000000e+00	0.000000e+00
1.100000e+01	1.110000e+01	0.000000e+00	0.000000e+00	0.000000e+00
1.110000e+01	1.120000e+01	0.000000e+00	0.000000e+00	0.000000e+00
1.120000e+01	1.130000e+01	0.000000e+00	0.000000e+00	0.000000e+00
1.130000e+01	1.140000e+01	0.000000e+00	0.000000e+00	0.000000e+00
1.140000e+01	1.150000e+01	0.000000e+00	0.000000e+00	0.000000e+00
1.150000e+01	1.160000e+01	0.000000e+00	0.000000e+00	0.000000e+00
1.160000e+01	1.170000e+01	0.000000e+00	0.000000e+00	0.000000e+00
1.170000e+01	1.180000e+01	0.000000e+00	0.000000e+00	0.000000e+00
1.180000e+01	1.190000e+01	0.000000e+00	0.000000e+00	0.000000e+00
1.190000e+01	1.200000e+01	0.000000e+00	0.000000e+00	0.000000e+00
1.200000e+01	1.210000e+01	0.000000e+00	0.000000e+00	0.000000e+00
1.210000e+01	1.220000e+01	0.000000e+00	0.000000e+00	0.000000e+00
1.220000e+01	1.230000e+01	0.000000e+00	0.000000e+00	0.000000e+00
1.230000e+01	1.240000e+01	0.000000e+00	0.000000e+00	0.000000e+00
1.240000e+01	1.250000e+01	0.000000e+00	0.000000e+00	0.000000e+00
1.250000e+01	1.260000e+01	0.000000e+00	0.000000e+00	0.000000e+00
1.260000e+01	1.270000e+01	0.000000e+00	0.000000e+00	0.000000e+00
1.270000e+01	1.280000e+01	0.000000e+00	0.000000e+00	0.000000e+00
1.280000e+01	1.290000e+01	0.000000e+00	0.000000e+00	0.000000e+00
1.290000e+01	1.300000e+01	0.000000e+00	0.000000e+00	0.000000e+00
1.300000e+01	1.310000e+01	0.000000e+00	0.000000e+00	0.000000e+00
1.310000e+01	1.320000e+01	0.000000e+00	0.000000e+00	0.000000e+00
1.320000e+01	1.330000e+01	0.000000e+00	0.000000e+00	0.000000e+00
1.330000e+01	1.340000e+01	0.000000e+00	0.000000e+00	0.000000e+00
1.340000e+01	1.350000e+01	0.000000e+00	0.000000e+00	0.000000e+00
1.350000e+01	1.360000e+01	0.000000e+00	0.000000e+00	0.000000e+00
1.360000e+01	1.370000e+01	0.000000e+00	0.000000e+00	0.000000e+00
1.370000e+01	1.380000e+01	0.000000e+00	0.000000e+00	0.000000e+00
1.380000e+01	1.390000e+01	0.000000e+00	0.000000e+00	0.000000e+00
1.390000e+01	1.400000e+01	0.000000e+00	0.000000e+00	0.000000e+00
1.400000e+01	1.410000e+01	0.000000e+00	0.000000e+00	0.000000e+00
1.410000e+01	1.420000e+01	0.000000e+00	0.000000e+00	0.000000e+00
1.420000e+01	1.430000e+01	0.000000e+00	0.000000e+00	0.000000e+00
1.430000e+01	1.440000e+01	0.000000e+00	0.000000e+00	0.000000e+00
1.440000e+01	1.450000e+01	0.000000e+00	0.000000e+00	0.000000e+00
1.450000e+01	1.460000e+01	0.000000e+00	0.000000e+00	0.000000e+00
1.460000e+01	1.470000e+01	0.000000e+00	0.000000e+00	0.000000e+00
1.470000e+01	1.480000e+01	0.000000e+00	0.000000e+00	0.000000e+00
1.480000e+01	1.490000e+01	0.000000e+00	0.000000e+00	0.000000e+00
1.490000e+01	1.500000e+01	0.000000e+00	0.000000e+00	0.000000e+00
# END HISTO1D

