# BEGIN PLOT
LegendOnly=//home/frederic/Work/Software/LesHouches2017/lh2017-alphas/rivet-analysis/gluon-as013650-truth.yoda/MC_LHJSS_Zjet/log_theta_g_zcut_0.05_beta_0_alpha_2 //home/frederic/Work/Software/LesHouches2017/lh2017-alphas/rivet-analysis/gluon-as012285-truth.yoda/MC_LHJSS_Zjet/log_theta_g_zcut_0.05_beta_0_alpha_2 //home/frederic/Work/Software/LesHouches2017/lh2017-alphas/rivet-analysis/gluon-as015015-truth.yoda/MC_LHJSS_Zjet/log_theta_g_zcut_0.05_beta_0_alpha_2
DrawOnly=//home/frederic/Work/Software/LesHouches2017/lh2017-alphas/rivet-analysis/gluon-as013650-truth.yoda/MC_LHJSS_Zjet/log_theta_g_zcut_0.05_beta_0_alpha_2 //home/frederic/Work/Software/LesHouches2017/lh2017-alphas/rivet-analysis/gluon-as012285-truth.yoda/MC_LHJSS_Zjet/log_theta_g_zcut_0.05_beta_0_alpha_2 //home/frederic/Work/Software/LesHouches2017/lh2017-alphas/rivet-analysis/gluon-as015015-truth.yoda/MC_LHJSS_Zjet/log_theta_g_zcut_0.05_beta_0_alpha_2
Title=$\theta_g$, $\alpha$ = 2 $z_{cut}$ = 0.05 $\beta$ = 0
RatioPlot=1
LogX=0
LogY=0
RatioPlotYLabel=Ratio
RatioPlotReference=//home/frederic/Work/Software/LesHouches2017/lh2017-alphas/rivet-analysis/gluon-as013650-truth.yoda/MC_LHJSS_Zjet/log_theta_g_zcut_0.05_beta_0_alpha_2
XLabel=$\theta_g$
YLabel=$1/\sigma \text{d}\sigma/\text{d}\theta_g$
Legend=1
# END PLOT

# BEGIN HISTO1D //home/frederic/Work/Software/LesHouches2017/lh2017-alphas/rivet-analysis/gluon-as013650-truth.yoda/MC_LHJSS_Zjet/log_theta_g_zcut_0.05_beta_0_alpha_2
LineColor=red
LineStyle=solid
NormalizeToSum=1
Path=//home/frederic/Work/Software/LesHouches2017/lh2017-alphas/rivet-analysis/gluon-as013650-truth.yoda/MC_LHJSS_Zjet/log_theta_g_zcut_0.05_beta_0_alpha_2
ScaledBy=6.97593303104290135e-05
Title=gluon-as013650-truth
XLabel=
YLabel=
# xlow	 xhigh	 val	 errminus	 errplus
0.000000e+00	1.000000e-01	2.023021e-02	3.756655e-03	3.756655e-03
1.000000e-01	2.000000e-01	1.199860e-01	9.148850e-03	9.148850e-03
2.000000e-01	3.000000e-01	3.571678e-01	1.578473e-02	1.578473e-02
3.000000e-01	4.000000e-01	4.652947e-01	1.801628e-02	1.801628e-02
4.000000e-01	5.000000e-01	4.513429e-01	1.774412e-02	1.774412e-02
5.000000e-01	6.000000e-01	4.736659e-01	1.817763e-02	1.817763e-02
6.000000e-01	7.000000e-01	4.625044e-01	1.796218e-02	1.796218e-02
7.000000e-01	8.000000e-01	4.248343e-01	1.721516e-02	1.721516e-02
8.000000e-01	9.000000e-01	4.087897e-01	1.688694e-02	1.688694e-02
9.000000e-01	1.000000e+00	3.934426e-01	1.656692e-02	1.656692e-02
1.000000e+00	1.100000e+00	3.836763e-01	1.636001e-02	1.636001e-02
1.100000e+00	1.200000e+00	3.648413e-01	1.595339e-02	1.595339e-02
1.200000e+00	1.300000e+00	3.571678e-01	1.578473e-02	1.578473e-02
1.300000e+00	1.400000e+00	3.139170e-01	1.479819e-02	1.479819e-02
1.400000e+00	1.500000e+00	2.881060e-01	1.417677e-02	1.417677e-02
1.500000e+00	1.600000e+00	2.908964e-01	1.424526e-02	1.424526e-02
1.600000e+00	1.700000e+00	2.971747e-01	1.439816e-02	1.439816e-02
1.700000e+00	1.800000e+00	2.741542e-01	1.382925e-02	1.382925e-02
1.800000e+00	1.900000e+00	2.664806e-01	1.363434e-02	1.363434e-02
1.900000e+00	2.000000e+00	2.469480e-01	1.312514e-02	1.312514e-02
2.000000e+00	2.100000e+00	2.371817e-01	1.286299e-02	1.286299e-02
2.100000e+00	2.200000e+00	2.162539e-01	1.228240e-02	1.228240e-02
2.200000e+00	2.300000e+00	2.197419e-01	1.238105e-02	1.238105e-02
2.300000e+00	2.400000e+00	2.106732e-01	1.212288e-02	1.212288e-02
2.400000e+00	2.500000e+00	1.737007e-01	1.100784e-02	1.100784e-02
2.500000e+00	2.600000e+00	1.841646e-01	1.133455e-02	1.133455e-02
2.600000e+00	2.700000e+00	1.995117e-01	1.179737e-02	1.179737e-02
2.700000e+00	2.800000e+00	1.771887e-01	1.111781e-02	1.111781e-02
2.800000e+00	2.900000e+00	1.862574e-01	1.139877e-02	1.139877e-02
2.900000e+00	3.000000e+00	1.513777e-01	1.027619e-02	1.027619e-02
3.000000e+00	3.100000e+00	1.492850e-01	1.020491e-02	1.020491e-02
3.100000e+00	3.200000e+00	1.548657e-01	1.039391e-02	1.039391e-02
3.200000e+00	3.300000e+00	1.437042e-01	1.001235e-02	1.001235e-02
3.300000e+00	3.400000e+00	1.457970e-01	1.008499e-02	1.008499e-02
3.400000e+00	3.500000e+00	1.116149e-01	8.823935e-03	8.823935e-03
3.500000e+00	3.600000e+00	9.975584e-02	8.342003e-03	8.342003e-03
3.600000e+00	3.700000e+00	1.018486e-01	8.429052e-03	8.429052e-03
3.700000e+00	3.800000e+00	8.789676e-02	7.830466e-03	7.830466e-03
3.800000e+00	3.900000e+00	7.185211e-02	7.079799e-03	7.079799e-03
3.900000e+00	4.000000e+00	6.696896e-02	6.834991e-03	6.834991e-03
4.000000e+00	4.100000e+00	5.162190e-02	6.000924e-03	6.000924e-03
4.100000e+00	4.200000e+00	4.813394e-02	5.794645e-03	5.794645e-03
4.200000e+00	4.300000e+00	3.487967e-02	4.932729e-03	4.932729e-03
4.300000e+00	4.400000e+00	2.581095e-02	4.243295e-03	4.243295e-03
4.400000e+00	4.500000e+00	1.953261e-02	3.691317e-03	3.691317e-03
4.500000e+00	4.600000e+00	1.674224e-02	3.417495e-03	3.417495e-03
4.600000e+00	4.700000e+00	1.674224e-02	3.417495e-03	3.417495e-03
4.700000e+00	4.800000e+00	1.116149e-02	2.790373e-03	2.790373e-03
4.800000e+00	4.900000e+00	5.580746e-03	1.973092e-03	1.973092e-03
4.900000e+00	5.000000e+00	2.092780e-03	1.208267e-03	1.208267e-03
5.000000e+00	5.100000e+00	6.278340e-03	2.092780e-03	2.092780e-03
5.100000e+00	5.200000e+00	1.395187e-03	9.865459e-04	9.865459e-04
5.200000e+00	5.300000e+00	2.790373e-03	1.395187e-03	1.395187e-03
5.300000e+00	5.400000e+00	6.975933e-04	6.975933e-04	6.975933e-04
5.400000e+00	5.500000e+00	6.975933e-04	6.975933e-04	6.975933e-04
5.500000e+00	5.600000e+00	2.092780e-03	1.208267e-03	1.208267e-03
5.600000e+00	5.700000e+00	0.000000e+00	0.000000e+00	0.000000e+00
5.700000e+00	5.800000e+00	0.000000e+00	0.000000e+00	0.000000e+00
5.800000e+00	5.900000e+00	6.975933e-04	6.975933e-04	6.975933e-04
5.900000e+00	6.000000e+00	0.000000e+00	0.000000e+00	0.000000e+00
6.000000e+00	6.100000e+00	0.000000e+00	0.000000e+00	0.000000e+00
6.100000e+00	6.200000e+00	0.000000e+00	0.000000e+00	0.000000e+00
6.200000e+00	6.300000e+00	0.000000e+00	0.000000e+00	0.000000e+00
6.300000e+00	6.400000e+00	0.000000e+00	0.000000e+00	0.000000e+00
6.400000e+00	6.500000e+00	0.000000e+00	0.000000e+00	0.000000e+00
6.500000e+00	6.600000e+00	0.000000e+00	0.000000e+00	0.000000e+00
6.600000e+00	6.700000e+00	0.000000e+00	0.000000e+00	0.000000e+00
6.700000e+00	6.800000e+00	0.000000e+00	0.000000e+00	0.000000e+00
6.800000e+00	6.900000e+00	0.000000e+00	0.000000e+00	0.000000e+00
6.900000e+00	7.000000e+00	0.000000e+00	0.000000e+00	0.000000e+00
7.000000e+00	7.100000e+00	0.000000e+00	0.000000e+00	0.000000e+00
7.100000e+00	7.200000e+00	0.000000e+00	0.000000e+00	0.000000e+00
7.200000e+00	7.300000e+00	0.000000e+00	0.000000e+00	0.000000e+00
7.300000e+00	7.400000e+00	0.000000e+00	0.000000e+00	0.000000e+00
7.400000e+00	7.500000e+00	0.000000e+00	0.000000e+00	0.000000e+00
7.500000e+00	7.600000e+00	0.000000e+00	0.000000e+00	0.000000e+00
7.600000e+00	7.700000e+00	0.000000e+00	0.000000e+00	0.000000e+00
7.700000e+00	7.800000e+00	0.000000e+00	0.000000e+00	0.000000e+00
7.800000e+00	7.900000e+00	0.000000e+00	0.000000e+00	0.000000e+00
7.900000e+00	8.000000e+00	0.000000e+00	0.000000e+00	0.000000e+00
8.000000e+00	8.100000e+00	0.000000e+00	0.000000e+00	0.000000e+00
8.100000e+00	8.200000e+00	0.000000e+00	0.000000e+00	0.000000e+00
8.200000e+00	8.300000e+00	0.000000e+00	0.000000e+00	0.000000e+00
8.300000e+00	8.400000e+00	0.000000e+00	0.000000e+00	0.000000e+00
8.400000e+00	8.500000e+00	0.000000e+00	0.000000e+00	0.000000e+00
8.500000e+00	8.600000e+00	0.000000e+00	0.000000e+00	0.000000e+00
8.600000e+00	8.700000e+00	0.000000e+00	0.000000e+00	0.000000e+00
8.700000e+00	8.800000e+00	0.000000e+00	0.000000e+00	0.000000e+00
8.800000e+00	8.900000e+00	0.000000e+00	0.000000e+00	0.000000e+00
8.900000e+00	9.000000e+00	0.000000e+00	0.000000e+00	0.000000e+00
9.000000e+00	9.100000e+00	0.000000e+00	0.000000e+00	0.000000e+00
9.100000e+00	9.200000e+00	0.000000e+00	0.000000e+00	0.000000e+00
9.200000e+00	9.300000e+00	0.000000e+00	0.000000e+00	0.000000e+00
9.300000e+00	9.400000e+00	0.000000e+00	0.000000e+00	0.000000e+00
9.400000e+00	9.500000e+00	0.000000e+00	0.000000e+00	0.000000e+00
9.500000e+00	9.600000e+00	0.000000e+00	0.000000e+00	0.000000e+00
9.600000e+00	9.700000e+00	0.000000e+00	0.000000e+00	0.000000e+00
9.700000e+00	9.800000e+00	0.000000e+00	0.000000e+00	0.000000e+00
9.800000e+00	9.900000e+00	0.000000e+00	0.000000e+00	0.000000e+00
9.900000e+00	1.000000e+01	0.000000e+00	0.000000e+00	0.000000e+00
1.000000e+01	1.010000e+01	0.000000e+00	0.000000e+00	0.000000e+00
1.010000e+01	1.020000e+01	0.000000e+00	0.000000e+00	0.000000e+00
1.020000e+01	1.030000e+01	0.000000e+00	0.000000e+00	0.000000e+00
1.030000e+01	1.040000e+01	0.000000e+00	0.000000e+00	0.000000e+00
1.040000e+01	1.050000e+01	0.000000e+00	0.000000e+00	0.000000e+00
1.050000e+01	1.060000e+01	0.000000e+00	0.000000e+00	0.000000e+00
1.060000e+01	1.070000e+01	0.000000e+00	0.000000e+00	0.000000e+00
1.070000e+01	1.080000e+01	0.000000e+00	0.000000e+00	0.000000e+00
1.080000e+01	1.090000e+01	0.000000e+00	0.000000e+00	0.000000e+00
1.090000e+01	1.100000e+01	0.000000e+00	0.000000e+00	0.000000e+00
1.100000e+01	1.110000e+01	0.000000e+00	0.000000e+00	0.000000e+00
1.110000e+01	1.120000e+01	0.000000e+00	0.000000e+00	0.000000e+00
1.120000e+01	1.130000e+01	0.000000e+00	0.000000e+00	0.000000e+00
1.130000e+01	1.140000e+01	0.000000e+00	0.000000e+00	0.000000e+00
1.140000e+01	1.150000e+01	0.000000e+00	0.000000e+00	0.000000e+00
1.150000e+01	1.160000e+01	0.000000e+00	0.000000e+00	0.000000e+00
1.160000e+01	1.170000e+01	0.000000e+00	0.000000e+00	0.000000e+00
1.170000e+01	1.180000e+01	0.000000e+00	0.000000e+00	0.000000e+00
1.180000e+01	1.190000e+01	0.000000e+00	0.000000e+00	0.000000e+00
1.190000e+01	1.200000e+01	0.000000e+00	0.000000e+00	0.000000e+00
1.200000e+01	1.210000e+01	0.000000e+00	0.000000e+00	0.000000e+00
1.210000e+01	1.220000e+01	0.000000e+00	0.000000e+00	0.000000e+00
1.220000e+01	1.230000e+01	0.000000e+00	0.000000e+00	0.000000e+00
1.230000e+01	1.240000e+01	0.000000e+00	0.000000e+00	0.000000e+00
1.240000e+01	1.250000e+01	0.000000e+00	0.000000e+00	0.000000e+00
1.250000e+01	1.260000e+01	0.000000e+00	0.000000e+00	0.000000e+00
1.260000e+01	1.270000e+01	0.000000e+00	0.000000e+00	0.000000e+00
1.270000e+01	1.280000e+01	0.000000e+00	0.000000e+00	0.000000e+00
1.280000e+01	1.290000e+01	0.000000e+00	0.000000e+00	0.000000e+00
1.290000e+01	1.300000e+01	0.000000e+00	0.000000e+00	0.000000e+00
1.300000e+01	1.310000e+01	0.000000e+00	0.000000e+00	0.000000e+00
1.310000e+01	1.320000e+01	0.000000e+00	0.000000e+00	0.000000e+00
1.320000e+01	1.330000e+01	0.000000e+00	0.000000e+00	0.000000e+00
1.330000e+01	1.340000e+01	0.000000e+00	0.000000e+00	0.000000e+00
1.340000e+01	1.350000e+01	0.000000e+00	0.000000e+00	0.000000e+00
1.350000e+01	1.360000e+01	0.000000e+00	0.000000e+00	0.000000e+00
1.360000e+01	1.370000e+01	0.000000e+00	0.000000e+00	0.000000e+00
1.370000e+01	1.380000e+01	0.000000e+00	0.000000e+00	0.000000e+00
1.380000e+01	1.390000e+01	0.000000e+00	0.000000e+00	0.000000e+00
1.390000e+01	1.400000e+01	0.000000e+00	0.000000e+00	0.000000e+00
1.400000e+01	1.410000e+01	0.000000e+00	0.000000e+00	0.000000e+00
1.410000e+01	1.420000e+01	0.000000e+00	0.000000e+00	0.000000e+00
1.420000e+01	1.430000e+01	0.000000e+00	0.000000e+00	0.000000e+00
1.430000e+01	1.440000e+01	0.000000e+00	0.000000e+00	0.000000e+00
1.440000e+01	1.450000e+01	0.000000e+00	0.000000e+00	0.000000e+00
1.450000e+01	1.460000e+01	0.000000e+00	0.000000e+00	0.000000e+00
1.460000e+01	1.470000e+01	0.000000e+00	0.000000e+00	0.000000e+00
1.470000e+01	1.480000e+01	0.000000e+00	0.000000e+00	0.000000e+00
1.480000e+01	1.490000e+01	0.000000e+00	0.000000e+00	0.000000e+00
1.490000e+01	1.500000e+01	0.000000e+00	0.000000e+00	0.000000e+00
# END HISTO1D

# BEGIN HISTO1D //home/frederic/Work/Software/LesHouches2017/lh2017-alphas/rivet-analysis/gluon-as012285-truth.yoda/MC_LHJSS_Zjet/log_theta_g_zcut_0.05_beta_0_alpha_2
LineColor=blue
LineStyle=solid
NormalizeToSum=1
Path=//home/frederic/Work/Software/LesHouches2017/lh2017-alphas/rivet-analysis/gluon-as012285-truth.yoda/MC_LHJSS_Zjet/log_theta_g_zcut_0.05_beta_0_alpha_2
ScaledBy=7.07513796519032182e-05
Title=gluon-as012285-truth
XLabel=
YLabel=
# xlow	 xhigh	 val	 errminus	 errplus
0.000000e+00	1.000000e-01	1.698033e-02	3.466096e-03	3.466096e-03
1.000000e-01	2.000000e-01	9.905193e-02	8.371416e-03	8.371416e-03
2.000000e-01	3.000000e-01	3.311165e-01	1.530586e-02	1.530586e-02
3.000000e-01	4.000000e-01	3.785199e-01	1.636484e-02	1.636484e-02
4.000000e-01	5.000000e-01	4.379510e-01	1.760274e-02	1.760274e-02
5.000000e-01	6.000000e-01	4.252158e-01	1.734491e-02	1.734491e-02
6.000000e-01	7.000000e-01	4.138956e-01	1.711247e-02	1.711247e-02
7.000000e-01	8.000000e-01	3.671997e-01	1.611828e-02	1.611828e-02
8.000000e-01	9.000000e-01	3.891326e-01	1.659267e-02	1.659267e-02
9.000000e-01	1.000000e+00	3.572945e-01	1.589940e-02	1.589940e-02
1.000000e+00	1.100000e+00	3.679072e-01	1.613380e-02	1.613380e-02
1.100000e+00	1.200000e+00	3.162587e-01	1.495852e-02	1.495852e-02
1.200000e+00	1.300000e+00	3.318240e-01	1.532221e-02	1.532221e-02
1.300000e+00	1.400000e+00	3.190887e-01	1.502530e-02	1.502530e-02
1.400000e+00	1.500000e+00	2.971558e-01	1.449972e-02	1.449972e-02
1.500000e+00	1.600000e+00	2.759304e-01	1.397228e-02	1.397228e-02
1.600000e+00	1.700000e+00	2.773454e-01	1.400806e-02	1.400806e-02
1.700000e+00	1.800000e+00	2.808830e-01	1.409711e-02	1.409711e-02
1.800000e+00	1.900000e+00	2.518749e-01	1.334934e-02	1.334934e-02
1.900000e+00	2.000000e+00	2.334796e-01	1.285263e-02	1.285263e-02
2.000000e+00	2.100000e+00	2.497524e-01	1.329298e-02	1.329298e-02
2.100000e+00	2.200000e+00	2.256969e-01	1.263660e-02	1.263660e-02
2.200000e+00	2.300000e+00	2.221593e-01	1.253718e-02	1.253718e-02
2.300000e+00	2.400000e+00	2.009339e-01	1.192323e-02	1.192323e-02
2.400000e+00	2.500000e+00	1.874912e-01	1.151749e-02	1.151749e-02
2.500000e+00	2.600000e+00	1.853686e-01	1.145211e-02	1.145211e-02
2.600000e+00	2.700000e+00	2.051790e-01	1.204853e-02	1.204853e-02
2.700000e+00	2.800000e+00	1.797085e-01	1.127591e-02	1.127591e-02
2.800000e+00	2.900000e+00	1.818310e-01	1.134231e-02	1.134231e-02
2.900000e+00	3.000000e+00	1.860761e-01	1.147394e-02	1.147394e-02
3.000000e+00	3.100000e+00	1.570681e-01	1.054172e-02	1.054172e-02
3.100000e+00	3.200000e+00	1.768784e-01	1.118677e-02	1.118677e-02
3.200000e+00	3.300000e+00	1.577756e-01	1.056543e-02	1.056543e-02
3.300000e+00	3.400000e+00	1.521155e-01	1.037419e-02	1.037419e-02
3.400000e+00	3.500000e+00	1.478704e-01	1.022841e-02	1.022841e-02
3.500000e+00	3.600000e+00	1.528230e-01	1.039829e-02	1.039829e-02
3.600000e+00	3.700000e+00	1.450403e-01	1.013005e-02	1.013005e-02
3.700000e+00	3.800000e+00	1.132022e-01	8.949420e-03	8.949420e-03
3.800000e+00	3.900000e+00	1.231074e-01	9.332748e-03	9.332748e-03
3.900000e+00	4.000000e+00	9.622188e-02	8.250958e-03	8.250958e-03
4.000000e+00	4.100000e+00	8.136409e-02	7.587240e-03	7.587240e-03
4.100000e+00	4.200000e+00	7.287392e-02	7.180480e-03	7.180480e-03
4.200000e+00	4.300000e+00	4.528088e-02	5.660110e-03	5.660110e-03
4.300000e+00	4.400000e+00	4.811094e-02	5.834308e-03	5.834308e-03
4.400000e+00	4.500000e+00	2.051790e-02	3.810079e-03	3.810079e-03
4.500000e+00	4.600000e+00	3.183812e-02	4.746147e-03	4.746147e-03
4.600000e+00	4.700000e+00	1.627282e-02	3.393117e-03	3.393117e-03
4.700000e+00	4.800000e+00	1.273525e-02	3.001727e-03	3.001727e-03
4.800000e+00	4.900000e+00	1.556530e-02	3.318534e-03	3.318534e-03
4.900000e+00	5.000000e+00	7.782652e-03	2.346558e-03	2.346558e-03
5.000000e+00	5.100000e+00	7.075138e-03	2.237355e-03	2.237355e-03
5.100000e+00	5.200000e+00	5.660110e-03	2.001151e-03	2.001151e-03
5.200000e+00	5.300000e+00	1.415028e-03	1.000576e-03	1.000576e-03
5.300000e+00	5.400000e+00	4.245083e-03	1.733048e-03	1.733048e-03
5.400000e+00	5.500000e+00	7.075138e-04	7.075138e-04	7.075138e-04
5.500000e+00	5.600000e+00	2.122541e-03	1.225450e-03	1.225450e-03
5.600000e+00	5.700000e+00	4.245083e-03	1.733048e-03	1.733048e-03
5.700000e+00	5.800000e+00	7.075138e-04	7.075138e-04	7.075138e-04
5.800000e+00	5.900000e+00	7.075138e-04	7.075138e-04	7.075138e-04
5.900000e+00	6.000000e+00	0.000000e+00	0.000000e+00	0.000000e+00
6.000000e+00	6.100000e+00	0.000000e+00	0.000000e+00	0.000000e+00
6.100000e+00	6.200000e+00	7.075138e-04	7.075138e-04	7.075138e-04
6.200000e+00	6.300000e+00	7.075138e-04	7.075138e-04	7.075138e-04
6.300000e+00	6.400000e+00	0.000000e+00	0.000000e+00	0.000000e+00
6.400000e+00	6.500000e+00	0.000000e+00	0.000000e+00	0.000000e+00
6.500000e+00	6.600000e+00	0.000000e+00	0.000000e+00	0.000000e+00
6.600000e+00	6.700000e+00	0.000000e+00	0.000000e+00	0.000000e+00
6.700000e+00	6.800000e+00	0.000000e+00	0.000000e+00	0.000000e+00
6.800000e+00	6.900000e+00	0.000000e+00	0.000000e+00	0.000000e+00
6.900000e+00	7.000000e+00	0.000000e+00	0.000000e+00	0.000000e+00
7.000000e+00	7.100000e+00	0.000000e+00	0.000000e+00	0.000000e+00
7.100000e+00	7.200000e+00	0.000000e+00	0.000000e+00	0.000000e+00
7.200000e+00	7.300000e+00	0.000000e+00	0.000000e+00	0.000000e+00
7.300000e+00	7.400000e+00	0.000000e+00	0.000000e+00	0.000000e+00
7.400000e+00	7.500000e+00	0.000000e+00	0.000000e+00	0.000000e+00
7.500000e+00	7.600000e+00	0.000000e+00	0.000000e+00	0.000000e+00
7.600000e+00	7.700000e+00	7.075138e-04	7.075138e-04	7.075138e-04
7.700000e+00	7.800000e+00	0.000000e+00	0.000000e+00	0.000000e+00
7.800000e+00	7.900000e+00	0.000000e+00	0.000000e+00	0.000000e+00
7.900000e+00	8.000000e+00	0.000000e+00	0.000000e+00	0.000000e+00
8.000000e+00	8.100000e+00	0.000000e+00	0.000000e+00	0.000000e+00
8.100000e+00	8.200000e+00	0.000000e+00	0.000000e+00	0.000000e+00
8.200000e+00	8.300000e+00	0.000000e+00	0.000000e+00	0.000000e+00
8.300000e+00	8.400000e+00	0.000000e+00	0.000000e+00	0.000000e+00
8.400000e+00	8.500000e+00	0.000000e+00	0.000000e+00	0.000000e+00
8.500000e+00	8.600000e+00	0.000000e+00	0.000000e+00	0.000000e+00
8.600000e+00	8.700000e+00	0.000000e+00	0.000000e+00	0.000000e+00
8.700000e+00	8.800000e+00	0.000000e+00	0.000000e+00	0.000000e+00
8.800000e+00	8.900000e+00	0.000000e+00	0.000000e+00	0.000000e+00
8.900000e+00	9.000000e+00	0.000000e+00	0.000000e+00	0.000000e+00
9.000000e+00	9.100000e+00	0.000000e+00	0.000000e+00	0.000000e+00
9.100000e+00	9.200000e+00	0.000000e+00	0.000000e+00	0.000000e+00
9.200000e+00	9.300000e+00	0.000000e+00	0.000000e+00	0.000000e+00
9.300000e+00	9.400000e+00	0.000000e+00	0.000000e+00	0.000000e+00
9.400000e+00	9.500000e+00	0.000000e+00	0.000000e+00	0.000000e+00
9.500000e+00	9.600000e+00	0.000000e+00	0.000000e+00	0.000000e+00
9.600000e+00	9.700000e+00	0.000000e+00	0.000000e+00	0.000000e+00
9.700000e+00	9.800000e+00	0.000000e+00	0.000000e+00	0.000000e+00
9.800000e+00	9.900000e+00	0.000000e+00	0.000000e+00	0.000000e+00
9.900000e+00	1.000000e+01	0.000000e+00	0.000000e+00	0.000000e+00
1.000000e+01	1.010000e+01	0.000000e+00	0.000000e+00	0.000000e+00
1.010000e+01	1.020000e+01	0.000000e+00	0.000000e+00	0.000000e+00
1.020000e+01	1.030000e+01	0.000000e+00	0.000000e+00	0.000000e+00
1.030000e+01	1.040000e+01	0.000000e+00	0.000000e+00	0.000000e+00
1.040000e+01	1.050000e+01	0.000000e+00	0.000000e+00	0.000000e+00
1.050000e+01	1.060000e+01	0.000000e+00	0.000000e+00	0.000000e+00
1.060000e+01	1.070000e+01	0.000000e+00	0.000000e+00	0.000000e+00
1.070000e+01	1.080000e+01	0.000000e+00	0.000000e+00	0.000000e+00
1.080000e+01	1.090000e+01	0.000000e+00	0.000000e+00	0.000000e+00
1.090000e+01	1.100000e+01	0.000000e+00	0.000000e+00	0.000000e+00
1.100000e+01	1.110000e+01	0.000000e+00	0.000000e+00	0.000000e+00
1.110000e+01	1.120000e+01	0.000000e+00	0.000000e+00	0.000000e+00
1.120000e+01	1.130000e+01	0.000000e+00	0.000000e+00	0.000000e+00
1.130000e+01	1.140000e+01	0.000000e+00	0.000000e+00	0.000000e+00
1.140000e+01	1.150000e+01	0.000000e+00	0.000000e+00	0.000000e+00
1.150000e+01	1.160000e+01	0.000000e+00	0.000000e+00	0.000000e+00
1.160000e+01	1.170000e+01	0.000000e+00	0.000000e+00	0.000000e+00
1.170000e+01	1.180000e+01	0.000000e+00	0.000000e+00	0.000000e+00
1.180000e+01	1.190000e+01	0.000000e+00	0.000000e+00	0.000000e+00
1.190000e+01	1.200000e+01	0.000000e+00	0.000000e+00	0.000000e+00
1.200000e+01	1.210000e+01	0.000000e+00	0.000000e+00	0.000000e+00
1.210000e+01	1.220000e+01	0.000000e+00	0.000000e+00	0.000000e+00
1.220000e+01	1.230000e+01	0.000000e+00	0.000000e+00	0.000000e+00
1.230000e+01	1.240000e+01	0.000000e+00	0.000000e+00	0.000000e+00
1.240000e+01	1.250000e+01	0.000000e+00	0.000000e+00	0.000000e+00
1.250000e+01	1.260000e+01	0.000000e+00	0.000000e+00	0.000000e+00
1.260000e+01	1.270000e+01	0.000000e+00	0.000000e+00	0.000000e+00
1.270000e+01	1.280000e+01	0.000000e+00	0.000000e+00	0.000000e+00
1.280000e+01	1.290000e+01	0.000000e+00	0.000000e+00	0.000000e+00
1.290000e+01	1.300000e+01	0.000000e+00	0.000000e+00	0.000000e+00
1.300000e+01	1.310000e+01	0.000000e+00	0.000000e+00	0.000000e+00
1.310000e+01	1.320000e+01	0.000000e+00	0.000000e+00	0.000000e+00
1.320000e+01	1.330000e+01	0.000000e+00	0.000000e+00	0.000000e+00
1.330000e+01	1.340000e+01	0.000000e+00	0.000000e+00	0.000000e+00
1.340000e+01	1.350000e+01	0.000000e+00	0.000000e+00	0.000000e+00
1.350000e+01	1.360000e+01	0.000000e+00	0.000000e+00	0.000000e+00
1.360000e+01	1.370000e+01	0.000000e+00	0.000000e+00	0.000000e+00
1.370000e+01	1.380000e+01	0.000000e+00	0.000000e+00	0.000000e+00
1.380000e+01	1.390000e+01	0.000000e+00	0.000000e+00	0.000000e+00
1.390000e+01	1.400000e+01	0.000000e+00	0.000000e+00	0.000000e+00
1.400000e+01	1.410000e+01	0.000000e+00	0.000000e+00	0.000000e+00
1.410000e+01	1.420000e+01	0.000000e+00	0.000000e+00	0.000000e+00
1.420000e+01	1.430000e+01	0.000000e+00	0.000000e+00	0.000000e+00
1.430000e+01	1.440000e+01	0.000000e+00	0.000000e+00	0.000000e+00
1.440000e+01	1.450000e+01	0.000000e+00	0.000000e+00	0.000000e+00
1.450000e+01	1.460000e+01	0.000000e+00	0.000000e+00	0.000000e+00
1.460000e+01	1.470000e+01	0.000000e+00	0.000000e+00	0.000000e+00
1.470000e+01	1.480000e+01	0.000000e+00	0.000000e+00	0.000000e+00
1.480000e+01	1.490000e+01	0.000000e+00	0.000000e+00	0.000000e+00
1.490000e+01	1.500000e+01	0.000000e+00	0.000000e+00	0.000000e+00
# END HISTO1D

# BEGIN HISTO1D //home/frederic/Work/Software/LesHouches2017/lh2017-alphas/rivet-analysis/gluon-as015015-truth.yoda/MC_LHJSS_Zjet/log_theta_g_zcut_0.05_beta_0_alpha_2
LineColor=green
LineStyle=solid
NormalizeToSum=1
Path=//home/frederic/Work/Software/LesHouches2017/lh2017-alphas/rivet-analysis/gluon-as015015-truth.yoda/MC_LHJSS_Zjet/log_theta_g_zcut_0.05_beta_0_alpha_2
Title=gluon-as015015-truth
XLabel=
YLabel=
# xlow	 xhigh	 val	 errminus	 errplus
0.000000e+00	1.000000e-01	2.000000e+02	4.472136e+01	4.472136e+01
1.000000e-01	2.000000e-01	1.370000e+03	1.170470e+02	1.170470e+02
2.000000e-01	3.000000e-01	3.960000e+03	1.989975e+02	1.989975e+02
3.000000e-01	4.000000e-01	5.110000e+03	2.260531e+02	2.260531e+02
4.000000e-01	5.000000e-01	5.070000e+03	2.251666e+02	2.251666e+02
5.000000e-01	6.000000e-01	4.850000e+03	2.202272e+02	2.202272e+02
6.000000e-01	7.000000e-01	5.360000e+03	2.315167e+02	2.315167e+02
7.000000e-01	8.000000e-01	4.920000e+03	2.218107e+02	2.218107e+02
8.000000e-01	9.000000e-01	4.290000e+03	2.071232e+02	2.071232e+02
9.000000e-01	1.000000e+00	4.770000e+03	2.184033e+02	2.184033e+02
1.000000e+00	1.100000e+00	4.060000e+03	2.014944e+02	2.014944e+02
1.100000e+00	1.200000e+00	4.360000e+03	2.088061e+02	2.088061e+02
1.200000e+00	1.300000e+00	3.540000e+03	1.881489e+02	1.881489e+02
1.300000e+00	1.400000e+00	3.310000e+03	1.819341e+02	1.819341e+02
1.400000e+00	1.500000e+00	3.310000e+03	1.819341e+02	1.819341e+02
1.500000e+00	1.600000e+00	3.060000e+03	1.749286e+02	1.749286e+02
1.600000e+00	1.700000e+00	3.030000e+03	1.740690e+02	1.740690e+02
1.700000e+00	1.800000e+00	2.620000e+03	1.618641e+02	1.618641e+02
1.800000e+00	1.900000e+00	2.840000e+03	1.685230e+02	1.685230e+02
1.900000e+00	2.000000e+00	2.330000e+03	1.526434e+02	1.526434e+02
2.000000e+00	2.100000e+00	2.350000e+03	1.532971e+02	1.532971e+02
2.100000e+00	2.200000e+00	2.310000e+03	1.519868e+02	1.519868e+02
2.200000e+00	2.300000e+00	2.060000e+03	1.435270e+02	1.435270e+02
2.300000e+00	2.400000e+00	2.280000e+03	1.509967e+02	1.509967e+02
2.400000e+00	2.500000e+00	1.750000e+03	1.322876e+02	1.322876e+02
2.500000e+00	2.600000e+00	2.100000e+03	1.449138e+02	1.449138e+02
2.600000e+00	2.700000e+00	1.770000e+03	1.330413e+02	1.330413e+02
2.700000e+00	2.800000e+00	1.700000e+03	1.303840e+02	1.303840e+02
2.800000e+00	2.900000e+00	1.460000e+03	1.208305e+02	1.208305e+02
2.900000e+00	3.000000e+00	1.530000e+03	1.236932e+02	1.236932e+02
3.000000e+00	3.100000e+00	1.350000e+03	1.161895e+02	1.161895e+02
3.100000e+00	3.200000e+00	1.420000e+03	1.191638e+02	1.191638e+02
3.200000e+00	3.300000e+00	1.030000e+03	1.014889e+02	1.014889e+02
3.300000e+00	3.400000e+00	9.700000e+02	9.848858e+01	9.848858e+01
3.400000e+00	3.500000e+00	1.030000e+03	1.014889e+02	1.014889e+02
3.500000e+00	3.600000e+00	7.900000e+02	8.888194e+01	8.888194e+01
3.600000e+00	3.700000e+00	8.200000e+02	9.055385e+01	9.055385e+01
3.700000e+00	3.800000e+00	5.500000e+02	7.416198e+01	7.416198e+01
3.800000e+00	3.900000e+00	4.200000e+02	6.480741e+01	6.480741e+01
3.900000e+00	4.000000e+00	4.600000e+02	6.782330e+01	6.782330e+01
4.000000e+00	4.100000e+00	3.300000e+02	5.744563e+01	5.744563e+01
4.100000e+00	4.200000e+00	2.800000e+02	5.291503e+01	5.291503e+01
4.200000e+00	4.300000e+00	2.200000e+02	4.690416e+01	4.690416e+01
4.300000e+00	4.400000e+00	1.000000e+02	3.162278e+01	3.162278e+01
4.400000e+00	4.500000e+00	9.000000e+01	3.000000e+01	3.000000e+01
4.500000e+00	4.600000e+00	1.000000e+02	3.162278e+01	3.162278e+01
4.600000e+00	4.700000e+00	9.000000e+01	3.000000e+01	3.000000e+01
4.700000e+00	4.800000e+00	5.000000e+01	2.236068e+01	2.236068e+01
4.800000e+00	4.900000e+00	2.000000e+01	1.414214e+01	1.414214e+01
4.900000e+00	5.000000e+00	3.000000e+01	1.732051e+01	1.732051e+01
5.000000e+00	5.100000e+00	4.000000e+01	2.000000e+01	2.000000e+01
5.100000e+00	5.200000e+00	3.000000e+01	1.732051e+01	1.732051e+01
5.200000e+00	5.300000e+00	1.000000e+01	1.000000e+01	1.000000e+01
5.300000e+00	5.400000e+00	3.000000e+01	1.732051e+01	1.732051e+01
5.400000e+00	5.500000e+00	1.000000e+01	1.000000e+01	1.000000e+01
5.500000e+00	5.600000e+00	0.000000e+00	0.000000e+00	0.000000e+00
5.600000e+00	5.700000e+00	0.000000e+00	0.000000e+00	0.000000e+00
5.700000e+00	5.800000e+00	0.000000e+00	0.000000e+00	0.000000e+00
5.800000e+00	5.900000e+00	0.000000e+00	0.000000e+00	0.000000e+00
5.900000e+00	6.000000e+00	0.000000e+00	0.000000e+00	0.000000e+00
6.000000e+00	6.100000e+00	0.000000e+00	0.000000e+00	0.000000e+00
6.100000e+00	6.200000e+00	0.000000e+00	0.000000e+00	0.000000e+00
6.200000e+00	6.300000e+00	0.000000e+00	0.000000e+00	0.000000e+00
6.300000e+00	6.400000e+00	0.000000e+00	0.000000e+00	0.000000e+00
6.400000e+00	6.500000e+00	0.000000e+00	0.000000e+00	0.000000e+00
6.500000e+00	6.600000e+00	0.000000e+00	0.000000e+00	0.000000e+00
6.600000e+00	6.700000e+00	0.000000e+00	0.000000e+00	0.000000e+00
6.700000e+00	6.800000e+00	0.000000e+00	0.000000e+00	0.000000e+00
6.800000e+00	6.900000e+00	0.000000e+00	0.000000e+00	0.000000e+00
6.900000e+00	7.000000e+00	0.000000e+00	0.000000e+00	0.000000e+00
7.000000e+00	7.100000e+00	0.000000e+00	0.000000e+00	0.000000e+00
7.100000e+00	7.200000e+00	0.000000e+00	0.000000e+00	0.000000e+00
7.200000e+00	7.300000e+00	0.000000e+00	0.000000e+00	0.000000e+00
7.300000e+00	7.400000e+00	0.000000e+00	0.000000e+00	0.000000e+00
7.400000e+00	7.500000e+00	0.000000e+00	0.000000e+00	0.000000e+00
7.500000e+00	7.600000e+00	0.000000e+00	0.000000e+00	0.000000e+00
7.600000e+00	7.700000e+00	0.000000e+00	0.000000e+00	0.000000e+00
7.700000e+00	7.800000e+00	0.000000e+00	0.000000e+00	0.000000e+00
7.800000e+00	7.900000e+00	0.000000e+00	0.000000e+00	0.000000e+00
7.900000e+00	8.000000e+00	0.000000e+00	0.000000e+00	0.000000e+00
8.000000e+00	8.100000e+00	0.000000e+00	0.000000e+00	0.000000e+00
8.100000e+00	8.200000e+00	0.000000e+00	0.000000e+00	0.000000e+00
8.200000e+00	8.300000e+00	0.000000e+00	0.000000e+00	0.000000e+00
8.300000e+00	8.400000e+00	0.000000e+00	0.000000e+00	0.000000e+00
8.400000e+00	8.500000e+00	0.000000e+00	0.000000e+00	0.000000e+00
8.500000e+00	8.600000e+00	0.000000e+00	0.000000e+00	0.000000e+00
8.600000e+00	8.700000e+00	0.000000e+00	0.000000e+00	0.000000e+00
8.700000e+00	8.800000e+00	0.000000e+00	0.000000e+00	0.000000e+00
8.800000e+00	8.900000e+00	0.000000e+00	0.000000e+00	0.000000e+00
8.900000e+00	9.000000e+00	0.000000e+00	0.000000e+00	0.000000e+00
9.000000e+00	9.100000e+00	0.000000e+00	0.000000e+00	0.000000e+00
9.100000e+00	9.200000e+00	0.000000e+00	0.000000e+00	0.000000e+00
9.200000e+00	9.300000e+00	0.000000e+00	0.000000e+00	0.000000e+00
9.300000e+00	9.400000e+00	0.000000e+00	0.000000e+00	0.000000e+00
9.400000e+00	9.500000e+00	0.000000e+00	0.000000e+00	0.000000e+00
9.500000e+00	9.600000e+00	0.000000e+00	0.000000e+00	0.000000e+00
9.600000e+00	9.700000e+00	0.000000e+00	0.000000e+00	0.000000e+00
9.700000e+00	9.800000e+00	0.000000e+00	0.000000e+00	0.000000e+00
9.800000e+00	9.900000e+00	0.000000e+00	0.000000e+00	0.000000e+00
9.900000e+00	1.000000e+01	0.000000e+00	0.000000e+00	0.000000e+00
1.000000e+01	1.010000e+01	0.000000e+00	0.000000e+00	0.000000e+00
1.010000e+01	1.020000e+01	0.000000e+00	0.000000e+00	0.000000e+00
1.020000e+01	1.030000e+01	0.000000e+00	0.000000e+00	0.000000e+00
1.030000e+01	1.040000e+01	0.000000e+00	0.000000e+00	0.000000e+00
1.040000e+01	1.050000e+01	0.000000e+00	0.000000e+00	0.000000e+00
1.050000e+01	1.060000e+01	0.000000e+00	0.000000e+00	0.000000e+00
1.060000e+01	1.070000e+01	0.000000e+00	0.000000e+00	0.000000e+00
1.070000e+01	1.080000e+01	0.000000e+00	0.000000e+00	0.000000e+00
1.080000e+01	1.090000e+01	0.000000e+00	0.000000e+00	0.000000e+00
1.090000e+01	1.100000e+01	0.000000e+00	0.000000e+00	0.000000e+00
1.100000e+01	1.110000e+01	0.000000e+00	0.000000e+00	0.000000e+00
1.110000e+01	1.120000e+01	0.000000e+00	0.000000e+00	0.000000e+00
1.120000e+01	1.130000e+01	0.000000e+00	0.000000e+00	0.000000e+00
1.130000e+01	1.140000e+01	0.000000e+00	0.000000e+00	0.000000e+00
1.140000e+01	1.150000e+01	0.000000e+00	0.000000e+00	0.000000e+00
1.150000e+01	1.160000e+01	0.000000e+00	0.000000e+00	0.000000e+00
1.160000e+01	1.170000e+01	0.000000e+00	0.000000e+00	0.000000e+00
1.170000e+01	1.180000e+01	0.000000e+00	0.000000e+00	0.000000e+00
1.180000e+01	1.190000e+01	0.000000e+00	0.000000e+00	0.000000e+00
1.190000e+01	1.200000e+01	0.000000e+00	0.000000e+00	0.000000e+00
1.200000e+01	1.210000e+01	0.000000e+00	0.000000e+00	0.000000e+00
1.210000e+01	1.220000e+01	0.000000e+00	0.000000e+00	0.000000e+00
1.220000e+01	1.230000e+01	0.000000e+00	0.000000e+00	0.000000e+00
1.230000e+01	1.240000e+01	0.000000e+00	0.000000e+00	0.000000e+00
1.240000e+01	1.250000e+01	0.000000e+00	0.000000e+00	0.000000e+00
1.250000e+01	1.260000e+01	0.000000e+00	0.000000e+00	0.000000e+00
1.260000e+01	1.270000e+01	0.000000e+00	0.000000e+00	0.000000e+00
1.270000e+01	1.280000e+01	0.000000e+00	0.000000e+00	0.000000e+00
1.280000e+01	1.290000e+01	0.000000e+00	0.000000e+00	0.000000e+00
1.290000e+01	1.300000e+01	0.000000e+00	0.000000e+00	0.000000e+00
1.300000e+01	1.310000e+01	0.000000e+00	0.000000e+00	0.000000e+00
1.310000e+01	1.320000e+01	0.000000e+00	0.000000e+00	0.000000e+00
1.320000e+01	1.330000e+01	0.000000e+00	0.000000e+00	0.000000e+00
1.330000e+01	1.340000e+01	0.000000e+00	0.000000e+00	0.000000e+00
1.340000e+01	1.350000e+01	0.000000e+00	0.000000e+00	0.000000e+00
1.350000e+01	1.360000e+01	0.000000e+00	0.000000e+00	0.000000e+00
1.360000e+01	1.370000e+01	0.000000e+00	0.000000e+00	0.000000e+00
1.370000e+01	1.380000e+01	0.000000e+00	0.000000e+00	0.000000e+00
1.380000e+01	1.390000e+01	0.000000e+00	0.000000e+00	0.000000e+00
1.390000e+01	1.400000e+01	0.000000e+00	0.000000e+00	0.000000e+00
1.400000e+01	1.410000e+01	0.000000e+00	0.000000e+00	0.000000e+00
1.410000e+01	1.420000e+01	0.000000e+00	0.000000e+00	0.000000e+00
1.420000e+01	1.430000e+01	0.000000e+00	0.000000e+00	0.000000e+00
1.430000e+01	1.440000e+01	0.000000e+00	0.000000e+00	0.000000e+00
1.440000e+01	1.450000e+01	0.000000e+00	0.000000e+00	0.000000e+00
1.450000e+01	1.460000e+01	0.000000e+00	0.000000e+00	0.000000e+00
1.460000e+01	1.470000e+01	0.000000e+00	0.000000e+00	0.000000e+00
1.470000e+01	1.480000e+01	0.000000e+00	0.000000e+00	0.000000e+00
1.480000e+01	1.490000e+01	0.000000e+00	0.000000e+00	0.000000e+00
1.490000e+01	1.500000e+01	0.000000e+00	0.000000e+00	0.000000e+00
# END HISTO1D

