# BEGIN PLOT
LegendOnly=//home/frederic/Work/Software/LesHouches2017/lh2017-alphas/rivet-analysis/gluon-as013650-truth.yoda/MC_LHJSS_Zjet/log_Angularity_zcut_0.2_beta_2_alpha_1 //home/frederic/Work/Software/LesHouches2017/lh2017-alphas/rivet-analysis/gluon-as012285-truth.yoda/MC_LHJSS_Zjet/log_Angularity_zcut_0.2_beta_2_alpha_1 //home/frederic/Work/Software/LesHouches2017/lh2017-alphas/rivet-analysis/gluon-as015015-truth.yoda/MC_LHJSS_Zjet/log_Angularity_zcut_0.2_beta_2_alpha_1
DrawOnly=//home/frederic/Work/Software/LesHouches2017/lh2017-alphas/rivet-analysis/gluon-as013650-truth.yoda/MC_LHJSS_Zjet/log_Angularity_zcut_0.2_beta_2_alpha_1 //home/frederic/Work/Software/LesHouches2017/lh2017-alphas/rivet-analysis/gluon-as012285-truth.yoda/MC_LHJSS_Zjet/log_Angularity_zcut_0.2_beta_2_alpha_1 //home/frederic/Work/Software/LesHouches2017/lh2017-alphas/rivet-analysis/gluon-as015015-truth.yoda/MC_LHJSS_Zjet/log_Angularity_zcut_0.2_beta_2_alpha_1
Title=Angularity, $\alpha$ = 1 $z_{cut}$ = 0.2 $\beta$ = 2
RatioPlot=1
LogX=0
LogY=0
RatioPlotYLabel=Ratio
RatioPlotReference=//home/frederic/Work/Software/LesHouches2017/lh2017-alphas/rivet-analysis/gluon-as013650-truth.yoda/MC_LHJSS_Zjet/log_Angularity_zcut_0.2_beta_2_alpha_1
XLabel=$e_\alpha$
YLabel=$1/\sigma \text{d}\sigma/\text{d}e_\alpha$
Legend=1
# END PLOT

# BEGIN HISTO1D //home/frederic/Work/Software/LesHouches2017/lh2017-alphas/rivet-analysis/gluon-as013650-truth.yoda/MC_LHJSS_Zjet/log_Angularity_zcut_0.2_beta_2_alpha_1
LineColor=red
LineStyle=solid
NormalizeToSum=1
Path=//home/frederic/Work/Software/LesHouches2017/lh2017-alphas/rivet-analysis/gluon-as013650-truth.yoda/MC_LHJSS_Zjet/log_Angularity_zcut_0.2_beta_2_alpha_1
ScaledBy=6.97593303104290135e-05
Title=gluon-as013650-truth
XLabel=
YLabel=
# xlow	 xhigh	 val	 errminus	 errplus
0.000000e+00	1.000000e-01	0.000000e+00	0.000000e+00	0.000000e+00
1.000000e-01	2.000000e-01	0.000000e+00	0.000000e+00	0.000000e+00
2.000000e-01	3.000000e-01	6.975933e-04	6.975933e-04	6.975933e-04
3.000000e-01	4.000000e-01	4.883153e-03	1.845658e-03	1.845658e-03
4.000000e-01	5.000000e-01	3.487967e-03	1.559866e-03	1.559866e-03
5.000000e-01	6.000000e-01	1.674224e-02	3.417495e-03	3.417495e-03
6.000000e-01	7.000000e-01	3.487967e-02	4.932729e-03	4.932729e-03
7.000000e-01	8.000000e-01	5.301709e-02	6.081478e-03	6.081478e-03
8.000000e-01	9.000000e-01	9.975584e-02	8.342003e-03	8.342003e-03
9.000000e-01	1.000000e+00	1.185909e-01	9.095504e-03	9.095504e-03
1.000000e+00	1.100000e+00	1.583537e-01	1.051030e-02	1.051030e-02
1.100000e+00	1.200000e+00	1.730031e-01	1.098571e-02	1.098571e-02
1.200000e+00	1.300000e+00	2.309034e-01	1.269160e-02	1.269160e-02
1.300000e+00	1.400000e+00	2.239275e-01	1.249841e-02	1.249841e-02
1.400000e+00	1.500000e+00	2.455528e-01	1.308801e-02	1.308801e-02
1.500000e+00	1.600000e+00	2.678758e-01	1.366998e-02	1.366998e-02
1.600000e+00	1.700000e+00	2.727590e-01	1.379401e-02	1.379401e-02
1.700000e+00	1.800000e+00	3.125218e-01	1.476527e-02	1.476527e-02
1.800000e+00	1.900000e+00	3.327520e-01	1.523567e-02	1.523567e-02
1.900000e+00	2.000000e+00	3.320544e-01	1.521969e-02	1.521969e-02
2.000000e+00	2.100000e+00	3.760028e-01	1.619559e-02	1.619559e-02
2.100000e+00	2.200000e+00	3.467039e-01	1.555179e-02	1.555179e-02
2.200000e+00	2.300000e+00	3.515870e-01	1.566093e-02	1.566093e-02
2.300000e+00	2.400000e+00	3.592606e-01	1.583091e-02	1.583091e-02
2.400000e+00	2.500000e+00	4.143704e-01	1.700182e-02	1.700182e-02
2.500000e+00	2.600000e+00	3.815835e-01	1.631533e-02	1.631533e-02
2.600000e+00	2.700000e+00	4.046041e-01	1.680027e-02	1.680027e-02
2.700000e+00	2.800000e+00	4.157656e-01	1.703042e-02	1.703042e-02
2.800000e+00	2.900000e+00	3.885595e-01	1.646379e-02	1.646379e-02
2.900000e+00	3.000000e+00	3.885595e-01	1.646379e-02	1.646379e-02
3.000000e+00	3.100000e+00	3.808859e-01	1.630041e-02	1.630041e-02
3.100000e+00	3.200000e+00	3.508894e-01	1.564539e-02	1.564539e-02
3.200000e+00	3.300000e+00	3.404255e-01	1.541034e-02	1.541034e-02
3.300000e+00	3.400000e+00	3.529822e-01	1.569197e-02	1.569197e-02
3.400000e+00	3.500000e+00	3.013603e-01	1.449920e-02	1.449920e-02
3.500000e+00	3.600000e+00	2.804325e-01	1.398670e-02	1.398670e-02
3.600000e+00	3.700000e+00	2.657830e-01	1.361648e-02	1.361648e-02
3.700000e+00	3.800000e+00	2.371817e-01	1.286299e-02	1.286299e-02
3.800000e+00	3.900000e+00	2.169515e-01	1.230219e-02	1.230219e-02
3.900000e+00	4.000000e+00	1.416114e-01	9.939175e-03	9.939175e-03
4.000000e+00	4.100000e+00	1.269620e-01	9.411048e-03	9.411048e-03
4.100000e+00	4.200000e+00	8.510638e-02	7.705170e-03	7.705170e-03
4.200000e+00	4.300000e+00	5.859784e-02	6.393548e-03	6.393548e-03
4.300000e+00	4.400000e+00	4.604116e-02	5.667274e-03	5.667274e-03
4.400000e+00	4.500000e+00	2.441577e-02	4.127017e-03	4.127017e-03
4.500000e+00	4.600000e+00	2.092780e-02	3.820876e-03	3.820876e-03
4.600000e+00	4.700000e+00	2.023021e-02	3.756655e-03	3.756655e-03
4.700000e+00	4.800000e+00	1.325427e-02	3.040739e-03	3.040739e-03
4.800000e+00	4.900000e+00	4.185560e-03	1.708747e-03	1.708747e-03
4.900000e+00	5.000000e+00	8.371120e-03	2.416534e-03	2.416534e-03
5.000000e+00	5.100000e+00	6.278340e-03	2.092780e-03	2.092780e-03
5.100000e+00	5.200000e+00	2.092780e-03	1.208267e-03	1.208267e-03
5.200000e+00	5.300000e+00	2.092780e-03	1.208267e-03	1.208267e-03
5.300000e+00	5.400000e+00	2.092780e-03	1.208267e-03	1.208267e-03
5.400000e+00	5.500000e+00	6.975933e-04	6.975933e-04	6.975933e-04
5.500000e+00	5.600000e+00	1.395187e-03	9.865459e-04	9.865459e-04
5.600000e+00	5.700000e+00	0.000000e+00	0.000000e+00	0.000000e+00
5.700000e+00	5.800000e+00	0.000000e+00	0.000000e+00	0.000000e+00
5.800000e+00	5.900000e+00	0.000000e+00	0.000000e+00	0.000000e+00
5.900000e+00	6.000000e+00	0.000000e+00	0.000000e+00	0.000000e+00
6.000000e+00	6.100000e+00	0.000000e+00	0.000000e+00	0.000000e+00
6.100000e+00	6.200000e+00	0.000000e+00	0.000000e+00	0.000000e+00
6.200000e+00	6.300000e+00	0.000000e+00	0.000000e+00	0.000000e+00
6.300000e+00	6.400000e+00	0.000000e+00	0.000000e+00	0.000000e+00
6.400000e+00	6.500000e+00	0.000000e+00	0.000000e+00	0.000000e+00
6.500000e+00	6.600000e+00	0.000000e+00	0.000000e+00	0.000000e+00
6.600000e+00	6.700000e+00	0.000000e+00	0.000000e+00	0.000000e+00
6.700000e+00	6.800000e+00	0.000000e+00	0.000000e+00	0.000000e+00
6.800000e+00	6.900000e+00	0.000000e+00	0.000000e+00	0.000000e+00
6.900000e+00	7.000000e+00	0.000000e+00	0.000000e+00	0.000000e+00
7.000000e+00	7.100000e+00	0.000000e+00	0.000000e+00	0.000000e+00
7.100000e+00	7.200000e+00	0.000000e+00	0.000000e+00	0.000000e+00
7.200000e+00	7.300000e+00	0.000000e+00	0.000000e+00	0.000000e+00
7.300000e+00	7.400000e+00	0.000000e+00	0.000000e+00	0.000000e+00
7.400000e+00	7.500000e+00	0.000000e+00	0.000000e+00	0.000000e+00
7.500000e+00	7.600000e+00	0.000000e+00	0.000000e+00	0.000000e+00
7.600000e+00	7.700000e+00	0.000000e+00	0.000000e+00	0.000000e+00
7.700000e+00	7.800000e+00	0.000000e+00	0.000000e+00	0.000000e+00
7.800000e+00	7.900000e+00	0.000000e+00	0.000000e+00	0.000000e+00
7.900000e+00	8.000000e+00	0.000000e+00	0.000000e+00	0.000000e+00
8.000000e+00	8.100000e+00	0.000000e+00	0.000000e+00	0.000000e+00
8.100000e+00	8.200000e+00	0.000000e+00	0.000000e+00	0.000000e+00
8.200000e+00	8.300000e+00	0.000000e+00	0.000000e+00	0.000000e+00
8.300000e+00	8.400000e+00	0.000000e+00	0.000000e+00	0.000000e+00
8.400000e+00	8.500000e+00	0.000000e+00	0.000000e+00	0.000000e+00
8.500000e+00	8.600000e+00	0.000000e+00	0.000000e+00	0.000000e+00
8.600000e+00	8.700000e+00	0.000000e+00	0.000000e+00	0.000000e+00
8.700000e+00	8.800000e+00	0.000000e+00	0.000000e+00	0.000000e+00
8.800000e+00	8.900000e+00	0.000000e+00	0.000000e+00	0.000000e+00
8.900000e+00	9.000000e+00	0.000000e+00	0.000000e+00	0.000000e+00
9.000000e+00	9.100000e+00	0.000000e+00	0.000000e+00	0.000000e+00
9.100000e+00	9.200000e+00	0.000000e+00	0.000000e+00	0.000000e+00
9.200000e+00	9.300000e+00	0.000000e+00	0.000000e+00	0.000000e+00
9.300000e+00	9.400000e+00	0.000000e+00	0.000000e+00	0.000000e+00
9.400000e+00	9.500000e+00	0.000000e+00	0.000000e+00	0.000000e+00
9.500000e+00	9.600000e+00	0.000000e+00	0.000000e+00	0.000000e+00
9.600000e+00	9.700000e+00	0.000000e+00	0.000000e+00	0.000000e+00
9.700000e+00	9.800000e+00	0.000000e+00	0.000000e+00	0.000000e+00
9.800000e+00	9.900000e+00	0.000000e+00	0.000000e+00	0.000000e+00
9.900000e+00	1.000000e+01	0.000000e+00	0.000000e+00	0.000000e+00
1.000000e+01	1.010000e+01	0.000000e+00	0.000000e+00	0.000000e+00
1.010000e+01	1.020000e+01	0.000000e+00	0.000000e+00	0.000000e+00
1.020000e+01	1.030000e+01	0.000000e+00	0.000000e+00	0.000000e+00
1.030000e+01	1.040000e+01	0.000000e+00	0.000000e+00	0.000000e+00
1.040000e+01	1.050000e+01	0.000000e+00	0.000000e+00	0.000000e+00
1.050000e+01	1.060000e+01	0.000000e+00	0.000000e+00	0.000000e+00
1.060000e+01	1.070000e+01	0.000000e+00	0.000000e+00	0.000000e+00
1.070000e+01	1.080000e+01	0.000000e+00	0.000000e+00	0.000000e+00
1.080000e+01	1.090000e+01	0.000000e+00	0.000000e+00	0.000000e+00
1.090000e+01	1.100000e+01	0.000000e+00	0.000000e+00	0.000000e+00
1.100000e+01	1.110000e+01	0.000000e+00	0.000000e+00	0.000000e+00
1.110000e+01	1.120000e+01	0.000000e+00	0.000000e+00	0.000000e+00
1.120000e+01	1.130000e+01	0.000000e+00	0.000000e+00	0.000000e+00
1.130000e+01	1.140000e+01	0.000000e+00	0.000000e+00	0.000000e+00
1.140000e+01	1.150000e+01	0.000000e+00	0.000000e+00	0.000000e+00
1.150000e+01	1.160000e+01	0.000000e+00	0.000000e+00	0.000000e+00
1.160000e+01	1.170000e+01	0.000000e+00	0.000000e+00	0.000000e+00
1.170000e+01	1.180000e+01	0.000000e+00	0.000000e+00	0.000000e+00
1.180000e+01	1.190000e+01	0.000000e+00	0.000000e+00	0.000000e+00
1.190000e+01	1.200000e+01	0.000000e+00	0.000000e+00	0.000000e+00
1.200000e+01	1.210000e+01	0.000000e+00	0.000000e+00	0.000000e+00
1.210000e+01	1.220000e+01	0.000000e+00	0.000000e+00	0.000000e+00
1.220000e+01	1.230000e+01	0.000000e+00	0.000000e+00	0.000000e+00
1.230000e+01	1.240000e+01	0.000000e+00	0.000000e+00	0.000000e+00
1.240000e+01	1.250000e+01	0.000000e+00	0.000000e+00	0.000000e+00
1.250000e+01	1.260000e+01	0.000000e+00	0.000000e+00	0.000000e+00
1.260000e+01	1.270000e+01	0.000000e+00	0.000000e+00	0.000000e+00
1.270000e+01	1.280000e+01	0.000000e+00	0.000000e+00	0.000000e+00
1.280000e+01	1.290000e+01	0.000000e+00	0.000000e+00	0.000000e+00
1.290000e+01	1.300000e+01	0.000000e+00	0.000000e+00	0.000000e+00
1.300000e+01	1.310000e+01	0.000000e+00	0.000000e+00	0.000000e+00
1.310000e+01	1.320000e+01	0.000000e+00	0.000000e+00	0.000000e+00
1.320000e+01	1.330000e+01	0.000000e+00	0.000000e+00	0.000000e+00
1.330000e+01	1.340000e+01	0.000000e+00	0.000000e+00	0.000000e+00
1.340000e+01	1.350000e+01	0.000000e+00	0.000000e+00	0.000000e+00
1.350000e+01	1.360000e+01	0.000000e+00	0.000000e+00	0.000000e+00
1.360000e+01	1.370000e+01	0.000000e+00	0.000000e+00	0.000000e+00
1.370000e+01	1.380000e+01	0.000000e+00	0.000000e+00	0.000000e+00
1.380000e+01	1.390000e+01	0.000000e+00	0.000000e+00	0.000000e+00
1.390000e+01	1.400000e+01	0.000000e+00	0.000000e+00	0.000000e+00
1.400000e+01	1.410000e+01	0.000000e+00	0.000000e+00	0.000000e+00
1.410000e+01	1.420000e+01	0.000000e+00	0.000000e+00	0.000000e+00
1.420000e+01	1.430000e+01	0.000000e+00	0.000000e+00	0.000000e+00
1.430000e+01	1.440000e+01	0.000000e+00	0.000000e+00	0.000000e+00
1.440000e+01	1.450000e+01	0.000000e+00	0.000000e+00	0.000000e+00
1.450000e+01	1.460000e+01	0.000000e+00	0.000000e+00	0.000000e+00
1.460000e+01	1.470000e+01	0.000000e+00	0.000000e+00	0.000000e+00
1.470000e+01	1.480000e+01	0.000000e+00	0.000000e+00	0.000000e+00
1.480000e+01	1.490000e+01	0.000000e+00	0.000000e+00	0.000000e+00
1.490000e+01	1.500000e+01	0.000000e+00	0.000000e+00	0.000000e+00
# END HISTO1D

# BEGIN HISTO1D //home/frederic/Work/Software/LesHouches2017/lh2017-alphas/rivet-analysis/gluon-as012285-truth.yoda/MC_LHJSS_Zjet/log_Angularity_zcut_0.2_beta_2_alpha_1
LineColor=blue
LineStyle=solid
NormalizeToSum=1
Path=//home/frederic/Work/Software/LesHouches2017/lh2017-alphas/rivet-analysis/gluon-as012285-truth.yoda/MC_LHJSS_Zjet/log_Angularity_zcut_0.2_beta_2_alpha_1
ScaledBy=7.07513796519032182e-05
Title=gluon-as012285-truth
XLabel=
YLabel=
# xlow	 xhigh	 val	 errminus	 errplus
0.000000e+00	1.000000e-01	0.000000e+00	0.000000e+00	0.000000e+00
1.000000e-01	2.000000e-01	0.000000e+00	0.000000e+00	0.000000e+00
2.000000e-01	3.000000e-01	7.075138e-04	7.075138e-04	7.075138e-04
3.000000e-01	4.000000e-01	2.830055e-03	1.415028e-03	1.415028e-03
4.000000e-01	5.000000e-01	1.415028e-03	1.000576e-03	1.000576e-03
5.000000e-01	6.000000e-01	1.061271e-02	2.740189e-03	2.740189e-03
6.000000e-01	7.000000e-01	2.688552e-02	4.361408e-03	4.361408e-03
7.000000e-01	8.000000e-01	5.094099e-02	6.003454e-03	6.003454e-03
8.000000e-01	9.000000e-01	7.287392e-02	7.180480e-03	7.180480e-03
9.000000e-01	1.000000e+00	1.061271e-01	8.665239e-03	8.665239e-03
1.000000e+00	1.100000e+00	1.195698e-01	9.197680e-03	9.197680e-03
1.100000e+00	1.200000e+00	1.648507e-01	1.079973e-02	1.079973e-02
1.200000e+00	1.300000e+00	1.768784e-01	1.118677e-02	1.118677e-02
1.300000e+00	1.400000e+00	2.002264e-01	1.190222e-02	1.190222e-02
1.400000e+00	1.500000e+00	2.172067e-01	1.239664e-02	1.239664e-02
1.500000e+00	1.600000e+00	2.363096e-01	1.293029e-02	1.293029e-02
1.600000e+00	1.700000e+00	2.610726e-01	1.359090e-02	1.359090e-02
1.700000e+00	1.800000e+00	2.681477e-01	1.377382e-02	1.377382e-02
1.800000e+00	1.900000e+00	2.801755e-01	1.407935e-02	1.407935e-02
1.900000e+00	2.000000e+00	2.851281e-01	1.420324e-02	1.420324e-02
2.000000e+00	2.100000e+00	2.929107e-01	1.439578e-02	1.439578e-02
2.100000e+00	2.200000e+00	3.374841e-01	1.545233e-02	1.545233e-02
2.200000e+00	2.300000e+00	3.608320e-01	1.597791e-02	1.597791e-02
2.300000e+00	2.400000e+00	3.261639e-01	1.519096e-02	1.519096e-02
2.400000e+00	2.500000e+00	3.297014e-01	1.527312e-02	1.527312e-02
2.500000e+00	2.600000e+00	3.863025e-01	1.653222e-02	1.653222e-02
2.600000e+00	2.700000e+00	3.820575e-01	1.644113e-02	1.644113e-02
2.700000e+00	2.800000e+00	4.138956e-01	1.711247e-02	1.711247e-02
2.800000e+00	2.900000e+00	3.558794e-01	1.586788e-02	1.586788e-02
2.900000e+00	3.000000e+00	3.870100e-01	1.654735e-02	1.654735e-02
3.000000e+00	3.100000e+00	3.657846e-01	1.608719e-02	1.608719e-02
3.100000e+00	3.200000e+00	3.438517e-01	1.559743e-02	1.559743e-02
3.200000e+00	3.300000e+00	3.728598e-01	1.624203e-02	1.624203e-02
3.300000e+00	3.400000e+00	3.551719e-01	1.585210e-02	1.585210e-02
3.400000e+00	3.500000e+00	3.268714e-01	1.520743e-02	1.520743e-02
3.500000e+00	3.600000e+00	3.240413e-01	1.514146e-02	1.514146e-02
3.600000e+00	3.700000e+00	3.289939e-01	1.525673e-02	1.525673e-02
3.700000e+00	3.800000e+00	2.794679e-01	1.406156e-02	1.406156e-02
3.800000e+00	3.900000e+00	2.639026e-01	1.366436e-02	1.366436e-02
3.900000e+00	4.000000e+00	2.518749e-01	1.334934e-02	1.334934e-02
4.000000e+00	4.100000e+00	2.002264e-01	1.190222e-02	1.190222e-02
4.100000e+00	4.200000e+00	1.514080e-01	1.035003e-02	1.035003e-02
4.200000e+00	4.300000e+00	1.110797e-01	8.865123e-03	8.865123e-03
4.300000e+00	4.400000e+00	8.065657e-02	7.554180e-03	7.554180e-03
4.400000e+00	4.500000e+00	5.447856e-02	6.208408e-03	6.208408e-03
4.500000e+00	4.600000e+00	4.315834e-02	5.525859e-03	5.525859e-03
4.600000e+00	4.700000e+00	3.183812e-02	4.746147e-03	4.746147e-03
4.700000e+00	4.800000e+00	1.415028e-02	3.164099e-03	3.164099e-03
4.800000e+00	4.900000e+00	1.485779e-02	3.242235e-03	3.242235e-03
4.900000e+00	5.000000e+00	1.344276e-02	3.083981e-03	3.083981e-03
5.000000e+00	5.100000e+00	3.537569e-03	1.582049e-03	1.582049e-03
5.100000e+00	5.200000e+00	2.122541e-03	1.225450e-03	1.225450e-03
5.200000e+00	5.300000e+00	4.245083e-03	1.733048e-03	1.733048e-03
5.300000e+00	5.400000e+00	2.830055e-03	1.415028e-03	1.415028e-03
5.400000e+00	5.500000e+00	2.122541e-03	1.225450e-03	1.225450e-03
5.500000e+00	5.600000e+00	0.000000e+00	0.000000e+00	0.000000e+00
5.600000e+00	5.700000e+00	7.075138e-04	7.075138e-04	7.075138e-04
5.700000e+00	5.800000e+00	0.000000e+00	0.000000e+00	0.000000e+00
5.800000e+00	5.900000e+00	7.075138e-04	7.075138e-04	7.075138e-04
5.900000e+00	6.000000e+00	7.075138e-04	7.075138e-04	7.075138e-04
6.000000e+00	6.100000e+00	7.075138e-04	7.075138e-04	7.075138e-04
6.100000e+00	6.200000e+00	0.000000e+00	0.000000e+00	0.000000e+00
6.200000e+00	6.300000e+00	0.000000e+00	0.000000e+00	0.000000e+00
6.300000e+00	6.400000e+00	0.000000e+00	0.000000e+00	0.000000e+00
6.400000e+00	6.500000e+00	0.000000e+00	0.000000e+00	0.000000e+00
6.500000e+00	6.600000e+00	0.000000e+00	0.000000e+00	0.000000e+00
6.600000e+00	6.700000e+00	0.000000e+00	0.000000e+00	0.000000e+00
6.700000e+00	6.800000e+00	0.000000e+00	0.000000e+00	0.000000e+00
6.800000e+00	6.900000e+00	0.000000e+00	0.000000e+00	0.000000e+00
6.900000e+00	7.000000e+00	0.000000e+00	0.000000e+00	0.000000e+00
7.000000e+00	7.100000e+00	0.000000e+00	0.000000e+00	0.000000e+00
7.100000e+00	7.200000e+00	0.000000e+00	0.000000e+00	0.000000e+00
7.200000e+00	7.300000e+00	0.000000e+00	0.000000e+00	0.000000e+00
7.300000e+00	7.400000e+00	0.000000e+00	0.000000e+00	0.000000e+00
7.400000e+00	7.500000e+00	0.000000e+00	0.000000e+00	0.000000e+00
7.500000e+00	7.600000e+00	0.000000e+00	0.000000e+00	0.000000e+00
7.600000e+00	7.700000e+00	0.000000e+00	0.000000e+00	0.000000e+00
7.700000e+00	7.800000e+00	0.000000e+00	0.000000e+00	0.000000e+00
7.800000e+00	7.900000e+00	0.000000e+00	0.000000e+00	0.000000e+00
7.900000e+00	8.000000e+00	0.000000e+00	0.000000e+00	0.000000e+00
8.000000e+00	8.100000e+00	0.000000e+00	0.000000e+00	0.000000e+00
8.100000e+00	8.200000e+00	0.000000e+00	0.000000e+00	0.000000e+00
8.200000e+00	8.300000e+00	0.000000e+00	0.000000e+00	0.000000e+00
8.300000e+00	8.400000e+00	0.000000e+00	0.000000e+00	0.000000e+00
8.400000e+00	8.500000e+00	0.000000e+00	0.000000e+00	0.000000e+00
8.500000e+00	8.600000e+00	0.000000e+00	0.000000e+00	0.000000e+00
8.600000e+00	8.700000e+00	0.000000e+00	0.000000e+00	0.000000e+00
8.700000e+00	8.800000e+00	0.000000e+00	0.000000e+00	0.000000e+00
8.800000e+00	8.900000e+00	0.000000e+00	0.000000e+00	0.000000e+00
8.900000e+00	9.000000e+00	0.000000e+00	0.000000e+00	0.000000e+00
9.000000e+00	9.100000e+00	0.000000e+00	0.000000e+00	0.000000e+00
9.100000e+00	9.200000e+00	0.000000e+00	0.000000e+00	0.000000e+00
9.200000e+00	9.300000e+00	0.000000e+00	0.000000e+00	0.000000e+00
9.300000e+00	9.400000e+00	0.000000e+00	0.000000e+00	0.000000e+00
9.400000e+00	9.500000e+00	0.000000e+00	0.000000e+00	0.000000e+00
9.500000e+00	9.600000e+00	0.000000e+00	0.000000e+00	0.000000e+00
9.600000e+00	9.700000e+00	0.000000e+00	0.000000e+00	0.000000e+00
9.700000e+00	9.800000e+00	0.000000e+00	0.000000e+00	0.000000e+00
9.800000e+00	9.900000e+00	0.000000e+00	0.000000e+00	0.000000e+00
9.900000e+00	1.000000e+01	0.000000e+00	0.000000e+00	0.000000e+00
1.000000e+01	1.010000e+01	0.000000e+00	0.000000e+00	0.000000e+00
1.010000e+01	1.020000e+01	0.000000e+00	0.000000e+00	0.000000e+00
1.020000e+01	1.030000e+01	0.000000e+00	0.000000e+00	0.000000e+00
1.030000e+01	1.040000e+01	0.000000e+00	0.000000e+00	0.000000e+00
1.040000e+01	1.050000e+01	0.000000e+00	0.000000e+00	0.000000e+00
1.050000e+01	1.060000e+01	0.000000e+00	0.000000e+00	0.000000e+00
1.060000e+01	1.070000e+01	0.000000e+00	0.000000e+00	0.000000e+00
1.070000e+01	1.080000e+01	0.000000e+00	0.000000e+00	0.000000e+00
1.080000e+01	1.090000e+01	0.000000e+00	0.000000e+00	0.000000e+00
1.090000e+01	1.100000e+01	0.000000e+00	0.000000e+00	0.000000e+00
1.100000e+01	1.110000e+01	0.000000e+00	0.000000e+00	0.000000e+00
1.110000e+01	1.120000e+01	0.000000e+00	0.000000e+00	0.000000e+00
1.120000e+01	1.130000e+01	0.000000e+00	0.000000e+00	0.000000e+00
1.130000e+01	1.140000e+01	0.000000e+00	0.000000e+00	0.000000e+00
1.140000e+01	1.150000e+01	0.000000e+00	0.000000e+00	0.000000e+00
1.150000e+01	1.160000e+01	0.000000e+00	0.000000e+00	0.000000e+00
1.160000e+01	1.170000e+01	0.000000e+00	0.000000e+00	0.000000e+00
1.170000e+01	1.180000e+01	0.000000e+00	0.000000e+00	0.000000e+00
1.180000e+01	1.190000e+01	0.000000e+00	0.000000e+00	0.000000e+00
1.190000e+01	1.200000e+01	0.000000e+00	0.000000e+00	0.000000e+00
1.200000e+01	1.210000e+01	0.000000e+00	0.000000e+00	0.000000e+00
1.210000e+01	1.220000e+01	0.000000e+00	0.000000e+00	0.000000e+00
1.220000e+01	1.230000e+01	0.000000e+00	0.000000e+00	0.000000e+00
1.230000e+01	1.240000e+01	0.000000e+00	0.000000e+00	0.000000e+00
1.240000e+01	1.250000e+01	0.000000e+00	0.000000e+00	0.000000e+00
1.250000e+01	1.260000e+01	0.000000e+00	0.000000e+00	0.000000e+00
1.260000e+01	1.270000e+01	0.000000e+00	0.000000e+00	0.000000e+00
1.270000e+01	1.280000e+01	0.000000e+00	0.000000e+00	0.000000e+00
1.280000e+01	1.290000e+01	0.000000e+00	0.000000e+00	0.000000e+00
1.290000e+01	1.300000e+01	0.000000e+00	0.000000e+00	0.000000e+00
1.300000e+01	1.310000e+01	0.000000e+00	0.000000e+00	0.000000e+00
1.310000e+01	1.320000e+01	0.000000e+00	0.000000e+00	0.000000e+00
1.320000e+01	1.330000e+01	0.000000e+00	0.000000e+00	0.000000e+00
1.330000e+01	1.340000e+01	0.000000e+00	0.000000e+00	0.000000e+00
1.340000e+01	1.350000e+01	0.000000e+00	0.000000e+00	0.000000e+00
1.350000e+01	1.360000e+01	0.000000e+00	0.000000e+00	0.000000e+00
1.360000e+01	1.370000e+01	0.000000e+00	0.000000e+00	0.000000e+00
1.370000e+01	1.380000e+01	0.000000e+00	0.000000e+00	0.000000e+00
1.380000e+01	1.390000e+01	0.000000e+00	0.000000e+00	0.000000e+00
1.390000e+01	1.400000e+01	0.000000e+00	0.000000e+00	0.000000e+00
1.400000e+01	1.410000e+01	0.000000e+00	0.000000e+00	0.000000e+00
1.410000e+01	1.420000e+01	0.000000e+00	0.000000e+00	0.000000e+00
1.420000e+01	1.430000e+01	0.000000e+00	0.000000e+00	0.000000e+00
1.430000e+01	1.440000e+01	0.000000e+00	0.000000e+00	0.000000e+00
1.440000e+01	1.450000e+01	0.000000e+00	0.000000e+00	0.000000e+00
1.450000e+01	1.460000e+01	0.000000e+00	0.000000e+00	0.000000e+00
1.460000e+01	1.470000e+01	0.000000e+00	0.000000e+00	0.000000e+00
1.470000e+01	1.480000e+01	0.000000e+00	0.000000e+00	0.000000e+00
1.480000e+01	1.490000e+01	0.000000e+00	0.000000e+00	0.000000e+00
1.490000e+01	1.500000e+01	0.000000e+00	0.000000e+00	0.000000e+00
# END HISTO1D

# BEGIN HISTO1D //home/frederic/Work/Software/LesHouches2017/lh2017-alphas/rivet-analysis/gluon-as015015-truth.yoda/MC_LHJSS_Zjet/log_Angularity_zcut_0.2_beta_2_alpha_1
LineColor=green
LineStyle=solid
NormalizeToSum=1
Path=//home/frederic/Work/Software/LesHouches2017/lh2017-alphas/rivet-analysis/gluon-as015015-truth.yoda/MC_LHJSS_Zjet/log_Angularity_zcut_0.2_beta_2_alpha_1
Title=gluon-as015015-truth
XLabel=
YLabel=
# xlow	 xhigh	 val	 errminus	 errplus
0.000000e+00	1.000000e-01	0.000000e+00	0.000000e+00	0.000000e+00
1.000000e-01	2.000000e-01	1.000000e+01	1.000000e+01	1.000000e+01
2.000000e-01	3.000000e-01	0.000000e+00	0.000000e+00	0.000000e+00
3.000000e-01	4.000000e-01	2.000000e+01	1.414214e+01	1.414214e+01
4.000000e-01	5.000000e-01	7.000000e+01	2.645751e+01	2.645751e+01
5.000000e-01	6.000000e-01	1.500000e+02	3.872983e+01	3.872983e+01
6.000000e-01	7.000000e-01	4.500000e+02	6.708204e+01	6.708204e+01
7.000000e-01	8.000000e-01	7.500000e+02	8.660254e+01	8.660254e+01
8.000000e-01	9.000000e-01	9.300000e+02	9.643651e+01	9.643651e+01
9.000000e-01	1.000000e+00	1.340000e+03	1.157584e+02	1.157584e+02
1.000000e+00	1.100000e+00	1.690000e+03	1.300000e+02	1.300000e+02
1.100000e+00	1.200000e+00	1.720000e+03	1.311488e+02	1.311488e+02
1.200000e+00	1.300000e+00	2.170000e+03	1.473092e+02	1.473092e+02
1.300000e+00	1.400000e+00	2.760000e+03	1.661325e+02	1.661325e+02
1.400000e+00	1.500000e+00	2.840000e+03	1.685230e+02	1.685230e+02
1.500000e+00	1.600000e+00	3.380000e+03	1.838478e+02	1.838478e+02
1.600000e+00	1.700000e+00	3.610000e+03	1.900000e+02	1.900000e+02
1.700000e+00	1.800000e+00	3.390000e+03	1.841195e+02	1.841195e+02
1.800000e+00	1.900000e+00	4.080000e+03	2.019901e+02	2.019901e+02
1.900000e+00	2.000000e+00	3.680000e+03	1.918333e+02	1.918333e+02
2.000000e+00	2.100000e+00	4.040000e+03	2.009975e+02	2.009975e+02
2.100000e+00	2.200000e+00	4.340000e+03	2.083267e+02	2.083267e+02
2.200000e+00	2.300000e+00	4.180000e+03	2.044505e+02	2.044505e+02
2.300000e+00	2.400000e+00	4.540000e+03	2.130728e+02	2.130728e+02
2.400000e+00	2.500000e+00	4.260000e+03	2.063977e+02	2.063977e+02
2.500000e+00	2.600000e+00	4.260000e+03	2.063977e+02	2.063977e+02
2.600000e+00	2.700000e+00	4.170000e+03	2.042058e+02	2.042058e+02
2.700000e+00	2.800000e+00	4.060000e+03	2.014944e+02	2.014944e+02
2.800000e+00	2.900000e+00	3.970000e+03	1.992486e+02	1.992486e+02
2.900000e+00	3.000000e+00	3.920000e+03	1.979899e+02	1.979899e+02
3.000000e+00	3.100000e+00	3.960000e+03	1.989975e+02	1.989975e+02
3.100000e+00	3.200000e+00	3.550000e+03	1.884144e+02	1.884144e+02
3.200000e+00	3.300000e+00	3.480000e+03	1.865476e+02	1.865476e+02
3.300000e+00	3.400000e+00	2.970000e+03	1.723369e+02	1.723369e+02
3.400000e+00	3.500000e+00	2.670000e+03	1.634013e+02	1.634013e+02
3.500000e+00	3.600000e+00	2.140000e+03	1.462874e+02	1.462874e+02
3.600000e+00	3.700000e+00	2.130000e+03	1.459452e+02	1.459452e+02
3.700000e+00	3.800000e+00	1.780000e+03	1.334166e+02	1.334166e+02
3.800000e+00	3.900000e+00	1.290000e+03	1.135782e+02	1.135782e+02
3.900000e+00	4.000000e+00	8.100000e+02	9.000000e+01	9.000000e+01
4.000000e+00	4.100000e+00	7.900000e+02	8.888194e+01	8.888194e+01
4.100000e+00	4.200000e+00	5.200000e+02	7.211103e+01	7.211103e+01
4.200000e+00	4.300000e+00	3.000000e+02	5.477226e+01	5.477226e+01
4.300000e+00	4.400000e+00	1.900000e+02	4.358899e+01	4.358899e+01
4.400000e+00	4.500000e+00	1.800000e+02	4.242641e+01	4.242641e+01
4.500000e+00	4.600000e+00	1.400000e+02	3.741657e+01	3.741657e+01
4.600000e+00	4.700000e+00	1.100000e+02	3.316625e+01	3.316625e+01
4.700000e+00	4.800000e+00	6.000000e+01	2.449490e+01	2.449490e+01
4.800000e+00	4.900000e+00	7.000000e+01	2.645751e+01	2.645751e+01
4.900000e+00	5.000000e+00	4.000000e+01	2.000000e+01	2.000000e+01
5.000000e+00	5.100000e+00	3.000000e+01	1.732051e+01	1.732051e+01
5.100000e+00	5.200000e+00	1.000000e+01	1.000000e+01	1.000000e+01
5.200000e+00	5.300000e+00	0.000000e+00	0.000000e+00	0.000000e+00
5.300000e+00	5.400000e+00	0.000000e+00	0.000000e+00	0.000000e+00
5.400000e+00	5.500000e+00	1.000000e+01	1.000000e+01	1.000000e+01
5.500000e+00	5.600000e+00	0.000000e+00	0.000000e+00	0.000000e+00
5.600000e+00	5.700000e+00	0.000000e+00	0.000000e+00	0.000000e+00
5.700000e+00	5.800000e+00	0.000000e+00	0.000000e+00	0.000000e+00
5.800000e+00	5.900000e+00	0.000000e+00	0.000000e+00	0.000000e+00
5.900000e+00	6.000000e+00	0.000000e+00	0.000000e+00	0.000000e+00
6.000000e+00	6.100000e+00	0.000000e+00	0.000000e+00	0.000000e+00
6.100000e+00	6.200000e+00	0.000000e+00	0.000000e+00	0.000000e+00
6.200000e+00	6.300000e+00	0.000000e+00	0.000000e+00	0.000000e+00
6.300000e+00	6.400000e+00	0.000000e+00	0.000000e+00	0.000000e+00
6.400000e+00	6.500000e+00	0.000000e+00	0.000000e+00	0.000000e+00
6.500000e+00	6.600000e+00	0.000000e+00	0.000000e+00	0.000000e+00
6.600000e+00	6.700000e+00	0.000000e+00	0.000000e+00	0.000000e+00
6.700000e+00	6.800000e+00	0.000000e+00	0.000000e+00	0.000000e+00
6.800000e+00	6.900000e+00	0.000000e+00	0.000000e+00	0.000000e+00
6.900000e+00	7.000000e+00	0.000000e+00	0.000000e+00	0.000000e+00
7.000000e+00	7.100000e+00	0.000000e+00	0.000000e+00	0.000000e+00
7.100000e+00	7.200000e+00	0.000000e+00	0.000000e+00	0.000000e+00
7.200000e+00	7.300000e+00	0.000000e+00	0.000000e+00	0.000000e+00
7.300000e+00	7.400000e+00	0.000000e+00	0.000000e+00	0.000000e+00
7.400000e+00	7.500000e+00	0.000000e+00	0.000000e+00	0.000000e+00
7.500000e+00	7.600000e+00	0.000000e+00	0.000000e+00	0.000000e+00
7.600000e+00	7.700000e+00	0.000000e+00	0.000000e+00	0.000000e+00
7.700000e+00	7.800000e+00	0.000000e+00	0.000000e+00	0.000000e+00
7.800000e+00	7.900000e+00	0.000000e+00	0.000000e+00	0.000000e+00
7.900000e+00	8.000000e+00	0.000000e+00	0.000000e+00	0.000000e+00
8.000000e+00	8.100000e+00	0.000000e+00	0.000000e+00	0.000000e+00
8.100000e+00	8.200000e+00	0.000000e+00	0.000000e+00	0.000000e+00
8.200000e+00	8.300000e+00	0.000000e+00	0.000000e+00	0.000000e+00
8.300000e+00	8.400000e+00	0.000000e+00	0.000000e+00	0.000000e+00
8.400000e+00	8.500000e+00	0.000000e+00	0.000000e+00	0.000000e+00
8.500000e+00	8.600000e+00	0.000000e+00	0.000000e+00	0.000000e+00
8.600000e+00	8.700000e+00	0.000000e+00	0.000000e+00	0.000000e+00
8.700000e+00	8.800000e+00	0.000000e+00	0.000000e+00	0.000000e+00
8.800000e+00	8.900000e+00	0.000000e+00	0.000000e+00	0.000000e+00
8.900000e+00	9.000000e+00	0.000000e+00	0.000000e+00	0.000000e+00
9.000000e+00	9.100000e+00	0.000000e+00	0.000000e+00	0.000000e+00
9.100000e+00	9.200000e+00	0.000000e+00	0.000000e+00	0.000000e+00
9.200000e+00	9.300000e+00	0.000000e+00	0.000000e+00	0.000000e+00
9.300000e+00	9.400000e+00	0.000000e+00	0.000000e+00	0.000000e+00
9.400000e+00	9.500000e+00	0.000000e+00	0.000000e+00	0.000000e+00
9.500000e+00	9.600000e+00	0.000000e+00	0.000000e+00	0.000000e+00
9.600000e+00	9.700000e+00	0.000000e+00	0.000000e+00	0.000000e+00
9.700000e+00	9.800000e+00	0.000000e+00	0.000000e+00	0.000000e+00
9.800000e+00	9.900000e+00	0.000000e+00	0.000000e+00	0.000000e+00
9.900000e+00	1.000000e+01	0.000000e+00	0.000000e+00	0.000000e+00
1.000000e+01	1.010000e+01	0.000000e+00	0.000000e+00	0.000000e+00
1.010000e+01	1.020000e+01	0.000000e+00	0.000000e+00	0.000000e+00
1.020000e+01	1.030000e+01	0.000000e+00	0.000000e+00	0.000000e+00
1.030000e+01	1.040000e+01	0.000000e+00	0.000000e+00	0.000000e+00
1.040000e+01	1.050000e+01	0.000000e+00	0.000000e+00	0.000000e+00
1.050000e+01	1.060000e+01	0.000000e+00	0.000000e+00	0.000000e+00
1.060000e+01	1.070000e+01	0.000000e+00	0.000000e+00	0.000000e+00
1.070000e+01	1.080000e+01	0.000000e+00	0.000000e+00	0.000000e+00
1.080000e+01	1.090000e+01	0.000000e+00	0.000000e+00	0.000000e+00
1.090000e+01	1.100000e+01	0.000000e+00	0.000000e+00	0.000000e+00
1.100000e+01	1.110000e+01	0.000000e+00	0.000000e+00	0.000000e+00
1.110000e+01	1.120000e+01	0.000000e+00	0.000000e+00	0.000000e+00
1.120000e+01	1.130000e+01	0.000000e+00	0.000000e+00	0.000000e+00
1.130000e+01	1.140000e+01	0.000000e+00	0.000000e+00	0.000000e+00
1.140000e+01	1.150000e+01	0.000000e+00	0.000000e+00	0.000000e+00
1.150000e+01	1.160000e+01	0.000000e+00	0.000000e+00	0.000000e+00
1.160000e+01	1.170000e+01	0.000000e+00	0.000000e+00	0.000000e+00
1.170000e+01	1.180000e+01	0.000000e+00	0.000000e+00	0.000000e+00
1.180000e+01	1.190000e+01	0.000000e+00	0.000000e+00	0.000000e+00
1.190000e+01	1.200000e+01	0.000000e+00	0.000000e+00	0.000000e+00
1.200000e+01	1.210000e+01	0.000000e+00	0.000000e+00	0.000000e+00
1.210000e+01	1.220000e+01	0.000000e+00	0.000000e+00	0.000000e+00
1.220000e+01	1.230000e+01	0.000000e+00	0.000000e+00	0.000000e+00
1.230000e+01	1.240000e+01	0.000000e+00	0.000000e+00	0.000000e+00
1.240000e+01	1.250000e+01	0.000000e+00	0.000000e+00	0.000000e+00
1.250000e+01	1.260000e+01	0.000000e+00	0.000000e+00	0.000000e+00
1.260000e+01	1.270000e+01	0.000000e+00	0.000000e+00	0.000000e+00
1.270000e+01	1.280000e+01	0.000000e+00	0.000000e+00	0.000000e+00
1.280000e+01	1.290000e+01	0.000000e+00	0.000000e+00	0.000000e+00
1.290000e+01	1.300000e+01	0.000000e+00	0.000000e+00	0.000000e+00
1.300000e+01	1.310000e+01	0.000000e+00	0.000000e+00	0.000000e+00
1.310000e+01	1.320000e+01	0.000000e+00	0.000000e+00	0.000000e+00
1.320000e+01	1.330000e+01	0.000000e+00	0.000000e+00	0.000000e+00
1.330000e+01	1.340000e+01	0.000000e+00	0.000000e+00	0.000000e+00
1.340000e+01	1.350000e+01	0.000000e+00	0.000000e+00	0.000000e+00
1.350000e+01	1.360000e+01	0.000000e+00	0.000000e+00	0.000000e+00
1.360000e+01	1.370000e+01	0.000000e+00	0.000000e+00	0.000000e+00
1.370000e+01	1.380000e+01	0.000000e+00	0.000000e+00	0.000000e+00
1.380000e+01	1.390000e+01	0.000000e+00	0.000000e+00	0.000000e+00
1.390000e+01	1.400000e+01	0.000000e+00	0.000000e+00	0.000000e+00
1.400000e+01	1.410000e+01	0.000000e+00	0.000000e+00	0.000000e+00
1.410000e+01	1.420000e+01	0.000000e+00	0.000000e+00	0.000000e+00
1.420000e+01	1.430000e+01	0.000000e+00	0.000000e+00	0.000000e+00
1.430000e+01	1.440000e+01	0.000000e+00	0.000000e+00	0.000000e+00
1.440000e+01	1.450000e+01	0.000000e+00	0.000000e+00	0.000000e+00
1.450000e+01	1.460000e+01	0.000000e+00	0.000000e+00	0.000000e+00
1.460000e+01	1.470000e+01	0.000000e+00	0.000000e+00	0.000000e+00
1.470000e+01	1.480000e+01	0.000000e+00	0.000000e+00	0.000000e+00
1.480000e+01	1.490000e+01	0.000000e+00	0.000000e+00	0.000000e+00
1.490000e+01	1.500000e+01	0.000000e+00	0.000000e+00	0.000000e+00
# END HISTO1D

