# BEGIN PLOT
LegendOnly=//home/frederic/Work/Software/LesHouches2017/lh2017-alphas/rivet-analysis/gluon-as013650-truth.yoda/MC_LHJSS_Zjet/log_Angularity_zcut_0.1_beta_2_alpha_2 //home/frederic/Work/Software/LesHouches2017/lh2017-alphas/rivet-analysis/gluon-as012285-truth.yoda/MC_LHJSS_Zjet/log_Angularity_zcut_0.1_beta_2_alpha_2 //home/frederic/Work/Software/LesHouches2017/lh2017-alphas/rivet-analysis/gluon-as015015-truth.yoda/MC_LHJSS_Zjet/log_Angularity_zcut_0.1_beta_2_alpha_2
DrawOnly=//home/frederic/Work/Software/LesHouches2017/lh2017-alphas/rivet-analysis/gluon-as013650-truth.yoda/MC_LHJSS_Zjet/log_Angularity_zcut_0.1_beta_2_alpha_2 //home/frederic/Work/Software/LesHouches2017/lh2017-alphas/rivet-analysis/gluon-as012285-truth.yoda/MC_LHJSS_Zjet/log_Angularity_zcut_0.1_beta_2_alpha_2 //home/frederic/Work/Software/LesHouches2017/lh2017-alphas/rivet-analysis/gluon-as015015-truth.yoda/MC_LHJSS_Zjet/log_Angularity_zcut_0.1_beta_2_alpha_2
Title=Angularity, $\alpha$ = 2 $z_{cut}$ = 0.1 $\beta$ = 2
RatioPlot=1
LogX=0
LogY=0
RatioPlotYLabel=Ratio
RatioPlotReference=//home/frederic/Work/Software/LesHouches2017/lh2017-alphas/rivet-analysis/gluon-as013650-truth.yoda/MC_LHJSS_Zjet/log_Angularity_zcut_0.1_beta_2_alpha_2
XLabel=$e_\alpha$
YLabel=$1/\sigma \text{d}\sigma/\text{d}e_\alpha$
Legend=1
# END PLOT

# BEGIN HISTO1D //home/frederic/Work/Software/LesHouches2017/lh2017-alphas/rivet-analysis/gluon-as013650-truth.yoda/MC_LHJSS_Zjet/log_Angularity_zcut_0.1_beta_2_alpha_2
LineColor=red
LineStyle=solid
NormalizeToSum=1
Path=//home/frederic/Work/Software/LesHouches2017/lh2017-alphas/rivet-analysis/gluon-as013650-truth.yoda/MC_LHJSS_Zjet/log_Angularity_zcut_0.1_beta_2_alpha_2
ScaledBy=6.97593303104290135e-05
Title=gluon-as013650-truth
XLabel=
YLabel=
# xlow	 xhigh	 val	 errminus	 errplus
0.000000e+00	1.000000e-01	0.000000e+00	0.000000e+00	0.000000e+00
1.000000e-01	2.000000e-01	0.000000e+00	0.000000e+00	0.000000e+00
2.000000e-01	3.000000e-01	2.790373e-03	1.395187e-03	1.395187e-03
3.000000e-01	4.000000e-01	1.395187e-03	9.865459e-04	9.865459e-04
4.000000e-01	5.000000e-01	3.487967e-03	1.559866e-03	1.559866e-03
5.000000e-01	6.000000e-01	6.975933e-03	2.205984e-03	2.205984e-03
6.000000e-01	7.000000e-01	1.185909e-02	2.876251e-03	2.876251e-03
7.000000e-01	8.000000e-01	1.953261e-02	3.691317e-03	3.691317e-03
8.000000e-01	9.000000e-01	2.860133e-02	4.466776e-03	4.466776e-03
9.000000e-01	1.000000e+00	3.697245e-02	5.078556e-03	5.078556e-03
1.000000e+00	1.100000e+00	5.510987e-02	6.200345e-03	6.200345e-03
1.100000e+00	1.200000e+00	6.557377e-02	6.763418e-03	6.763418e-03
1.200000e+00	1.300000e+00	8.231601e-02	7.577803e-03	7.577803e-03
1.300000e+00	1.400000e+00	9.905825e-02	8.312784e-03	8.312784e-03
1.400000e+00	1.500000e+00	1.102197e-01	8.768612e-03	8.768612e-03
1.500000e+00	1.600000e+00	1.339379e-01	9.666136e-03	9.666136e-03
1.600000e+00	1.700000e+00	1.290548e-01	9.488295e-03	9.488295e-03
1.700000e+00	1.800000e+00	1.297524e-01	9.513904e-03	9.513904e-03
1.800000e+00	1.900000e+00	1.576561e-01	1.048713e-02	1.048713e-02
1.900000e+00	2.000000e+00	1.590513e-01	1.053343e-02	1.053343e-02
2.000000e+00	2.100000e+00	1.764911e-01	1.109590e-02	1.109590e-02
2.100000e+00	2.200000e+00	1.757935e-01	1.107395e-02	1.107395e-02
2.200000e+00	2.300000e+00	1.946285e-01	1.165211e-02	1.165211e-02
2.300000e+00	2.400000e+00	1.932333e-01	1.161027e-02	1.161027e-02
2.400000e+00	2.500000e+00	1.974189e-01	1.173534e-02	1.173534e-02
2.500000e+00	2.600000e+00	2.050924e-01	1.196123e-02	1.196123e-02
2.600000e+00	2.700000e+00	2.071852e-01	1.202210e-02	1.202210e-02
2.700000e+00	2.800000e+00	2.239275e-01	1.249841e-02	1.249841e-02
2.800000e+00	2.900000e+00	2.085804e-01	1.206252e-02	1.206252e-02
2.900000e+00	3.000000e+00	2.162539e-01	1.228240e-02	1.228240e-02
3.000000e+00	3.100000e+00	2.148587e-01	1.224271e-02	1.224271e-02
3.100000e+00	3.200000e+00	2.267178e-01	1.257604e-02	1.257604e-02
3.200000e+00	3.300000e+00	2.322986e-01	1.272988e-02	1.272988e-02
3.300000e+00	3.400000e+00	2.036972e-01	1.192048e-02	1.192048e-02
3.400000e+00	3.500000e+00	2.322986e-01	1.272988e-02	1.272988e-02
3.500000e+00	3.600000e+00	2.106732e-01	1.212288e-02	1.212288e-02
3.600000e+00	3.700000e+00	2.302058e-01	1.267241e-02	1.267241e-02
3.700000e+00	3.800000e+00	2.274154e-01	1.259538e-02	1.259538e-02
3.800000e+00	3.900000e+00	2.078828e-01	1.204233e-02	1.204233e-02
3.900000e+00	4.000000e+00	2.218347e-01	1.243987e-02	1.243987e-02
4.000000e+00	4.100000e+00	2.057900e-01	1.198156e-02	1.198156e-02
4.100000e+00	4.200000e+00	2.064876e-01	1.200185e-02	1.200185e-02
4.200000e+00	4.300000e+00	2.385769e-01	1.290076e-02	1.290076e-02
4.300000e+00	4.400000e+00	2.099756e-01	1.210279e-02	1.210279e-02
4.400000e+00	4.500000e+00	2.009069e-01	1.183855e-02	1.183855e-02
4.500000e+00	4.600000e+00	2.057900e-01	1.198156e-02	1.198156e-02
4.600000e+00	4.700000e+00	1.897454e-01	1.150500e-02	1.150500e-02
4.700000e+00	4.800000e+00	2.253226e-01	1.253729e-02	1.253729e-02
4.800000e+00	4.900000e+00	2.064876e-01	1.200185e-02	1.200185e-02
4.900000e+00	5.000000e+00	1.813743e-01	1.124836e-02	1.124836e-02
5.000000e+00	5.100000e+00	1.883502e-01	1.146263e-02	1.146263e-02
5.100000e+00	5.200000e+00	1.848622e-01	1.135600e-02	1.135600e-02
5.200000e+00	5.300000e+00	1.820719e-01	1.126996e-02	1.126996e-02
5.300000e+00	5.400000e+00	1.737007e-01	1.100784e-02	1.100784e-02
5.400000e+00	5.500000e+00	1.688176e-01	1.085200e-02	1.085200e-02
5.500000e+00	5.600000e+00	1.667248e-01	1.078453e-02	1.078453e-02
5.600000e+00	5.700000e+00	1.506802e-01	1.025249e-02	1.025249e-02
5.700000e+00	5.800000e+00	1.569585e-01	1.046390e-02	1.046390e-02
5.800000e+00	5.900000e+00	1.534705e-01	1.034698e-02	1.034698e-02
5.900000e+00	6.000000e+00	1.220788e-01	9.228292e-03	9.228292e-03
6.000000e+00	6.100000e+00	1.178933e-01	9.068713e-03	9.068713e-03
6.100000e+00	6.200000e+00	9.417510e-02	8.105302e-03	8.105302e-03
6.200000e+00	6.300000e+00	9.626788e-02	8.194866e-03	8.194866e-03
6.300000e+00	6.400000e+00	7.603767e-02	7.283088e-03	7.283088e-03
6.400000e+00	6.500000e+00	7.882804e-02	7.415519e-03	7.415519e-03
6.500000e+00	6.600000e+00	5.929543e-02	6.431493e-03	6.431493e-03
6.600000e+00	6.700000e+00	5.301709e-02	6.081478e-03	6.081478e-03
6.700000e+00	6.800000e+00	4.673875e-02	5.710047e-03	5.710047e-03
6.800000e+00	6.900000e+00	4.325078e-02	5.492855e-03	5.492855e-03
6.900000e+00	7.000000e+00	3.906522e-02	5.220310e-03	5.220310e-03
7.000000e+00	7.100000e+00	2.511336e-02	4.185560e-03	4.185560e-03
7.100000e+00	7.200000e+00	2.023021e-02	3.756655e-03	3.756655e-03
7.200000e+00	7.300000e+00	2.023021e-02	3.756655e-03	3.756655e-03
7.300000e+00	7.400000e+00	1.395187e-02	3.119732e-03	3.119732e-03
7.400000e+00	7.500000e+00	1.464946e-02	3.196773e-03	3.196773e-03
7.500000e+00	7.600000e+00	9.068713e-03	2.515208e-03	2.515208e-03
7.600000e+00	7.700000e+00	6.975933e-03	2.205984e-03	2.205984e-03
7.700000e+00	7.800000e+00	4.185560e-03	1.708747e-03	1.708747e-03
7.800000e+00	7.900000e+00	3.487967e-03	1.559866e-03	1.559866e-03
7.900000e+00	8.000000e+00	2.092780e-03	1.208267e-03	1.208267e-03
8.000000e+00	8.100000e+00	1.395187e-03	9.865459e-04	9.865459e-04
8.100000e+00	8.200000e+00	3.487967e-03	1.559866e-03	1.559866e-03
8.200000e+00	8.300000e+00	2.790373e-03	1.395187e-03	1.395187e-03
8.300000e+00	8.400000e+00	2.790373e-03	1.395187e-03	1.395187e-03
8.400000e+00	8.500000e+00	0.000000e+00	0.000000e+00	0.000000e+00
8.500000e+00	8.600000e+00	1.395187e-03	9.865459e-04	9.865459e-04
8.600000e+00	8.700000e+00	0.000000e+00	0.000000e+00	0.000000e+00
8.700000e+00	8.800000e+00	1.395187e-03	9.865459e-04	9.865459e-04
8.800000e+00	8.900000e+00	6.975933e-04	6.975933e-04	6.975933e-04
8.900000e+00	9.000000e+00	6.975933e-04	6.975933e-04	6.975933e-04
9.000000e+00	9.100000e+00	6.975933e-04	6.975933e-04	6.975933e-04
9.100000e+00	9.200000e+00	6.975933e-04	6.975933e-04	6.975933e-04
9.200000e+00	9.300000e+00	0.000000e+00	0.000000e+00	0.000000e+00
9.300000e+00	9.400000e+00	0.000000e+00	0.000000e+00	0.000000e+00
9.400000e+00	9.500000e+00	0.000000e+00	0.000000e+00	0.000000e+00
9.500000e+00	9.600000e+00	0.000000e+00	0.000000e+00	0.000000e+00
9.600000e+00	9.700000e+00	6.975933e-04	6.975933e-04	6.975933e-04
9.700000e+00	9.800000e+00	0.000000e+00	0.000000e+00	0.000000e+00
9.800000e+00	9.900000e+00	0.000000e+00	0.000000e+00	0.000000e+00
9.900000e+00	1.000000e+01	0.000000e+00	0.000000e+00	0.000000e+00
1.000000e+01	1.010000e+01	0.000000e+00	0.000000e+00	0.000000e+00
1.010000e+01	1.020000e+01	0.000000e+00	0.000000e+00	0.000000e+00
1.020000e+01	1.030000e+01	0.000000e+00	0.000000e+00	0.000000e+00
1.030000e+01	1.040000e+01	6.975933e-04	6.975933e-04	6.975933e-04
1.040000e+01	1.050000e+01	0.000000e+00	0.000000e+00	0.000000e+00
1.050000e+01	1.060000e+01	0.000000e+00	0.000000e+00	0.000000e+00
1.060000e+01	1.070000e+01	0.000000e+00	0.000000e+00	0.000000e+00
1.070000e+01	1.080000e+01	0.000000e+00	0.000000e+00	0.000000e+00
1.080000e+01	1.090000e+01	0.000000e+00	0.000000e+00	0.000000e+00
1.090000e+01	1.100000e+01	0.000000e+00	0.000000e+00	0.000000e+00
1.100000e+01	1.110000e+01	0.000000e+00	0.000000e+00	0.000000e+00
1.110000e+01	1.120000e+01	0.000000e+00	0.000000e+00	0.000000e+00
1.120000e+01	1.130000e+01	0.000000e+00	0.000000e+00	0.000000e+00
1.130000e+01	1.140000e+01	0.000000e+00	0.000000e+00	0.000000e+00
1.140000e+01	1.150000e+01	0.000000e+00	0.000000e+00	0.000000e+00
1.150000e+01	1.160000e+01	0.000000e+00	0.000000e+00	0.000000e+00
1.160000e+01	1.170000e+01	0.000000e+00	0.000000e+00	0.000000e+00
1.170000e+01	1.180000e+01	0.000000e+00	0.000000e+00	0.000000e+00
1.180000e+01	1.190000e+01	0.000000e+00	0.000000e+00	0.000000e+00
1.190000e+01	1.200000e+01	0.000000e+00	0.000000e+00	0.000000e+00
1.200000e+01	1.210000e+01	0.000000e+00	0.000000e+00	0.000000e+00
1.210000e+01	1.220000e+01	0.000000e+00	0.000000e+00	0.000000e+00
1.220000e+01	1.230000e+01	0.000000e+00	0.000000e+00	0.000000e+00
1.230000e+01	1.240000e+01	0.000000e+00	0.000000e+00	0.000000e+00
1.240000e+01	1.250000e+01	0.000000e+00	0.000000e+00	0.000000e+00
1.250000e+01	1.260000e+01	0.000000e+00	0.000000e+00	0.000000e+00
1.260000e+01	1.270000e+01	0.000000e+00	0.000000e+00	0.000000e+00
1.270000e+01	1.280000e+01	0.000000e+00	0.000000e+00	0.000000e+00
1.280000e+01	1.290000e+01	0.000000e+00	0.000000e+00	0.000000e+00
1.290000e+01	1.300000e+01	0.000000e+00	0.000000e+00	0.000000e+00
1.300000e+01	1.310000e+01	0.000000e+00	0.000000e+00	0.000000e+00
1.310000e+01	1.320000e+01	0.000000e+00	0.000000e+00	0.000000e+00
1.320000e+01	1.330000e+01	0.000000e+00	0.000000e+00	0.000000e+00
1.330000e+01	1.340000e+01	0.000000e+00	0.000000e+00	0.000000e+00
1.340000e+01	1.350000e+01	0.000000e+00	0.000000e+00	0.000000e+00
1.350000e+01	1.360000e+01	0.000000e+00	0.000000e+00	0.000000e+00
1.360000e+01	1.370000e+01	0.000000e+00	0.000000e+00	0.000000e+00
1.370000e+01	1.380000e+01	0.000000e+00	0.000000e+00	0.000000e+00
1.380000e+01	1.390000e+01	0.000000e+00	0.000000e+00	0.000000e+00
1.390000e+01	1.400000e+01	0.000000e+00	0.000000e+00	0.000000e+00
1.400000e+01	1.410000e+01	0.000000e+00	0.000000e+00	0.000000e+00
1.410000e+01	1.420000e+01	0.000000e+00	0.000000e+00	0.000000e+00
1.420000e+01	1.430000e+01	0.000000e+00	0.000000e+00	0.000000e+00
1.430000e+01	1.440000e+01	0.000000e+00	0.000000e+00	0.000000e+00
1.440000e+01	1.450000e+01	0.000000e+00	0.000000e+00	0.000000e+00
1.450000e+01	1.460000e+01	0.000000e+00	0.000000e+00	0.000000e+00
1.460000e+01	1.470000e+01	0.000000e+00	0.000000e+00	0.000000e+00
1.470000e+01	1.480000e+01	0.000000e+00	0.000000e+00	0.000000e+00
1.480000e+01	1.490000e+01	0.000000e+00	0.000000e+00	0.000000e+00
1.490000e+01	1.500000e+01	0.000000e+00	0.000000e+00	0.000000e+00
# END HISTO1D

# BEGIN HISTO1D //home/frederic/Work/Software/LesHouches2017/lh2017-alphas/rivet-analysis/gluon-as012285-truth.yoda/MC_LHJSS_Zjet/log_Angularity_zcut_0.1_beta_2_alpha_2
LineColor=blue
LineStyle=solid
NormalizeToSum=1
Path=//home/frederic/Work/Software/LesHouches2017/lh2017-alphas/rivet-analysis/gluon-as012285-truth.yoda/MC_LHJSS_Zjet/log_Angularity_zcut_0.1_beta_2_alpha_2
ScaledBy=7.07513796519032182e-05
Title=gluon-as012285-truth
XLabel=
YLabel=
# xlow	 xhigh	 val	 errminus	 errplus
0.000000e+00	1.000000e-01	0.000000e+00	0.000000e+00	0.000000e+00
1.000000e-01	2.000000e-01	7.075138e-04	7.075138e-04	7.075138e-04
2.000000e-01	3.000000e-01	1.415028e-03	1.000576e-03	1.000576e-03
3.000000e-01	4.000000e-01	7.075138e-04	7.075138e-04	7.075138e-04
4.000000e-01	5.000000e-01	1.415028e-03	1.000576e-03	1.000576e-03
5.000000e-01	6.000000e-01	3.537569e-03	1.582049e-03	1.582049e-03
6.000000e-01	7.000000e-01	5.660110e-03	2.001151e-03	2.001151e-03
7.000000e-01	8.000000e-01	2.051790e-02	3.810079e-03	3.810079e-03
8.000000e-01	9.000000e-01	2.193293e-02	3.939270e-03	3.939270e-03
9.000000e-01	1.000000e+00	3.749823e-02	5.150779e-03	5.150779e-03
1.000000e+00	1.100000e+00	5.235602e-02	6.086264e-03	6.086264e-03
1.100000e+00	1.200000e+00	5.447856e-02	6.208408e-03	6.208408e-03
1.200000e+00	1.300000e+00	7.924155e-02	7.487622e-03	7.487622e-03
1.300000e+00	1.400000e+00	8.136409e-02	7.587240e-03	7.587240e-03
1.400000e+00	1.500000e+00	9.551436e-02	8.220567e-03	8.220567e-03
1.500000e+00	1.600000e+00	9.268431e-02	8.097866e-03	8.097866e-03
1.600000e+00	1.700000e+00	1.202773e-01	9.224851e-03	9.224851e-03
1.700000e+00	1.800000e+00	1.415028e-01	1.000576e-02	1.000576e-02
1.800000e+00	1.900000e+00	1.379652e-01	9.879893e-03	9.879893e-03
1.900000e+00	2.000000e+00	1.344276e-01	9.752405e-03	9.752405e-03
2.000000e+00	2.100000e+00	1.698033e-01	1.096076e-02	1.096076e-02
2.100000e+00	2.200000e+00	1.556530e-01	1.049413e-02	1.049413e-02
2.200000e+00	2.300000e+00	1.726334e-01	1.105172e-02	1.105172e-02
2.300000e+00	2.400000e+00	1.733409e-01	1.107434e-02	1.107434e-02
2.400000e+00	2.500000e+00	1.471629e-01	1.020391e-02	1.020391e-02
2.500000e+00	2.600000e+00	1.634357e-01	1.075328e-02	1.075328e-02
2.600000e+00	2.700000e+00	1.790010e-01	1.125370e-02	1.125370e-02
2.700000e+00	2.800000e+00	1.846611e-01	1.143024e-02	1.143024e-02
2.800000e+00	2.900000e+00	1.938588e-01	1.171144e-02	1.171144e-02
2.900000e+00	3.000000e+00	1.832461e-01	1.138636e-02	1.138636e-02
3.000000e+00	3.100000e+00	2.073015e-01	1.211069e-02	1.211069e-02
3.100000e+00	3.200000e+00	1.889062e-01	1.156087e-02	1.156087e-02
3.200000e+00	3.300000e+00	2.037640e-01	1.200691e-02	1.200691e-02
3.300000e+00	3.400000e+00	2.214518e-01	1.251720e-02	1.251720e-02
3.400000e+00	3.500000e+00	1.931513e-01	1.169005e-02	1.169005e-02
3.500000e+00	3.600000e+00	2.030565e-01	1.198604e-02	1.198604e-02
3.600000e+00	3.700000e+00	2.264044e-01	1.265639e-02	1.265639e-02
3.700000e+00	3.800000e+00	2.186218e-01	1.243696e-02	1.243696e-02
3.800000e+00	3.900000e+00	2.101316e-01	1.219307e-02	1.219307e-02
3.900000e+00	4.000000e+00	2.320645e-01	1.281362e-02	1.281362e-02
4.000000e+00	4.100000e+00	2.058865e-01	1.206928e-02	1.206928e-02
4.100000e+00	4.200000e+00	1.846611e-01	1.143024e-02	1.143024e-02
4.200000e+00	4.300000e+00	2.235744e-01	1.257704e-02	1.257704e-02
4.300000e+00	4.400000e+00	2.051790e-01	1.204853e-02	1.204853e-02
4.400000e+00	4.500000e+00	1.945663e-01	1.173279e-02	1.173279e-02
4.500000e+00	4.600000e+00	2.037640e-01	1.200691e-02	1.200691e-02
4.600000e+00	4.700000e+00	1.910287e-01	1.162564e-02	1.162564e-02
4.700000e+00	4.800000e+00	1.910287e-01	1.162564e-02	1.162564e-02
4.800000e+00	4.900000e+00	1.988114e-01	1.186009e-02	1.186009e-02
4.900000e+00	5.000000e+00	1.811235e-01	1.132022e-02	1.132022e-02
5.000000e+00	5.100000e+00	2.009339e-01	1.192323e-02	1.192323e-02
5.100000e+00	5.200000e+00	1.910287e-01	1.162564e-02	1.162564e-02
5.200000e+00	5.300000e+00	1.874912e-01	1.151749e-02	1.151749e-02
5.300000e+00	5.400000e+00	1.903212e-01	1.160409e-02	1.160409e-02
5.400000e+00	5.500000e+00	1.761709e-01	1.116438e-02	1.116438e-02
5.500000e+00	5.600000e+00	1.825386e-01	1.136435e-02	1.136435e-02
5.600000e+00	5.700000e+00	1.521155e-01	1.037419e-02	1.037419e-02
5.700000e+00	5.800000e+00	1.662657e-01	1.084598e-02	1.084598e-02
5.800000e+00	5.900000e+00	1.641432e-01	1.077653e-02	1.077653e-02
5.900000e+00	6.000000e+00	1.528230e-01	1.039829e-02	1.039829e-02
6.000000e+00	6.100000e+00	1.464554e-01	1.017935e-02	1.017935e-02
6.100000e+00	6.200000e+00	1.542380e-01	1.044632e-02	1.044632e-02
6.200000e+00	6.300000e+00	1.344276e-01	9.752405e-03	9.752405e-03
6.300000e+00	6.400000e+00	1.287675e-01	9.544883e-03	9.544883e-03
6.400000e+00	6.500000e+00	1.082496e-01	8.751462e-03	8.751462e-03
6.500000e+00	6.600000e+00	1.082496e-01	8.751462e-03	8.751462e-03
6.600000e+00	6.700000e+00	7.711900e-02	7.386661e-03	7.386661e-03
6.700000e+00	6.800000e+00	9.339182e-02	8.128715e-03	8.128715e-03
6.800000e+00	6.900000e+00	8.207160e-02	7.620157e-03	7.620157e-03
6.900000e+00	7.000000e+00	5.023348e-02	5.961617e-03	5.961617e-03
7.000000e+00	7.100000e+00	3.749823e-02	5.150779e-03	5.150779e-03
7.100000e+00	7.200000e+00	5.447856e-02	6.208408e-03	6.208408e-03
7.200000e+00	7.300000e+00	2.759304e-02	4.418423e-03	4.418423e-03
7.300000e+00	7.400000e+00	3.042309e-02	4.639478e-03	4.639478e-03
7.400000e+00	7.500000e+00	1.981039e-02	3.743811e-03	3.743811e-03
7.500000e+00	7.600000e+00	1.981039e-02	3.743811e-03	3.743811e-03
7.600000e+00	7.700000e+00	1.202773e-02	2.917154e-03	2.917154e-03
7.700000e+00	7.800000e+00	1.061271e-02	2.740189e-03	2.740189e-03
7.800000e+00	7.900000e+00	1.344276e-02	3.083981e-03	3.083981e-03
7.900000e+00	8.000000e+00	9.905193e-03	2.647274e-03	2.647274e-03
8.000000e+00	8.100000e+00	7.075138e-03	2.237355e-03	2.237355e-03
8.100000e+00	8.200000e+00	5.660110e-03	2.001151e-03	2.001151e-03
8.200000e+00	8.300000e+00	1.415028e-03	1.000576e-03	1.000576e-03
8.300000e+00	8.400000e+00	1.415028e-03	1.000576e-03	1.000576e-03
8.400000e+00	8.500000e+00	7.075138e-04	7.075138e-04	7.075138e-04
8.500000e+00	8.600000e+00	7.075138e-04	7.075138e-04	7.075138e-04
8.600000e+00	8.700000e+00	2.122541e-03	1.225450e-03	1.225450e-03
8.700000e+00	8.800000e+00	2.122541e-03	1.225450e-03	1.225450e-03
8.800000e+00	8.900000e+00	7.075138e-04	7.075138e-04	7.075138e-04
8.900000e+00	9.000000e+00	0.000000e+00	0.000000e+00	0.000000e+00
9.000000e+00	9.100000e+00	1.415028e-03	1.000576e-03	1.000576e-03
9.100000e+00	9.200000e+00	7.075138e-04	7.075138e-04	7.075138e-04
9.200000e+00	9.300000e+00	0.000000e+00	0.000000e+00	0.000000e+00
9.300000e+00	9.400000e+00	0.000000e+00	0.000000e+00	0.000000e+00
9.400000e+00	9.500000e+00	0.000000e+00	0.000000e+00	0.000000e+00
9.500000e+00	9.600000e+00	0.000000e+00	0.000000e+00	0.000000e+00
9.600000e+00	9.700000e+00	2.122541e-03	1.225450e-03	1.225450e-03
9.700000e+00	9.800000e+00	0.000000e+00	0.000000e+00	0.000000e+00
9.800000e+00	9.900000e+00	0.000000e+00	0.000000e+00	0.000000e+00
9.900000e+00	1.000000e+01	0.000000e+00	0.000000e+00	0.000000e+00
1.000000e+01	1.010000e+01	0.000000e+00	0.000000e+00	0.000000e+00
1.010000e+01	1.020000e+01	0.000000e+00	0.000000e+00	0.000000e+00
1.020000e+01	1.030000e+01	0.000000e+00	0.000000e+00	0.000000e+00
1.030000e+01	1.040000e+01	0.000000e+00	0.000000e+00	0.000000e+00
1.040000e+01	1.050000e+01	0.000000e+00	0.000000e+00	0.000000e+00
1.050000e+01	1.060000e+01	0.000000e+00	0.000000e+00	0.000000e+00
1.060000e+01	1.070000e+01	0.000000e+00	0.000000e+00	0.000000e+00
1.070000e+01	1.080000e+01	0.000000e+00	0.000000e+00	0.000000e+00
1.080000e+01	1.090000e+01	0.000000e+00	0.000000e+00	0.000000e+00
1.090000e+01	1.100000e+01	0.000000e+00	0.000000e+00	0.000000e+00
1.100000e+01	1.110000e+01	0.000000e+00	0.000000e+00	0.000000e+00
1.110000e+01	1.120000e+01	0.000000e+00	0.000000e+00	0.000000e+00
1.120000e+01	1.130000e+01	7.075138e-04	7.075138e-04	7.075138e-04
1.130000e+01	1.140000e+01	0.000000e+00	0.000000e+00	0.000000e+00
1.140000e+01	1.150000e+01	0.000000e+00	0.000000e+00	0.000000e+00
1.150000e+01	1.160000e+01	0.000000e+00	0.000000e+00	0.000000e+00
1.160000e+01	1.170000e+01	0.000000e+00	0.000000e+00	0.000000e+00
1.170000e+01	1.180000e+01	0.000000e+00	0.000000e+00	0.000000e+00
1.180000e+01	1.190000e+01	0.000000e+00	0.000000e+00	0.000000e+00
1.190000e+01	1.200000e+01	0.000000e+00	0.000000e+00	0.000000e+00
1.200000e+01	1.210000e+01	0.000000e+00	0.000000e+00	0.000000e+00
1.210000e+01	1.220000e+01	0.000000e+00	0.000000e+00	0.000000e+00
1.220000e+01	1.230000e+01	0.000000e+00	0.000000e+00	0.000000e+00
1.230000e+01	1.240000e+01	0.000000e+00	0.000000e+00	0.000000e+00
1.240000e+01	1.250000e+01	0.000000e+00	0.000000e+00	0.000000e+00
1.250000e+01	1.260000e+01	0.000000e+00	0.000000e+00	0.000000e+00
1.260000e+01	1.270000e+01	0.000000e+00	0.000000e+00	0.000000e+00
1.270000e+01	1.280000e+01	0.000000e+00	0.000000e+00	0.000000e+00
1.280000e+01	1.290000e+01	0.000000e+00	0.000000e+00	0.000000e+00
1.290000e+01	1.300000e+01	0.000000e+00	0.000000e+00	0.000000e+00
1.300000e+01	1.310000e+01	0.000000e+00	0.000000e+00	0.000000e+00
1.310000e+01	1.320000e+01	0.000000e+00	0.000000e+00	0.000000e+00
1.320000e+01	1.330000e+01	0.000000e+00	0.000000e+00	0.000000e+00
1.330000e+01	1.340000e+01	0.000000e+00	0.000000e+00	0.000000e+00
1.340000e+01	1.350000e+01	0.000000e+00	0.000000e+00	0.000000e+00
1.350000e+01	1.360000e+01	0.000000e+00	0.000000e+00	0.000000e+00
1.360000e+01	1.370000e+01	0.000000e+00	0.000000e+00	0.000000e+00
1.370000e+01	1.380000e+01	0.000000e+00	0.000000e+00	0.000000e+00
1.380000e+01	1.390000e+01	0.000000e+00	0.000000e+00	0.000000e+00
1.390000e+01	1.400000e+01	0.000000e+00	0.000000e+00	0.000000e+00
1.400000e+01	1.410000e+01	0.000000e+00	0.000000e+00	0.000000e+00
1.410000e+01	1.420000e+01	0.000000e+00	0.000000e+00	0.000000e+00
1.420000e+01	1.430000e+01	0.000000e+00	0.000000e+00	0.000000e+00
1.430000e+01	1.440000e+01	0.000000e+00	0.000000e+00	0.000000e+00
1.440000e+01	1.450000e+01	0.000000e+00	0.000000e+00	0.000000e+00
1.450000e+01	1.460000e+01	0.000000e+00	0.000000e+00	0.000000e+00
1.460000e+01	1.470000e+01	0.000000e+00	0.000000e+00	0.000000e+00
1.470000e+01	1.480000e+01	0.000000e+00	0.000000e+00	0.000000e+00
1.480000e+01	1.490000e+01	0.000000e+00	0.000000e+00	0.000000e+00
1.490000e+01	1.500000e+01	0.000000e+00	0.000000e+00	0.000000e+00
# END HISTO1D

# BEGIN HISTO1D //home/frederic/Work/Software/LesHouches2017/lh2017-alphas/rivet-analysis/gluon-as015015-truth.yoda/MC_LHJSS_Zjet/log_Angularity_zcut_0.1_beta_2_alpha_2
LineColor=green
LineStyle=solid
NormalizeToSum=1
Path=//home/frederic/Work/Software/LesHouches2017/lh2017-alphas/rivet-analysis/gluon-as015015-truth.yoda/MC_LHJSS_Zjet/log_Angularity_zcut_0.1_beta_2_alpha_2
Title=gluon-as015015-truth
XLabel=
YLabel=
# xlow	 xhigh	 val	 errminus	 errplus
0.000000e+00	1.000000e-01	0.000000e+00	0.000000e+00	0.000000e+00
1.000000e-01	2.000000e-01	0.000000e+00	0.000000e+00	0.000000e+00
2.000000e-01	3.000000e-01	0.000000e+00	0.000000e+00	0.000000e+00
3.000000e-01	4.000000e-01	3.000000e+01	1.732051e+01	1.732051e+01
4.000000e-01	5.000000e-01	4.000000e+01	2.000000e+01	2.000000e+01
5.000000e-01	6.000000e-01	6.000000e+01	2.449490e+01	2.449490e+01
6.000000e-01	7.000000e-01	9.000000e+01	3.000000e+01	3.000000e+01
7.000000e-01	8.000000e-01	2.100000e+02	4.582576e+01	4.582576e+01
8.000000e-01	9.000000e-01	4.100000e+02	6.403124e+01	6.403124e+01
9.000000e-01	1.000000e+00	6.400000e+02	8.000000e+01	8.000000e+01
1.000000e+00	1.100000e+00	4.200000e+02	6.480741e+01	6.480741e+01
1.100000e+00	1.200000e+00	7.500000e+02	8.660254e+01	8.660254e+01
1.200000e+00	1.300000e+00	8.900000e+02	9.433981e+01	9.433981e+01
1.300000e+00	1.400000e+00	8.600000e+02	9.273618e+01	9.273618e+01
1.400000e+00	1.500000e+00	1.200000e+03	1.095445e+02	1.095445e+02
1.500000e+00	1.600000e+00	1.410000e+03	1.187434e+02	1.187434e+02
1.600000e+00	1.700000e+00	1.500000e+03	1.224745e+02	1.224745e+02
1.700000e+00	1.800000e+00	1.460000e+03	1.208305e+02	1.208305e+02
1.800000e+00	1.900000e+00	1.580000e+03	1.256981e+02	1.256981e+02
1.900000e+00	2.000000e+00	2.060000e+03	1.435270e+02	1.435270e+02
2.000000e+00	2.100000e+00	1.690000e+03	1.300000e+02	1.300000e+02
2.100000e+00	2.200000e+00	2.190000e+03	1.479865e+02	1.479865e+02
2.200000e+00	2.300000e+00	2.570000e+03	1.603122e+02	1.603122e+02
2.300000e+00	2.400000e+00	2.100000e+03	1.449138e+02	1.449138e+02
2.400000e+00	2.500000e+00	2.170000e+03	1.473092e+02	1.473092e+02
2.500000e+00	2.600000e+00	2.350000e+03	1.532971e+02	1.532971e+02
2.600000e+00	2.700000e+00	2.570000e+03	1.603122e+02	1.603122e+02
2.700000e+00	2.800000e+00	2.400000e+03	1.549193e+02	1.549193e+02
2.800000e+00	2.900000e+00	2.620000e+03	1.618641e+02	1.618641e+02
2.900000e+00	3.000000e+00	2.440000e+03	1.562050e+02	1.562050e+02
3.000000e+00	3.100000e+00	2.690000e+03	1.640122e+02	1.640122e+02
3.100000e+00	3.200000e+00	2.920000e+03	1.708801e+02	1.708801e+02
3.200000e+00	3.300000e+00	2.740000e+03	1.655295e+02	1.655295e+02
3.300000e+00	3.400000e+00	2.620000e+03	1.618641e+02	1.618641e+02
3.400000e+00	3.500000e+00	2.700000e+03	1.643168e+02	1.643168e+02
3.500000e+00	3.600000e+00	2.440000e+03	1.562050e+02	1.562050e+02
3.600000e+00	3.700000e+00	2.320000e+03	1.523155e+02	1.523155e+02
3.700000e+00	3.800000e+00	2.470000e+03	1.571623e+02	1.571623e+02
3.800000e+00	3.900000e+00	2.440000e+03	1.562050e+02	1.562050e+02
3.900000e+00	4.000000e+00	1.950000e+03	1.396424e+02	1.396424e+02
4.000000e+00	4.100000e+00	2.590000e+03	1.609348e+02	1.609348e+02
4.100000e+00	4.200000e+00	2.410000e+03	1.552417e+02	1.552417e+02
4.200000e+00	4.300000e+00	2.220000e+03	1.489966e+02	1.489966e+02
4.300000e+00	4.400000e+00	2.070000e+03	1.438749e+02	1.438749e+02
4.400000e+00	4.500000e+00	2.150000e+03	1.466288e+02	1.466288e+02
4.500000e+00	4.600000e+00	2.060000e+03	1.435270e+02	1.435270e+02
4.600000e+00	4.700000e+00	2.050000e+03	1.431782e+02	1.431782e+02
4.700000e+00	4.800000e+00	1.800000e+03	1.341641e+02	1.341641e+02
4.800000e+00	4.900000e+00	1.940000e+03	1.392839e+02	1.392839e+02
4.900000e+00	5.000000e+00	2.190000e+03	1.479865e+02	1.479865e+02
5.000000e+00	5.100000e+00	1.760000e+03	1.326650e+02	1.326650e+02
5.100000e+00	5.200000e+00	1.570000e+03	1.252996e+02	1.252996e+02
5.200000e+00	5.300000e+00	1.570000e+03	1.252996e+02	1.252996e+02
5.300000e+00	5.400000e+00	1.470000e+03	1.212436e+02	1.212436e+02
5.400000e+00	5.500000e+00	1.580000e+03	1.256981e+02	1.256981e+02
5.500000e+00	5.600000e+00	1.150000e+03	1.072381e+02	1.072381e+02
5.600000e+00	5.700000e+00	1.130000e+03	1.063015e+02	1.063015e+02
5.700000e+00	5.800000e+00	1.120000e+03	1.058301e+02	1.058301e+02
5.800000e+00	5.900000e+00	8.500000e+02	9.219544e+01	9.219544e+01
5.900000e+00	6.000000e+00	9.600000e+02	9.797959e+01	9.797959e+01
6.000000e+00	6.100000e+00	8.100000e+02	9.000000e+01	9.000000e+01
6.100000e+00	6.200000e+00	6.600000e+02	8.124038e+01	8.124038e+01
6.200000e+00	6.300000e+00	8.000000e+02	8.944272e+01	8.944272e+01
6.300000e+00	6.400000e+00	4.900000e+02	7.000000e+01	7.000000e+01
6.400000e+00	6.500000e+00	4.300000e+02	6.557439e+01	6.557439e+01
6.500000e+00	6.600000e+00	4.000000e+02	6.324555e+01	6.324555e+01
6.600000e+00	6.700000e+00	3.200000e+02	5.656854e+01	5.656854e+01
6.700000e+00	6.800000e+00	3.000000e+02	5.477226e+01	5.477226e+01
6.800000e+00	6.900000e+00	2.800000e+02	5.291503e+01	5.291503e+01
6.900000e+00	7.000000e+00	1.500000e+02	3.872983e+01	3.872983e+01
7.000000e+00	7.100000e+00	1.800000e+02	4.242641e+01	4.242641e+01
7.100000e+00	7.200000e+00	1.600000e+02	4.000000e+01	4.000000e+01
7.200000e+00	7.300000e+00	5.000000e+01	2.236068e+01	2.236068e+01
7.300000e+00	7.400000e+00	9.000000e+01	3.000000e+01	3.000000e+01
7.400000e+00	7.500000e+00	5.000000e+01	2.236068e+01	2.236068e+01
7.500000e+00	7.600000e+00	3.000000e+01	1.732051e+01	1.732051e+01
7.600000e+00	7.700000e+00	3.000000e+01	1.732051e+01	1.732051e+01
7.700000e+00	7.800000e+00	0.000000e+00	0.000000e+00	0.000000e+00
7.800000e+00	7.900000e+00	2.000000e+01	1.414214e+01	1.414214e+01
7.900000e+00	8.000000e+00	2.000000e+01	1.414214e+01	1.414214e+01
8.000000e+00	8.100000e+00	4.000000e+01	2.000000e+01	2.000000e+01
8.100000e+00	8.200000e+00	1.000000e+01	1.000000e+01	1.000000e+01
8.200000e+00	8.300000e+00	1.000000e+01	1.000000e+01	1.000000e+01
8.300000e+00	8.400000e+00	2.000000e+01	1.414214e+01	1.414214e+01
8.400000e+00	8.500000e+00	0.000000e+00	0.000000e+00	0.000000e+00
8.500000e+00	8.600000e+00	1.000000e+01	1.000000e+01	1.000000e+01
8.600000e+00	8.700000e+00	0.000000e+00	0.000000e+00	0.000000e+00
8.700000e+00	8.800000e+00	0.000000e+00	0.000000e+00	0.000000e+00
8.800000e+00	8.900000e+00	0.000000e+00	0.000000e+00	0.000000e+00
8.900000e+00	9.000000e+00	0.000000e+00	0.000000e+00	0.000000e+00
9.000000e+00	9.100000e+00	0.000000e+00	0.000000e+00	0.000000e+00
9.100000e+00	9.200000e+00	0.000000e+00	0.000000e+00	0.000000e+00
9.200000e+00	9.300000e+00	0.000000e+00	0.000000e+00	0.000000e+00
9.300000e+00	9.400000e+00	0.000000e+00	0.000000e+00	0.000000e+00
9.400000e+00	9.500000e+00	0.000000e+00	0.000000e+00	0.000000e+00
9.500000e+00	9.600000e+00	0.000000e+00	0.000000e+00	0.000000e+00
9.600000e+00	9.700000e+00	0.000000e+00	0.000000e+00	0.000000e+00
9.700000e+00	9.800000e+00	0.000000e+00	0.000000e+00	0.000000e+00
9.800000e+00	9.900000e+00	0.000000e+00	0.000000e+00	0.000000e+00
9.900000e+00	1.000000e+01	0.000000e+00	0.000000e+00	0.000000e+00
1.000000e+01	1.010000e+01	0.000000e+00	0.000000e+00	0.000000e+00
1.010000e+01	1.020000e+01	0.000000e+00	0.000000e+00	0.000000e+00
1.020000e+01	1.030000e+01	0.000000e+00	0.000000e+00	0.000000e+00
1.030000e+01	1.040000e+01	0.000000e+00	0.000000e+00	0.000000e+00
1.040000e+01	1.050000e+01	0.000000e+00	0.000000e+00	0.000000e+00
1.050000e+01	1.060000e+01	0.000000e+00	0.000000e+00	0.000000e+00
1.060000e+01	1.070000e+01	0.000000e+00	0.000000e+00	0.000000e+00
1.070000e+01	1.080000e+01	0.000000e+00	0.000000e+00	0.000000e+00
1.080000e+01	1.090000e+01	0.000000e+00	0.000000e+00	0.000000e+00
1.090000e+01	1.100000e+01	0.000000e+00	0.000000e+00	0.000000e+00
1.100000e+01	1.110000e+01	0.000000e+00	0.000000e+00	0.000000e+00
1.110000e+01	1.120000e+01	0.000000e+00	0.000000e+00	0.000000e+00
1.120000e+01	1.130000e+01	0.000000e+00	0.000000e+00	0.000000e+00
1.130000e+01	1.140000e+01	0.000000e+00	0.000000e+00	0.000000e+00
1.140000e+01	1.150000e+01	0.000000e+00	0.000000e+00	0.000000e+00
1.150000e+01	1.160000e+01	0.000000e+00	0.000000e+00	0.000000e+00
1.160000e+01	1.170000e+01	0.000000e+00	0.000000e+00	0.000000e+00
1.170000e+01	1.180000e+01	0.000000e+00	0.000000e+00	0.000000e+00
1.180000e+01	1.190000e+01	0.000000e+00	0.000000e+00	0.000000e+00
1.190000e+01	1.200000e+01	0.000000e+00	0.000000e+00	0.000000e+00
1.200000e+01	1.210000e+01	0.000000e+00	0.000000e+00	0.000000e+00
1.210000e+01	1.220000e+01	0.000000e+00	0.000000e+00	0.000000e+00
1.220000e+01	1.230000e+01	0.000000e+00	0.000000e+00	0.000000e+00
1.230000e+01	1.240000e+01	0.000000e+00	0.000000e+00	0.000000e+00
1.240000e+01	1.250000e+01	0.000000e+00	0.000000e+00	0.000000e+00
1.250000e+01	1.260000e+01	0.000000e+00	0.000000e+00	0.000000e+00
1.260000e+01	1.270000e+01	0.000000e+00	0.000000e+00	0.000000e+00
1.270000e+01	1.280000e+01	0.000000e+00	0.000000e+00	0.000000e+00
1.280000e+01	1.290000e+01	0.000000e+00	0.000000e+00	0.000000e+00
1.290000e+01	1.300000e+01	0.000000e+00	0.000000e+00	0.000000e+00
1.300000e+01	1.310000e+01	0.000000e+00	0.000000e+00	0.000000e+00
1.310000e+01	1.320000e+01	0.000000e+00	0.000000e+00	0.000000e+00
1.320000e+01	1.330000e+01	0.000000e+00	0.000000e+00	0.000000e+00
1.330000e+01	1.340000e+01	0.000000e+00	0.000000e+00	0.000000e+00
1.340000e+01	1.350000e+01	0.000000e+00	0.000000e+00	0.000000e+00
1.350000e+01	1.360000e+01	0.000000e+00	0.000000e+00	0.000000e+00
1.360000e+01	1.370000e+01	0.000000e+00	0.000000e+00	0.000000e+00
1.370000e+01	1.380000e+01	0.000000e+00	0.000000e+00	0.000000e+00
1.380000e+01	1.390000e+01	0.000000e+00	0.000000e+00	0.000000e+00
1.390000e+01	1.400000e+01	0.000000e+00	0.000000e+00	0.000000e+00
1.400000e+01	1.410000e+01	0.000000e+00	0.000000e+00	0.000000e+00
1.410000e+01	1.420000e+01	0.000000e+00	0.000000e+00	0.000000e+00
1.420000e+01	1.430000e+01	0.000000e+00	0.000000e+00	0.000000e+00
1.430000e+01	1.440000e+01	0.000000e+00	0.000000e+00	0.000000e+00
1.440000e+01	1.450000e+01	0.000000e+00	0.000000e+00	0.000000e+00
1.450000e+01	1.460000e+01	0.000000e+00	0.000000e+00	0.000000e+00
1.460000e+01	1.470000e+01	0.000000e+00	0.000000e+00	0.000000e+00
1.470000e+01	1.480000e+01	0.000000e+00	0.000000e+00	0.000000e+00
1.480000e+01	1.490000e+01	0.000000e+00	0.000000e+00	0.000000e+00
1.490000e+01	1.500000e+01	0.000000e+00	0.000000e+00	0.000000e+00
# END HISTO1D

