# BEGIN PLOT
LegendOnly=//home/frederic/Work/Software/LesHouches2017/lh2017-alphas/rivet-analysis/gluon-as013650-truth.yoda/MC_LHJSS_Zjet/log_Angularity_zcut_0.1_beta_0_alpha_0.5 //home/frederic/Work/Software/LesHouches2017/lh2017-alphas/rivet-analysis/gluon-as012285-truth.yoda/MC_LHJSS_Zjet/log_Angularity_zcut_0.1_beta_0_alpha_0.5 //home/frederic/Work/Software/LesHouches2017/lh2017-alphas/rivet-analysis/gluon-as015015-truth.yoda/MC_LHJSS_Zjet/log_Angularity_zcut_0.1_beta_0_alpha_0.5
DrawOnly=//home/frederic/Work/Software/LesHouches2017/lh2017-alphas/rivet-analysis/gluon-as013650-truth.yoda/MC_LHJSS_Zjet/log_Angularity_zcut_0.1_beta_0_alpha_0.5 //home/frederic/Work/Software/LesHouches2017/lh2017-alphas/rivet-analysis/gluon-as012285-truth.yoda/MC_LHJSS_Zjet/log_Angularity_zcut_0.1_beta_0_alpha_0.5 //home/frederic/Work/Software/LesHouches2017/lh2017-alphas/rivet-analysis/gluon-as015015-truth.yoda/MC_LHJSS_Zjet/log_Angularity_zcut_0.1_beta_0_alpha_0.5
Title=Angularity, $\alpha$ = 0.5 $z_{cut}$ = 0.1 $\beta$ = 0
RatioPlot=1
LogX=0
LogY=0
RatioPlotYLabel=Ratio
RatioPlotReference=//home/frederic/Work/Software/LesHouches2017/lh2017-alphas/rivet-analysis/gluon-as013650-truth.yoda/MC_LHJSS_Zjet/log_Angularity_zcut_0.1_beta_0_alpha_0.5
XLabel=$e_\alpha$
YLabel=$1/\sigma \text{d}\sigma/\text{d}e_\alpha$
Legend=1
# END PLOT

# BEGIN HISTO1D //home/frederic/Work/Software/LesHouches2017/lh2017-alphas/rivet-analysis/gluon-as013650-truth.yoda/MC_LHJSS_Zjet/log_Angularity_zcut_0.1_beta_0_alpha_0.5
LineColor=red
LineStyle=solid
NormalizeToSum=1
Path=//home/frederic/Work/Software/LesHouches2017/lh2017-alphas/rivet-analysis/gluon-as013650-truth.yoda/MC_LHJSS_Zjet/log_Angularity_zcut_0.1_beta_0_alpha_0.5
ScaledBy=6.97593303104290135e-05
Title=gluon-as013650-truth
XLabel=
YLabel=
# xlow	 xhigh	 val	 errminus	 errplus
0.000000e+00	1.000000e-01	0.000000e+00	0.000000e+00	0.000000e+00
1.000000e-01	2.000000e-01	0.000000e+00	0.000000e+00	0.000000e+00
2.000000e-01	3.000000e-01	6.278340e-03	2.092780e-03	2.092780e-03
3.000000e-01	4.000000e-01	1.743983e-02	3.487966e-03	3.487966e-03
4.000000e-01	5.000000e-01	4.813394e-02	5.794645e-03	5.794645e-03
5.000000e-01	6.000000e-01	1.234740e-01	9.280875e-03	9.280875e-03
6.000000e-01	7.000000e-01	2.197419e-01	1.238105e-02	1.238105e-02
7.000000e-01	8.000000e-01	3.069411e-01	1.463284e-02	1.463284e-02
8.000000e-01	9.000000e-01	3.843739e-01	1.637488e-02	1.637488e-02
9.000000e-01	1.000000e+00	4.848273e-01	1.839055e-02	1.839055e-02
1.000000e+00	1.100000e+00	5.071503e-01	1.880917e-02	1.880917e-02
1.100000e+00	1.200000e+00	6.138821e-01	2.069396e-02	2.069396e-02
1.200000e+00	1.300000e+00	6.243460e-01	2.086959e-02	2.086959e-02
1.300000e+00	1.400000e+00	6.362051e-01	2.106686e-02	2.106686e-02
1.400000e+00	1.500000e+00	6.048134e-01	2.054054e-02	2.054054e-02
1.500000e+00	1.600000e+00	6.103941e-01	2.063509e-02	2.063509e-02
1.600000e+00	1.700000e+00	5.531915e-01	1.964441e-02	1.964441e-02
1.700000e+00	1.800000e+00	5.594698e-01	1.975557e-02	1.975557e-02
1.800000e+00	1.900000e+00	4.611092e-01	1.793507e-02	1.793507e-02
1.900000e+00	2.000000e+00	4.401814e-01	1.752334e-02	1.752334e-02
2.000000e+00	2.100000e+00	4.053017e-01	1.681475e-02	1.681475e-02
2.100000e+00	2.200000e+00	3.836763e-01	1.636001e-02	1.636001e-02
2.200000e+00	2.300000e+00	3.899547e-01	1.649333e-02	1.649333e-02
2.300000e+00	2.400000e+00	3.620509e-01	1.589227e-02	1.589227e-02
2.400000e+00	2.500000e+00	3.146146e-01	1.481462e-02	1.481462e-02
2.500000e+00	2.600000e+00	2.448552e-01	1.306941e-02	1.306941e-02
2.600000e+00	2.700000e+00	1.904430e-01	1.152613e-02	1.152613e-02
2.700000e+00	2.800000e+00	1.374259e-01	9.791188e-03	9.791188e-03
2.800000e+00	2.900000e+00	9.836066e-02	8.283461e-03	8.283461e-03
2.900000e+00	3.000000e+00	6.487618e-02	6.727346e-03	6.727346e-03
3.000000e+00	3.100000e+00	5.301709e-02	6.081478e-03	6.081478e-03
3.100000e+00	3.200000e+00	3.906522e-02	5.220310e-03	5.220310e-03
3.200000e+00	3.300000e+00	2.720614e-02	4.356469e-03	4.356469e-03
3.300000e+00	3.400000e+00	2.371817e-02	4.067633e-03	4.067633e-03
3.400000e+00	3.500000e+00	1.255668e-02	2.959638e-03	2.959638e-03
3.500000e+00	3.600000e+00	6.975933e-03	2.205984e-03	2.205984e-03
3.600000e+00	3.700000e+00	9.766306e-03	2.610155e-03	2.610155e-03
3.700000e+00	3.800000e+00	6.975933e-03	2.205984e-03	2.205984e-03
3.800000e+00	3.900000e+00	6.278340e-03	2.092780e-03	2.092780e-03
3.900000e+00	4.000000e+00	6.975933e-03	2.205984e-03	2.205984e-03
4.000000e+00	4.100000e+00	3.487967e-03	1.559866e-03	1.559866e-03
4.100000e+00	4.200000e+00	2.092780e-03	1.208267e-03	1.208267e-03
4.200000e+00	4.300000e+00	2.092780e-03	1.208267e-03	1.208267e-03
4.300000e+00	4.400000e+00	0.000000e+00	0.000000e+00	0.000000e+00
4.400000e+00	4.500000e+00	0.000000e+00	0.000000e+00	0.000000e+00
4.500000e+00	4.600000e+00	1.395187e-03	9.865459e-04	9.865459e-04
4.600000e+00	4.700000e+00	1.395187e-03	9.865459e-04	9.865459e-04
4.700000e+00	4.800000e+00	0.000000e+00	0.000000e+00	0.000000e+00
4.800000e+00	4.900000e+00	6.975933e-04	6.975933e-04	6.975933e-04
4.900000e+00	5.000000e+00	0.000000e+00	0.000000e+00	0.000000e+00
5.000000e+00	5.100000e+00	0.000000e+00	0.000000e+00	0.000000e+00
5.100000e+00	5.200000e+00	0.000000e+00	0.000000e+00	0.000000e+00
5.200000e+00	5.300000e+00	0.000000e+00	0.000000e+00	0.000000e+00
5.300000e+00	5.400000e+00	0.000000e+00	0.000000e+00	0.000000e+00
5.400000e+00	5.500000e+00	0.000000e+00	0.000000e+00	0.000000e+00
5.500000e+00	5.600000e+00	0.000000e+00	0.000000e+00	0.000000e+00
5.600000e+00	5.700000e+00	0.000000e+00	0.000000e+00	0.000000e+00
5.700000e+00	5.800000e+00	0.000000e+00	0.000000e+00	0.000000e+00
5.800000e+00	5.900000e+00	0.000000e+00	0.000000e+00	0.000000e+00
5.900000e+00	6.000000e+00	0.000000e+00	0.000000e+00	0.000000e+00
6.000000e+00	6.100000e+00	0.000000e+00	0.000000e+00	0.000000e+00
6.100000e+00	6.200000e+00	0.000000e+00	0.000000e+00	0.000000e+00
6.200000e+00	6.300000e+00	0.000000e+00	0.000000e+00	0.000000e+00
6.300000e+00	6.400000e+00	0.000000e+00	0.000000e+00	0.000000e+00
6.400000e+00	6.500000e+00	0.000000e+00	0.000000e+00	0.000000e+00
6.500000e+00	6.600000e+00	0.000000e+00	0.000000e+00	0.000000e+00
6.600000e+00	6.700000e+00	0.000000e+00	0.000000e+00	0.000000e+00
6.700000e+00	6.800000e+00	0.000000e+00	0.000000e+00	0.000000e+00
6.800000e+00	6.900000e+00	0.000000e+00	0.000000e+00	0.000000e+00
6.900000e+00	7.000000e+00	0.000000e+00	0.000000e+00	0.000000e+00
7.000000e+00	7.100000e+00	0.000000e+00	0.000000e+00	0.000000e+00
7.100000e+00	7.200000e+00	0.000000e+00	0.000000e+00	0.000000e+00
7.200000e+00	7.300000e+00	0.000000e+00	0.000000e+00	0.000000e+00
7.300000e+00	7.400000e+00	0.000000e+00	0.000000e+00	0.000000e+00
7.400000e+00	7.500000e+00	0.000000e+00	0.000000e+00	0.000000e+00
7.500000e+00	7.600000e+00	0.000000e+00	0.000000e+00	0.000000e+00
7.600000e+00	7.700000e+00	0.000000e+00	0.000000e+00	0.000000e+00
7.700000e+00	7.800000e+00	0.000000e+00	0.000000e+00	0.000000e+00
7.800000e+00	7.900000e+00	0.000000e+00	0.000000e+00	0.000000e+00
7.900000e+00	8.000000e+00	0.000000e+00	0.000000e+00	0.000000e+00
8.000000e+00	8.100000e+00	0.000000e+00	0.000000e+00	0.000000e+00
8.100000e+00	8.200000e+00	0.000000e+00	0.000000e+00	0.000000e+00
8.200000e+00	8.300000e+00	0.000000e+00	0.000000e+00	0.000000e+00
8.300000e+00	8.400000e+00	0.000000e+00	0.000000e+00	0.000000e+00
8.400000e+00	8.500000e+00	0.000000e+00	0.000000e+00	0.000000e+00
8.500000e+00	8.600000e+00	0.000000e+00	0.000000e+00	0.000000e+00
8.600000e+00	8.700000e+00	0.000000e+00	0.000000e+00	0.000000e+00
8.700000e+00	8.800000e+00	0.000000e+00	0.000000e+00	0.000000e+00
8.800000e+00	8.900000e+00	0.000000e+00	0.000000e+00	0.000000e+00
8.900000e+00	9.000000e+00	0.000000e+00	0.000000e+00	0.000000e+00
9.000000e+00	9.100000e+00	0.000000e+00	0.000000e+00	0.000000e+00
9.100000e+00	9.200000e+00	0.000000e+00	0.000000e+00	0.000000e+00
9.200000e+00	9.300000e+00	0.000000e+00	0.000000e+00	0.000000e+00
9.300000e+00	9.400000e+00	0.000000e+00	0.000000e+00	0.000000e+00
9.400000e+00	9.500000e+00	0.000000e+00	0.000000e+00	0.000000e+00
9.500000e+00	9.600000e+00	0.000000e+00	0.000000e+00	0.000000e+00
9.600000e+00	9.700000e+00	0.000000e+00	0.000000e+00	0.000000e+00
9.700000e+00	9.800000e+00	0.000000e+00	0.000000e+00	0.000000e+00
9.800000e+00	9.900000e+00	0.000000e+00	0.000000e+00	0.000000e+00
9.900000e+00	1.000000e+01	0.000000e+00	0.000000e+00	0.000000e+00
1.000000e+01	1.010000e+01	0.000000e+00	0.000000e+00	0.000000e+00
1.010000e+01	1.020000e+01	0.000000e+00	0.000000e+00	0.000000e+00
1.020000e+01	1.030000e+01	0.000000e+00	0.000000e+00	0.000000e+00
1.030000e+01	1.040000e+01	0.000000e+00	0.000000e+00	0.000000e+00
1.040000e+01	1.050000e+01	0.000000e+00	0.000000e+00	0.000000e+00
1.050000e+01	1.060000e+01	0.000000e+00	0.000000e+00	0.000000e+00
1.060000e+01	1.070000e+01	0.000000e+00	0.000000e+00	0.000000e+00
1.070000e+01	1.080000e+01	0.000000e+00	0.000000e+00	0.000000e+00
1.080000e+01	1.090000e+01	0.000000e+00	0.000000e+00	0.000000e+00
1.090000e+01	1.100000e+01	0.000000e+00	0.000000e+00	0.000000e+00
1.100000e+01	1.110000e+01	0.000000e+00	0.000000e+00	0.000000e+00
1.110000e+01	1.120000e+01	0.000000e+00	0.000000e+00	0.000000e+00
1.120000e+01	1.130000e+01	0.000000e+00	0.000000e+00	0.000000e+00
1.130000e+01	1.140000e+01	0.000000e+00	0.000000e+00	0.000000e+00
1.140000e+01	1.150000e+01	0.000000e+00	0.000000e+00	0.000000e+00
1.150000e+01	1.160000e+01	0.000000e+00	0.000000e+00	0.000000e+00
1.160000e+01	1.170000e+01	0.000000e+00	0.000000e+00	0.000000e+00
1.170000e+01	1.180000e+01	0.000000e+00	0.000000e+00	0.000000e+00
1.180000e+01	1.190000e+01	0.000000e+00	0.000000e+00	0.000000e+00
1.190000e+01	1.200000e+01	0.000000e+00	0.000000e+00	0.000000e+00
1.200000e+01	1.210000e+01	0.000000e+00	0.000000e+00	0.000000e+00
1.210000e+01	1.220000e+01	0.000000e+00	0.000000e+00	0.000000e+00
1.220000e+01	1.230000e+01	0.000000e+00	0.000000e+00	0.000000e+00
1.230000e+01	1.240000e+01	0.000000e+00	0.000000e+00	0.000000e+00
1.240000e+01	1.250000e+01	0.000000e+00	0.000000e+00	0.000000e+00
1.250000e+01	1.260000e+01	0.000000e+00	0.000000e+00	0.000000e+00
1.260000e+01	1.270000e+01	0.000000e+00	0.000000e+00	0.000000e+00
1.270000e+01	1.280000e+01	0.000000e+00	0.000000e+00	0.000000e+00
1.280000e+01	1.290000e+01	0.000000e+00	0.000000e+00	0.000000e+00
1.290000e+01	1.300000e+01	0.000000e+00	0.000000e+00	0.000000e+00
1.300000e+01	1.310000e+01	0.000000e+00	0.000000e+00	0.000000e+00
1.310000e+01	1.320000e+01	0.000000e+00	0.000000e+00	0.000000e+00
1.320000e+01	1.330000e+01	0.000000e+00	0.000000e+00	0.000000e+00
1.330000e+01	1.340000e+01	0.000000e+00	0.000000e+00	0.000000e+00
1.340000e+01	1.350000e+01	0.000000e+00	0.000000e+00	0.000000e+00
1.350000e+01	1.360000e+01	0.000000e+00	0.000000e+00	0.000000e+00
1.360000e+01	1.370000e+01	0.000000e+00	0.000000e+00	0.000000e+00
1.370000e+01	1.380000e+01	0.000000e+00	0.000000e+00	0.000000e+00
1.380000e+01	1.390000e+01	0.000000e+00	0.000000e+00	0.000000e+00
1.390000e+01	1.400000e+01	0.000000e+00	0.000000e+00	0.000000e+00
1.400000e+01	1.410000e+01	0.000000e+00	0.000000e+00	0.000000e+00
1.410000e+01	1.420000e+01	0.000000e+00	0.000000e+00	0.000000e+00
1.420000e+01	1.430000e+01	0.000000e+00	0.000000e+00	0.000000e+00
1.430000e+01	1.440000e+01	0.000000e+00	0.000000e+00	0.000000e+00
1.440000e+01	1.450000e+01	0.000000e+00	0.000000e+00	0.000000e+00
1.450000e+01	1.460000e+01	0.000000e+00	0.000000e+00	0.000000e+00
1.460000e+01	1.470000e+01	0.000000e+00	0.000000e+00	0.000000e+00
1.470000e+01	1.480000e+01	0.000000e+00	0.000000e+00	0.000000e+00
1.480000e+01	1.490000e+01	0.000000e+00	0.000000e+00	0.000000e+00
1.490000e+01	1.500000e+01	0.000000e+00	0.000000e+00	0.000000e+00
# END HISTO1D

# BEGIN HISTO1D //home/frederic/Work/Software/LesHouches2017/lh2017-alphas/rivet-analysis/gluon-as012285-truth.yoda/MC_LHJSS_Zjet/log_Angularity_zcut_0.1_beta_0_alpha_0.5
LineColor=blue
LineStyle=solid
NormalizeToSum=1
Path=//home/frederic/Work/Software/LesHouches2017/lh2017-alphas/rivet-analysis/gluon-as012285-truth.yoda/MC_LHJSS_Zjet/log_Angularity_zcut_0.1_beta_0_alpha_0.5
ScaledBy=7.07513796519032182e-05
Title=gluon-as012285-truth
XLabel=
YLabel=
# xlow	 xhigh	 val	 errminus	 errplus
0.000000e+00	1.000000e-01	0.000000e+00	0.000000e+00	0.000000e+00
1.000000e-01	2.000000e-01	0.000000e+00	0.000000e+00	0.000000e+00
2.000000e-01	3.000000e-01	2.830055e-03	1.415028e-03	1.415028e-03
3.000000e-01	4.000000e-01	8.490166e-03	2.450900e-03	2.450900e-03
4.000000e-01	5.000000e-01	4.103580e-02	5.388264e-03	5.388264e-03
5.000000e-01	6.000000e-01	9.056177e-02	8.004605e-03	8.004605e-03
6.000000e-01	7.000000e-01	1.627282e-01	1.072998e-02	1.072998e-02
7.000000e-01	8.000000e-01	2.405547e-01	1.304591e-02	1.304591e-02
8.000000e-01	9.000000e-01	3.495118e-01	1.572528e-02	1.572528e-02
9.000000e-01	1.000000e+00	4.110655e-01	1.705387e-02	1.705387e-02
1.000000e+00	1.100000e+00	4.464412e-01	1.777254e-02	1.777254e-02
1.100000e+00	1.200000e+00	5.065799e-01	1.893178e-02	1.893178e-02
1.200000e+00	1.300000e+00	5.858214e-01	2.035870e-02	2.035870e-02
1.300000e+00	1.400000e+00	5.808688e-01	2.027246e-02	2.027246e-02
1.400000e+00	1.500000e+00	5.773313e-01	2.021064e-02	2.021064e-02
1.500000e+00	1.600000e+00	5.688411e-01	2.006148e-02	2.006148e-02
1.600000e+00	1.700000e+00	5.476157e-01	1.968364e-02	1.968364e-02
1.700000e+00	1.800000e+00	5.370030e-01	1.949197e-02	1.949197e-02
1.800000e+00	1.900000e+00	5.072874e-01	1.894499e-02	1.894499e-02
1.900000e+00	2.000000e+00	4.683741e-01	1.820388e-02	1.820388e-02
2.000000e+00	2.100000e+00	4.146031e-01	1.712710e-02	1.712710e-02
2.100000e+00	2.200000e+00	4.315834e-01	1.747430e-02	1.747430e-02
2.200000e+00	2.300000e+00	4.124805e-01	1.708320e-02	1.708320e-02
2.300000e+00	2.400000e+00	4.025754e-01	1.687684e-02	1.687684e-02
2.400000e+00	2.500000e+00	4.082355e-01	1.699506e-02	1.699506e-02
2.500000e+00	2.600000e+00	3.417292e-01	1.554922e-02	1.554922e-02
2.600000e+00	2.700000e+00	2.469223e-01	1.321745e-02	1.321745e-02
2.700000e+00	2.800000e+00	2.115466e-01	1.223406e-02	1.223406e-02
2.800000e+00	2.900000e+00	1.492854e-01	1.027723e-02	1.027723e-02
2.900000e+00	3.000000e+00	1.124947e-01	8.921410e-03	8.921410e-03
3.000000e+00	3.100000e+00	7.145889e-02	7.110425e-03	7.110425e-03
3.100000e+00	3.200000e+00	4.103580e-02	5.388264e-03	5.388264e-03
3.200000e+00	3.300000e+00	3.325315e-02	4.850470e-03	4.850470e-03
3.300000e+00	3.400000e+00	2.193293e-02	3.939270e-03	3.939270e-03
3.400000e+00	3.500000e+00	1.698033e-02	3.466096e-03	3.466096e-03
3.500000e+00	3.600000e+00	1.132022e-02	2.830055e-03	2.830055e-03
3.600000e+00	3.700000e+00	1.061271e-02	2.740189e-03	2.740189e-03
3.700000e+00	3.800000e+00	3.537569e-03	1.582049e-03	1.582049e-03
3.800000e+00	3.900000e+00	3.537569e-03	1.582049e-03	1.582049e-03
3.900000e+00	4.000000e+00	3.537569e-03	1.582049e-03	1.582049e-03
4.000000e+00	4.100000e+00	3.537569e-03	1.582049e-03	1.582049e-03
4.100000e+00	4.200000e+00	3.537569e-03	1.582049e-03	1.582049e-03
4.200000e+00	4.300000e+00	0.000000e+00	0.000000e+00	0.000000e+00
4.300000e+00	4.400000e+00	7.075138e-04	7.075138e-04	7.075138e-04
4.400000e+00	4.500000e+00	7.075138e-04	7.075138e-04	7.075138e-04
4.500000e+00	4.600000e+00	0.000000e+00	0.000000e+00	0.000000e+00
4.600000e+00	4.700000e+00	7.075138e-04	7.075138e-04	7.075138e-04
4.700000e+00	4.800000e+00	7.075138e-04	7.075138e-04	7.075138e-04
4.800000e+00	4.900000e+00	7.075138e-04	7.075138e-04	7.075138e-04
4.900000e+00	5.000000e+00	0.000000e+00	0.000000e+00	0.000000e+00
5.000000e+00	5.100000e+00	0.000000e+00	0.000000e+00	0.000000e+00
5.100000e+00	5.200000e+00	7.075138e-04	7.075138e-04	7.075138e-04
5.200000e+00	5.300000e+00	7.075138e-04	7.075138e-04	7.075138e-04
5.300000e+00	5.400000e+00	0.000000e+00	0.000000e+00	0.000000e+00
5.400000e+00	5.500000e+00	0.000000e+00	0.000000e+00	0.000000e+00
5.500000e+00	5.600000e+00	0.000000e+00	0.000000e+00	0.000000e+00
5.600000e+00	5.700000e+00	0.000000e+00	0.000000e+00	0.000000e+00
5.700000e+00	5.800000e+00	7.075138e-04	7.075138e-04	7.075138e-04
5.800000e+00	5.900000e+00	0.000000e+00	0.000000e+00	0.000000e+00
5.900000e+00	6.000000e+00	0.000000e+00	0.000000e+00	0.000000e+00
6.000000e+00	6.100000e+00	0.000000e+00	0.000000e+00	0.000000e+00
6.100000e+00	6.200000e+00	0.000000e+00	0.000000e+00	0.000000e+00
6.200000e+00	6.300000e+00	0.000000e+00	0.000000e+00	0.000000e+00
6.300000e+00	6.400000e+00	0.000000e+00	0.000000e+00	0.000000e+00
6.400000e+00	6.500000e+00	0.000000e+00	0.000000e+00	0.000000e+00
6.500000e+00	6.600000e+00	0.000000e+00	0.000000e+00	0.000000e+00
6.600000e+00	6.700000e+00	0.000000e+00	0.000000e+00	0.000000e+00
6.700000e+00	6.800000e+00	0.000000e+00	0.000000e+00	0.000000e+00
6.800000e+00	6.900000e+00	0.000000e+00	0.000000e+00	0.000000e+00
6.900000e+00	7.000000e+00	0.000000e+00	0.000000e+00	0.000000e+00
7.000000e+00	7.100000e+00	0.000000e+00	0.000000e+00	0.000000e+00
7.100000e+00	7.200000e+00	0.000000e+00	0.000000e+00	0.000000e+00
7.200000e+00	7.300000e+00	0.000000e+00	0.000000e+00	0.000000e+00
7.300000e+00	7.400000e+00	0.000000e+00	0.000000e+00	0.000000e+00
7.400000e+00	7.500000e+00	0.000000e+00	0.000000e+00	0.000000e+00
7.500000e+00	7.600000e+00	0.000000e+00	0.000000e+00	0.000000e+00
7.600000e+00	7.700000e+00	0.000000e+00	0.000000e+00	0.000000e+00
7.700000e+00	7.800000e+00	0.000000e+00	0.000000e+00	0.000000e+00
7.800000e+00	7.900000e+00	0.000000e+00	0.000000e+00	0.000000e+00
7.900000e+00	8.000000e+00	0.000000e+00	0.000000e+00	0.000000e+00
8.000000e+00	8.100000e+00	0.000000e+00	0.000000e+00	0.000000e+00
8.100000e+00	8.200000e+00	0.000000e+00	0.000000e+00	0.000000e+00
8.200000e+00	8.300000e+00	0.000000e+00	0.000000e+00	0.000000e+00
8.300000e+00	8.400000e+00	0.000000e+00	0.000000e+00	0.000000e+00
8.400000e+00	8.500000e+00	0.000000e+00	0.000000e+00	0.000000e+00
8.500000e+00	8.600000e+00	0.000000e+00	0.000000e+00	0.000000e+00
8.600000e+00	8.700000e+00	0.000000e+00	0.000000e+00	0.000000e+00
8.700000e+00	8.800000e+00	0.000000e+00	0.000000e+00	0.000000e+00
8.800000e+00	8.900000e+00	0.000000e+00	0.000000e+00	0.000000e+00
8.900000e+00	9.000000e+00	0.000000e+00	0.000000e+00	0.000000e+00
9.000000e+00	9.100000e+00	0.000000e+00	0.000000e+00	0.000000e+00
9.100000e+00	9.200000e+00	0.000000e+00	0.000000e+00	0.000000e+00
9.200000e+00	9.300000e+00	0.000000e+00	0.000000e+00	0.000000e+00
9.300000e+00	9.400000e+00	0.000000e+00	0.000000e+00	0.000000e+00
9.400000e+00	9.500000e+00	0.000000e+00	0.000000e+00	0.000000e+00
9.500000e+00	9.600000e+00	0.000000e+00	0.000000e+00	0.000000e+00
9.600000e+00	9.700000e+00	0.000000e+00	0.000000e+00	0.000000e+00
9.700000e+00	9.800000e+00	0.000000e+00	0.000000e+00	0.000000e+00
9.800000e+00	9.900000e+00	0.000000e+00	0.000000e+00	0.000000e+00
9.900000e+00	1.000000e+01	0.000000e+00	0.000000e+00	0.000000e+00
1.000000e+01	1.010000e+01	0.000000e+00	0.000000e+00	0.000000e+00
1.010000e+01	1.020000e+01	0.000000e+00	0.000000e+00	0.000000e+00
1.020000e+01	1.030000e+01	0.000000e+00	0.000000e+00	0.000000e+00
1.030000e+01	1.040000e+01	0.000000e+00	0.000000e+00	0.000000e+00
1.040000e+01	1.050000e+01	0.000000e+00	0.000000e+00	0.000000e+00
1.050000e+01	1.060000e+01	0.000000e+00	0.000000e+00	0.000000e+00
1.060000e+01	1.070000e+01	0.000000e+00	0.000000e+00	0.000000e+00
1.070000e+01	1.080000e+01	0.000000e+00	0.000000e+00	0.000000e+00
1.080000e+01	1.090000e+01	0.000000e+00	0.000000e+00	0.000000e+00
1.090000e+01	1.100000e+01	0.000000e+00	0.000000e+00	0.000000e+00
1.100000e+01	1.110000e+01	0.000000e+00	0.000000e+00	0.000000e+00
1.110000e+01	1.120000e+01	0.000000e+00	0.000000e+00	0.000000e+00
1.120000e+01	1.130000e+01	0.000000e+00	0.000000e+00	0.000000e+00
1.130000e+01	1.140000e+01	0.000000e+00	0.000000e+00	0.000000e+00
1.140000e+01	1.150000e+01	0.000000e+00	0.000000e+00	0.000000e+00
1.150000e+01	1.160000e+01	0.000000e+00	0.000000e+00	0.000000e+00
1.160000e+01	1.170000e+01	0.000000e+00	0.000000e+00	0.000000e+00
1.170000e+01	1.180000e+01	0.000000e+00	0.000000e+00	0.000000e+00
1.180000e+01	1.190000e+01	0.000000e+00	0.000000e+00	0.000000e+00
1.190000e+01	1.200000e+01	0.000000e+00	0.000000e+00	0.000000e+00
1.200000e+01	1.210000e+01	0.000000e+00	0.000000e+00	0.000000e+00
1.210000e+01	1.220000e+01	0.000000e+00	0.000000e+00	0.000000e+00
1.220000e+01	1.230000e+01	0.000000e+00	0.000000e+00	0.000000e+00
1.230000e+01	1.240000e+01	0.000000e+00	0.000000e+00	0.000000e+00
1.240000e+01	1.250000e+01	0.000000e+00	0.000000e+00	0.000000e+00
1.250000e+01	1.260000e+01	0.000000e+00	0.000000e+00	0.000000e+00
1.260000e+01	1.270000e+01	0.000000e+00	0.000000e+00	0.000000e+00
1.270000e+01	1.280000e+01	0.000000e+00	0.000000e+00	0.000000e+00
1.280000e+01	1.290000e+01	0.000000e+00	0.000000e+00	0.000000e+00
1.290000e+01	1.300000e+01	0.000000e+00	0.000000e+00	0.000000e+00
1.300000e+01	1.310000e+01	0.000000e+00	0.000000e+00	0.000000e+00
1.310000e+01	1.320000e+01	0.000000e+00	0.000000e+00	0.000000e+00
1.320000e+01	1.330000e+01	0.000000e+00	0.000000e+00	0.000000e+00
1.330000e+01	1.340000e+01	0.000000e+00	0.000000e+00	0.000000e+00
1.340000e+01	1.350000e+01	0.000000e+00	0.000000e+00	0.000000e+00
1.350000e+01	1.360000e+01	0.000000e+00	0.000000e+00	0.000000e+00
1.360000e+01	1.370000e+01	0.000000e+00	0.000000e+00	0.000000e+00
1.370000e+01	1.380000e+01	0.000000e+00	0.000000e+00	0.000000e+00
1.380000e+01	1.390000e+01	0.000000e+00	0.000000e+00	0.000000e+00
1.390000e+01	1.400000e+01	0.000000e+00	0.000000e+00	0.000000e+00
1.400000e+01	1.410000e+01	0.000000e+00	0.000000e+00	0.000000e+00
1.410000e+01	1.420000e+01	0.000000e+00	0.000000e+00	0.000000e+00
1.420000e+01	1.430000e+01	0.000000e+00	0.000000e+00	0.000000e+00
1.430000e+01	1.440000e+01	0.000000e+00	0.000000e+00	0.000000e+00
1.440000e+01	1.450000e+01	0.000000e+00	0.000000e+00	0.000000e+00
1.450000e+01	1.460000e+01	0.000000e+00	0.000000e+00	0.000000e+00
1.460000e+01	1.470000e+01	0.000000e+00	0.000000e+00	0.000000e+00
1.470000e+01	1.480000e+01	0.000000e+00	0.000000e+00	0.000000e+00
1.480000e+01	1.490000e+01	0.000000e+00	0.000000e+00	0.000000e+00
1.490000e+01	1.500000e+01	0.000000e+00	0.000000e+00	0.000000e+00
# END HISTO1D

# BEGIN HISTO1D //home/frederic/Work/Software/LesHouches2017/lh2017-alphas/rivet-analysis/gluon-as015015-truth.yoda/MC_LHJSS_Zjet/log_Angularity_zcut_0.1_beta_0_alpha_0.5
LineColor=green
LineStyle=solid
NormalizeToSum=1
Path=//home/frederic/Work/Software/LesHouches2017/lh2017-alphas/rivet-analysis/gluon-as015015-truth.yoda/MC_LHJSS_Zjet/log_Angularity_zcut_0.1_beta_0_alpha_0.5
Title=gluon-as015015-truth
XLabel=
YLabel=
# xlow	 xhigh	 val	 errminus	 errplus
0.000000e+00	1.000000e-01	0.000000e+00	0.000000e+00	0.000000e+00
1.000000e-01	2.000000e-01	1.000000e+01	1.000000e+01	1.000000e+01
2.000000e-01	3.000000e-01	1.000000e+01	1.000000e+01	1.000000e+01
3.000000e-01	4.000000e-01	1.900000e+02	4.358899e+01	4.358899e+01
4.000000e-01	5.000000e-01	7.500000e+02	8.660254e+01	8.660254e+01
5.000000e-01	6.000000e-01	1.350000e+03	1.161895e+02	1.161895e+02
6.000000e-01	7.000000e-01	2.670000e+03	1.634013e+02	1.634013e+02
7.000000e-01	8.000000e-01	3.280000e+03	1.811077e+02	1.811077e+02
8.000000e-01	9.000000e-01	4.590000e+03	2.142429e+02	2.142429e+02
9.000000e-01	1.000000e+00	5.420000e+03	2.328089e+02	2.328089e+02
1.000000e+00	1.100000e+00	6.740000e+03	2.596151e+02	2.596151e+02
1.100000e+00	1.200000e+00	7.030000e+03	2.651415e+02	2.651415e+02
1.200000e+00	1.300000e+00	6.900000e+03	2.626785e+02	2.626785e+02
1.300000e+00	1.400000e+00	6.960000e+03	2.638181e+02	2.638181e+02
1.400000e+00	1.500000e+00	6.850000e+03	2.617250e+02	2.617250e+02
1.500000e+00	1.600000e+00	6.250000e+03	2.500000e+02	2.500000e+02
1.600000e+00	1.700000e+00	5.560000e+03	2.357965e+02	2.357965e+02
1.700000e+00	1.800000e+00	5.160000e+03	2.271563e+02	2.271563e+02
1.800000e+00	1.900000e+00	4.750000e+03	2.179449e+02	2.179449e+02
1.900000e+00	2.000000e+00	4.870000e+03	2.206808e+02	2.206808e+02
2.000000e+00	2.100000e+00	4.210000e+03	2.051828e+02	2.051828e+02
2.100000e+00	2.200000e+00	3.690000e+03	1.920937e+02	1.920937e+02
2.200000e+00	2.300000e+00	3.690000e+03	1.920937e+02	1.920937e+02
2.300000e+00	2.400000e+00	2.800000e+03	1.673320e+02	1.673320e+02
2.400000e+00	2.500000e+00	2.340000e+03	1.529706e+02	1.529706e+02
2.500000e+00	2.600000e+00	1.720000e+03	1.311488e+02	1.311488e+02
2.600000e+00	2.700000e+00	1.190000e+03	1.090871e+02	1.090871e+02
2.700000e+00	2.800000e+00	9.500000e+02	9.746794e+01	9.746794e+01
2.800000e+00	2.900000e+00	6.200000e+02	7.874008e+01	7.874008e+01
2.900000e+00	3.000000e+00	3.700000e+02	6.082763e+01	6.082763e+01
3.000000e+00	3.100000e+00	3.200000e+02	5.656854e+01	5.656854e+01
3.100000e+00	3.200000e+00	1.700000e+02	4.123106e+01	4.123106e+01
3.200000e+00	3.300000e+00	1.600000e+02	4.000000e+01	4.000000e+01
3.300000e+00	3.400000e+00	7.000000e+01	2.645751e+01	2.645751e+01
3.400000e+00	3.500000e+00	8.000000e+01	2.828427e+01	2.828427e+01
3.500000e+00	3.600000e+00	9.000000e+01	3.000000e+01	3.000000e+01
3.600000e+00	3.700000e+00	4.000000e+01	2.000000e+01	2.000000e+01
3.700000e+00	3.800000e+00	2.000000e+01	1.414214e+01	1.414214e+01
3.800000e+00	3.900000e+00	4.000000e+01	2.000000e+01	2.000000e+01
3.900000e+00	4.000000e+00	1.000000e+01	1.000000e+01	1.000000e+01
4.000000e+00	4.100000e+00	1.000000e+01	1.000000e+01	1.000000e+01
4.100000e+00	4.200000e+00	2.000000e+01	1.414214e+01	1.414214e+01
4.200000e+00	4.300000e+00	1.000000e+01	1.000000e+01	1.000000e+01
4.300000e+00	4.400000e+00	0.000000e+00	0.000000e+00	0.000000e+00
4.400000e+00	4.500000e+00	0.000000e+00	0.000000e+00	0.000000e+00
4.500000e+00	4.600000e+00	0.000000e+00	0.000000e+00	0.000000e+00
4.600000e+00	4.700000e+00	0.000000e+00	0.000000e+00	0.000000e+00
4.700000e+00	4.800000e+00	0.000000e+00	0.000000e+00	0.000000e+00
4.800000e+00	4.900000e+00	0.000000e+00	0.000000e+00	0.000000e+00
4.900000e+00	5.000000e+00	0.000000e+00	0.000000e+00	0.000000e+00
5.000000e+00	5.100000e+00	1.000000e+01	1.000000e+01	1.000000e+01
5.100000e+00	5.200000e+00	1.000000e+01	1.000000e+01	1.000000e+01
5.200000e+00	5.300000e+00	0.000000e+00	0.000000e+00	0.000000e+00
5.300000e+00	5.400000e+00	0.000000e+00	0.000000e+00	0.000000e+00
5.400000e+00	5.500000e+00	0.000000e+00	0.000000e+00	0.000000e+00
5.500000e+00	5.600000e+00	0.000000e+00	0.000000e+00	0.000000e+00
5.600000e+00	5.700000e+00	0.000000e+00	0.000000e+00	0.000000e+00
5.700000e+00	5.800000e+00	0.000000e+00	0.000000e+00	0.000000e+00
5.800000e+00	5.900000e+00	0.000000e+00	0.000000e+00	0.000000e+00
5.900000e+00	6.000000e+00	0.000000e+00	0.000000e+00	0.000000e+00
6.000000e+00	6.100000e+00	0.000000e+00	0.000000e+00	0.000000e+00
6.100000e+00	6.200000e+00	0.000000e+00	0.000000e+00	0.000000e+00
6.200000e+00	6.300000e+00	0.000000e+00	0.000000e+00	0.000000e+00
6.300000e+00	6.400000e+00	0.000000e+00	0.000000e+00	0.000000e+00
6.400000e+00	6.500000e+00	0.000000e+00	0.000000e+00	0.000000e+00
6.500000e+00	6.600000e+00	0.000000e+00	0.000000e+00	0.000000e+00
6.600000e+00	6.700000e+00	0.000000e+00	0.000000e+00	0.000000e+00
6.700000e+00	6.800000e+00	0.000000e+00	0.000000e+00	0.000000e+00
6.800000e+00	6.900000e+00	0.000000e+00	0.000000e+00	0.000000e+00
6.900000e+00	7.000000e+00	0.000000e+00	0.000000e+00	0.000000e+00
7.000000e+00	7.100000e+00	0.000000e+00	0.000000e+00	0.000000e+00
7.100000e+00	7.200000e+00	0.000000e+00	0.000000e+00	0.000000e+00
7.200000e+00	7.300000e+00	0.000000e+00	0.000000e+00	0.000000e+00
7.300000e+00	7.400000e+00	0.000000e+00	0.000000e+00	0.000000e+00
7.400000e+00	7.500000e+00	0.000000e+00	0.000000e+00	0.000000e+00
7.500000e+00	7.600000e+00	0.000000e+00	0.000000e+00	0.000000e+00
7.600000e+00	7.700000e+00	0.000000e+00	0.000000e+00	0.000000e+00
7.700000e+00	7.800000e+00	0.000000e+00	0.000000e+00	0.000000e+00
7.800000e+00	7.900000e+00	0.000000e+00	0.000000e+00	0.000000e+00
7.900000e+00	8.000000e+00	0.000000e+00	0.000000e+00	0.000000e+00
8.000000e+00	8.100000e+00	0.000000e+00	0.000000e+00	0.000000e+00
8.100000e+00	8.200000e+00	0.000000e+00	0.000000e+00	0.000000e+00
8.200000e+00	8.300000e+00	0.000000e+00	0.000000e+00	0.000000e+00
8.300000e+00	8.400000e+00	0.000000e+00	0.000000e+00	0.000000e+00
8.400000e+00	8.500000e+00	0.000000e+00	0.000000e+00	0.000000e+00
8.500000e+00	8.600000e+00	0.000000e+00	0.000000e+00	0.000000e+00
8.600000e+00	8.700000e+00	0.000000e+00	0.000000e+00	0.000000e+00
8.700000e+00	8.800000e+00	0.000000e+00	0.000000e+00	0.000000e+00
8.800000e+00	8.900000e+00	0.000000e+00	0.000000e+00	0.000000e+00
8.900000e+00	9.000000e+00	0.000000e+00	0.000000e+00	0.000000e+00
9.000000e+00	9.100000e+00	0.000000e+00	0.000000e+00	0.000000e+00
9.100000e+00	9.200000e+00	0.000000e+00	0.000000e+00	0.000000e+00
9.200000e+00	9.300000e+00	0.000000e+00	0.000000e+00	0.000000e+00
9.300000e+00	9.400000e+00	0.000000e+00	0.000000e+00	0.000000e+00
9.400000e+00	9.500000e+00	0.000000e+00	0.000000e+00	0.000000e+00
9.500000e+00	9.600000e+00	0.000000e+00	0.000000e+00	0.000000e+00
9.600000e+00	9.700000e+00	0.000000e+00	0.000000e+00	0.000000e+00
9.700000e+00	9.800000e+00	0.000000e+00	0.000000e+00	0.000000e+00
9.800000e+00	9.900000e+00	0.000000e+00	0.000000e+00	0.000000e+00
9.900000e+00	1.000000e+01	0.000000e+00	0.000000e+00	0.000000e+00
1.000000e+01	1.010000e+01	0.000000e+00	0.000000e+00	0.000000e+00
1.010000e+01	1.020000e+01	0.000000e+00	0.000000e+00	0.000000e+00
1.020000e+01	1.030000e+01	0.000000e+00	0.000000e+00	0.000000e+00
1.030000e+01	1.040000e+01	0.000000e+00	0.000000e+00	0.000000e+00
1.040000e+01	1.050000e+01	0.000000e+00	0.000000e+00	0.000000e+00
1.050000e+01	1.060000e+01	0.000000e+00	0.000000e+00	0.000000e+00
1.060000e+01	1.070000e+01	0.000000e+00	0.000000e+00	0.000000e+00
1.070000e+01	1.080000e+01	0.000000e+00	0.000000e+00	0.000000e+00
1.080000e+01	1.090000e+01	0.000000e+00	0.000000e+00	0.000000e+00
1.090000e+01	1.100000e+01	0.000000e+00	0.000000e+00	0.000000e+00
1.100000e+01	1.110000e+01	0.000000e+00	0.000000e+00	0.000000e+00
1.110000e+01	1.120000e+01	0.000000e+00	0.000000e+00	0.000000e+00
1.120000e+01	1.130000e+01	0.000000e+00	0.000000e+00	0.000000e+00
1.130000e+01	1.140000e+01	0.000000e+00	0.000000e+00	0.000000e+00
1.140000e+01	1.150000e+01	0.000000e+00	0.000000e+00	0.000000e+00
1.150000e+01	1.160000e+01	0.000000e+00	0.000000e+00	0.000000e+00
1.160000e+01	1.170000e+01	0.000000e+00	0.000000e+00	0.000000e+00
1.170000e+01	1.180000e+01	0.000000e+00	0.000000e+00	0.000000e+00
1.180000e+01	1.190000e+01	0.000000e+00	0.000000e+00	0.000000e+00
1.190000e+01	1.200000e+01	0.000000e+00	0.000000e+00	0.000000e+00
1.200000e+01	1.210000e+01	0.000000e+00	0.000000e+00	0.000000e+00
1.210000e+01	1.220000e+01	0.000000e+00	0.000000e+00	0.000000e+00
1.220000e+01	1.230000e+01	0.000000e+00	0.000000e+00	0.000000e+00
1.230000e+01	1.240000e+01	0.000000e+00	0.000000e+00	0.000000e+00
1.240000e+01	1.250000e+01	0.000000e+00	0.000000e+00	0.000000e+00
1.250000e+01	1.260000e+01	0.000000e+00	0.000000e+00	0.000000e+00
1.260000e+01	1.270000e+01	0.000000e+00	0.000000e+00	0.000000e+00
1.270000e+01	1.280000e+01	0.000000e+00	0.000000e+00	0.000000e+00
1.280000e+01	1.290000e+01	0.000000e+00	0.000000e+00	0.000000e+00
1.290000e+01	1.300000e+01	0.000000e+00	0.000000e+00	0.000000e+00
1.300000e+01	1.310000e+01	0.000000e+00	0.000000e+00	0.000000e+00
1.310000e+01	1.320000e+01	0.000000e+00	0.000000e+00	0.000000e+00
1.320000e+01	1.330000e+01	0.000000e+00	0.000000e+00	0.000000e+00
1.330000e+01	1.340000e+01	0.000000e+00	0.000000e+00	0.000000e+00
1.340000e+01	1.350000e+01	0.000000e+00	0.000000e+00	0.000000e+00
1.350000e+01	1.360000e+01	0.000000e+00	0.000000e+00	0.000000e+00
1.360000e+01	1.370000e+01	0.000000e+00	0.000000e+00	0.000000e+00
1.370000e+01	1.380000e+01	0.000000e+00	0.000000e+00	0.000000e+00
1.380000e+01	1.390000e+01	0.000000e+00	0.000000e+00	0.000000e+00
1.390000e+01	1.400000e+01	0.000000e+00	0.000000e+00	0.000000e+00
1.400000e+01	1.410000e+01	0.000000e+00	0.000000e+00	0.000000e+00
1.410000e+01	1.420000e+01	0.000000e+00	0.000000e+00	0.000000e+00
1.420000e+01	1.430000e+01	0.000000e+00	0.000000e+00	0.000000e+00
1.430000e+01	1.440000e+01	0.000000e+00	0.000000e+00	0.000000e+00
1.440000e+01	1.450000e+01	0.000000e+00	0.000000e+00	0.000000e+00
1.450000e+01	1.460000e+01	0.000000e+00	0.000000e+00	0.000000e+00
1.460000e+01	1.470000e+01	0.000000e+00	0.000000e+00	0.000000e+00
1.470000e+01	1.480000e+01	0.000000e+00	0.000000e+00	0.000000e+00
1.480000e+01	1.490000e+01	0.000000e+00	0.000000e+00	0.000000e+00
1.490000e+01	1.500000e+01	0.000000e+00	0.000000e+00	0.000000e+00
# END HISTO1D

