# BEGIN PLOT
LegendOnly=//home/frederic/Work/Software/LesHouches2017/lh2017-alphas/rivet-analysis/quark-as013650-parton.yoda/MC_LHJSS_Zjet/log_Angularity_zcut_0.2_beta_1_alpha_2 //home/frederic/Work/Software/LesHouches2017/lh2017-alphas/rivet-analysis/quark-as012285-parton.yoda/MC_LHJSS_Zjet/log_Angularity_zcut_0.2_beta_1_alpha_2 //home/frederic/Work/Software/LesHouches2017/lh2017-alphas/rivet-analysis/quark-as015015-parton.yoda/MC_LHJSS_Zjet/log_Angularity_zcut_0.2_beta_1_alpha_2
DrawOnly=//home/frederic/Work/Software/LesHouches2017/lh2017-alphas/rivet-analysis/quark-as013650-parton.yoda/MC_LHJSS_Zjet/log_Angularity_zcut_0.2_beta_1_alpha_2 //home/frederic/Work/Software/LesHouches2017/lh2017-alphas/rivet-analysis/quark-as012285-parton.yoda/MC_LHJSS_Zjet/log_Angularity_zcut_0.2_beta_1_alpha_2 //home/frederic/Work/Software/LesHouches2017/lh2017-alphas/rivet-analysis/quark-as015015-parton.yoda/MC_LHJSS_Zjet/log_Angularity_zcut_0.2_beta_1_alpha_2
Title=Angularity, $\alpha$ = 2 $z_{cut}$ = 0.2 $\beta$ = 1
RatioPlot=1
LogX=0
LogY=0
RatioPlotYLabel=Ratio
RatioPlotReference=//home/frederic/Work/Software/LesHouches2017/lh2017-alphas/rivet-analysis/quark-as013650-parton.yoda/MC_LHJSS_Zjet/log_Angularity_zcut_0.2_beta_1_alpha_2
XLabel=$e_\alpha$
YLabel=$1/\sigma \text{d}\sigma/\text{d}e_\alpha$
Legend=1
# END PLOT

# BEGIN HISTO1D //home/frederic/Work/Software/LesHouches2017/lh2017-alphas/rivet-analysis/quark-as013650-parton.yoda/MC_LHJSS_Zjet/log_Angularity_zcut_0.2_beta_1_alpha_2
LineColor=red
LineStyle=solid
NormalizeToSum=1
Path=//home/frederic/Work/Software/LesHouches2017/lh2017-alphas/rivet-analysis/quark-as013650-parton.yoda/MC_LHJSS_Zjet/log_Angularity_zcut_0.2_beta_1_alpha_2
ScaledBy=4.84810875277554230e-06
Title=quark-as013650-parton
XLabel=
YLabel=
# xlow	 xhigh	 val	 errminus	 errplus
0.000000e+00	1.000000e-01	0.000000e+00	0.000000e+00	0.000000e+00
1.000000e-01	2.000000e-01	0.000000e+00	0.000000e+00	0.000000e+00
2.000000e-01	3.000000e-01	3.393676e-04	1.282689e-04	1.282689e-04
3.000000e-01	4.000000e-01	8.241785e-04	1.998926e-04	1.998926e-04
4.000000e-01	5.000000e-01	1.260508e-03	2.472060e-04	2.472060e-04
5.000000e-01	6.000000e-01	2.133168e-03	3.215872e-04	3.215872e-04
6.000000e-01	7.000000e-01	4.266336e-03	4.547929e-04	4.547929e-04
7.000000e-01	8.000000e-01	1.008407e-02	6.992042e-04	6.992042e-04
8.000000e-01	9.000000e-01	1.910155e-02	9.623221e-04	9.623221e-04
9.000000e-01	1.000000e+00	2.346485e-02	1.066584e-03	1.066584e-03
1.000000e+00	1.100000e+00	3.034916e-02	1.212996e-03	1.212996e-03
1.100000e+00	1.200000e+00	3.694259e-02	1.338289e-03	1.338289e-03
1.200000e+00	1.300000e+00	4.392387e-02	1.459273e-03	1.459273e-03
1.300000e+00	1.400000e+00	4.925678e-02	1.545323e-03	1.545323e-03
1.400000e+00	1.500000e+00	5.357160e-02	1.611586e-03	1.611586e-03
1.500000e+00	1.600000e+00	5.633502e-02	1.652629e-03	1.652629e-03
1.600000e+00	1.700000e+00	6.234668e-02	1.738573e-03	1.738573e-03
1.700000e+00	1.800000e+00	6.559491e-02	1.783287e-03	1.783287e-03
1.800000e+00	1.900000e+00	6.278301e-02	1.744646e-03	1.744646e-03
1.900000e+00	2.000000e+00	6.641909e-02	1.794455e-03	1.794455e-03
2.000000e+00	2.100000e+00	7.024910e-02	1.845468e-03	1.845468e-03
2.100000e+00	2.200000e+00	6.884314e-02	1.826907e-03	1.826907e-03
2.200000e+00	2.300000e+00	7.053998e-02	1.849285e-03	1.849285e-03
2.300000e+00	2.400000e+00	7.291556e-02	1.880166e-03	1.880166e-03
2.400000e+00	2.500000e+00	7.257619e-02	1.875786e-03	1.875786e-03
2.500000e+00	2.600000e+00	7.228530e-02	1.872023e-03	1.872023e-03
2.600000e+00	2.700000e+00	7.582442e-02	1.917303e-03	1.917303e-03
2.700000e+00	2.800000e+00	7.664860e-02	1.927695e-03	1.927695e-03
2.800000e+00	2.900000e+00	7.417606e-02	1.896348e-03	1.896348e-03
2.900000e+00	3.000000e+00	7.887873e-02	1.955538e-03	1.955538e-03
3.000000e+00	3.100000e+00	8.028468e-02	1.972888e-03	1.972888e-03
3.100000e+00	3.200000e+00	7.776366e-02	1.941666e-03	1.941666e-03
3.200000e+00	3.300000e+00	8.532671e-02	2.033896e-03	2.033896e-03
3.300000e+00	3.400000e+00	8.605393e-02	2.042544e-03	2.042544e-03
3.400000e+00	3.500000e+00	8.663570e-02	2.049437e-03	2.049437e-03
3.500000e+00	3.600000e+00	8.537520e-02	2.034473e-03	2.034473e-03
3.600000e+00	3.700000e+00	8.862343e-02	2.072815e-03	2.072815e-03
3.700000e+00	3.800000e+00	8.905976e-02	2.077911e-03	2.077911e-03
3.800000e+00	3.900000e+00	9.177470e-02	2.109345e-03	2.109345e-03
3.900000e+00	4.000000e+00	9.284128e-02	2.121567e-03	2.121567e-03
4.000000e+00	4.100000e+00	9.783483e-02	2.177875e-03	2.177875e-03
4.100000e+00	4.200000e+00	9.444116e-02	2.139769e-03	2.139769e-03
4.200000e+00	4.300000e+00	9.633192e-02	2.161082e-03	2.161082e-03
4.300000e+00	4.400000e+00	9.909534e-02	2.191860e-03	2.191860e-03
4.400000e+00	4.500000e+00	1.036526e-01	2.241693e-03	2.241693e-03
4.500000e+00	4.600000e+00	9.967712e-02	2.198285e-03	2.198285e-03
4.600000e+00	4.700000e+00	1.048646e-01	2.254761e-03	2.254761e-03
4.700000e+00	4.800000e+00	1.050100e-01	2.256325e-03	2.256325e-03
4.800000e+00	4.900000e+00	1.101975e-01	2.311384e-03	2.311384e-03
4.900000e+00	5.000000e+00	1.122337e-01	2.332641e-03	2.332641e-03
5.000000e+00	5.100000e+00	1.101975e-01	2.311384e-03	2.311384e-03
5.100000e+00	5.200000e+00	1.121852e-01	2.332137e-03	2.332137e-03
5.200000e+00	5.300000e+00	1.165001e-01	2.376562e-03	2.376562e-03
5.300000e+00	5.400000e+00	1.141245e-01	2.352207e-03	2.352207e-03
5.400000e+00	5.500000e+00	1.161122e-01	2.372603e-03	2.372603e-03
5.500000e+00	5.600000e+00	1.236753e-01	2.448655e-03	2.448655e-03
5.600000e+00	5.700000e+00	1.249358e-01	2.461102e-03	2.461102e-03
5.700000e+00	5.800000e+00	1.211058e-01	2.423085e-03	2.423085e-03
5.800000e+00	5.900000e+00	1.210573e-01	2.422599e-03	2.422599e-03
5.900000e+00	6.000000e+00	1.241601e-01	2.453450e-03	2.453450e-03
6.000000e+00	6.100000e+00	1.257115e-01	2.468730e-03	2.468730e-03
6.100000e+00	6.200000e+00	1.339048e-01	2.547911e-03	2.547911e-03
6.200000e+00	6.300000e+00	1.232389e-01	2.444332e-03	2.444332e-03
6.300000e+00	6.400000e+00	1.319655e-01	2.529394e-03	2.529394e-03
6.400000e+00	6.500000e+00	1.278446e-01	2.489588e-03	2.489588e-03
6.500000e+00	6.600000e+00	1.344381e-01	2.552979e-03	2.552979e-03
6.600000e+00	6.700000e+00	1.311413e-01	2.521483e-03	2.521483e-03
6.700000e+00	6.800000e+00	1.336624e-01	2.545603e-03	2.545603e-03
6.800000e+00	6.900000e+00	1.333715e-01	2.542832e-03	2.542832e-03
6.900000e+00	7.000000e+00	1.336139e-01	2.545142e-03	2.545142e-03
7.000000e+00	7.100000e+00	1.415163e-01	2.619325e-03	2.619325e-03
7.100000e+00	7.200000e+00	1.319170e-01	2.528929e-03	2.528929e-03
7.200000e+00	7.300000e+00	1.361349e-01	2.569040e-03	2.569040e-03
7.300000e+00	7.400000e+00	1.408376e-01	2.613036e-03	2.613036e-03
7.400000e+00	7.500000e+00	1.385589e-01	2.591812e-03	2.591812e-03
7.500000e+00	7.600000e+00	1.444252e-01	2.646108e-03	2.646108e-03
7.600000e+00	7.700000e+00	1.377348e-01	2.584092e-03	2.584092e-03
7.700000e+00	7.800000e+00	1.385589e-01	2.591812e-03	2.591812e-03
7.800000e+00	7.900000e+00	1.369591e-01	2.576805e-03	2.576805e-03
7.900000e+00	8.000000e+00	1.347774e-01	2.556200e-03	2.556200e-03
8.000000e+00	8.100000e+00	1.391892e-01	2.597700e-03	2.597700e-03
8.100000e+00	8.200000e+00	1.395771e-01	2.601316e-03	2.601316e-03
8.200000e+00	8.300000e+00	1.353592e-01	2.561711e-03	2.561711e-03
8.300000e+00	8.400000e+00	1.342441e-01	2.551137e-03	2.551137e-03
8.400000e+00	8.500000e+00	1.324503e-01	2.534036e-03	2.534036e-03
8.500000e+00	8.600000e+00	1.261478e-01	2.473011e-03	2.473011e-03
8.600000e+00	8.700000e+00	1.221723e-01	2.433731e-03	2.433731e-03
8.700000e+00	8.800000e+00	1.166455e-01	2.378046e-03	2.378046e-03
8.800000e+00	8.900000e+00	1.151426e-01	2.362676e-03	2.362676e-03
8.900000e+00	9.000000e+00	1.098097e-01	2.307313e-03	2.307313e-03
9.000000e+00	9.100000e+00	1.058342e-01	2.265162e-03	2.265162e-03
9.100000e+00	9.200000e+00	1.017133e-01	2.220624e-03	2.220624e-03
9.200000e+00	9.300000e+00	9.240495e-02	2.116576e-03	2.116576e-03
9.300000e+00	9.400000e+00	9.002938e-02	2.089192e-03	2.089192e-03
9.400000e+00	9.500000e+00	8.469646e-02	2.026370e-03	2.026370e-03
9.500000e+00	9.600000e+00	7.747278e-02	1.938031e-03	1.938031e-03
9.600000e+00	9.700000e+00	7.984835e-02	1.967520e-03	1.967520e-03
9.700000e+00	9.800000e+00	7.388518e-02	1.892626e-03	1.892626e-03
9.800000e+00	9.900000e+00	6.588580e-02	1.787237e-03	1.787237e-03
9.900000e+00	1.000000e+01	6.152250e-02	1.727043e-03	1.727043e-03
1.000000e+01	1.010000e+01	5.900148e-02	1.691288e-03	1.691288e-03
1.010000e+01	1.020000e+01	5.551085e-02	1.640496e-03	1.640496e-03
1.020000e+01	1.030000e+01	4.911134e-02	1.543040e-03	1.543040e-03
1.030000e+01	1.040000e+01	4.828716e-02	1.530037e-03	1.530037e-03
1.040000e+01	1.050000e+01	4.028778e-02	1.397568e-03	1.397568e-03
1.050000e+01	1.060000e+01	3.917272e-02	1.378091e-03	1.378091e-03
1.060000e+01	1.070000e+01	3.728196e-02	1.344422e-03	1.344422e-03
1.070000e+01	1.080000e+01	3.165815e-02	1.238879e-03	1.238879e-03
1.080000e+01	1.090000e+01	3.170663e-02	1.239827e-03	1.239827e-03
1.090000e+01	1.100000e+01	2.923410e-02	1.190505e-03	1.190505e-03
1.100000e+01	1.110000e+01	2.467687e-02	1.093783e-03	1.093783e-03
1.110000e+01	1.120000e+01	2.312548e-02	1.058843e-03	1.058843e-03
1.120000e+01	1.130000e+01	2.336788e-02	1.064378e-03	1.064378e-03
1.130000e+01	1.140000e+01	1.948940e-02	9.720428e-04	9.720428e-04
1.140000e+01	1.150000e+01	1.483521e-02	8.480726e-04	8.480726e-04
1.150000e+01	1.160000e+01	1.381711e-02	8.184549e-04	8.184549e-04
1.160000e+01	1.170000e+01	1.197483e-02	7.619401e-04	7.619401e-04
1.170000e+01	1.180000e+01	8.726596e-03	6.504421e-04	6.504421e-04
1.180000e+01	1.190000e+01	8.678115e-03	6.486327e-04	6.486327e-04
1.190000e+01	1.200000e+01	6.011655e-03	5.398626e-04	5.398626e-04
1.200000e+01	1.210000e+01	6.399504e-03	5.570053e-04	5.570053e-04
1.210000e+01	1.220000e+01	4.799628e-03	4.823808e-04	4.823808e-04
1.220000e+01	1.230000e+01	3.248233e-03	3.968349e-04	3.968349e-04
1.230000e+01	1.240000e+01	2.957346e-03	3.786494e-04	3.786494e-04
1.240000e+01	1.250000e+01	2.714941e-03	3.627993e-04	3.627993e-04
1.250000e+01	1.260000e+01	2.133168e-03	3.215872e-04	3.215872e-04
1.260000e+01	1.270000e+01	2.278611e-03	3.323695e-04	3.323695e-04
1.270000e+01	1.280000e+01	1.890762e-03	3.027643e-04	3.027643e-04
1.280000e+01	1.290000e+01	1.599876e-03	2.785026e-04	2.785026e-04
1.290000e+01	1.300000e+01	1.212027e-03	2.424054e-04	2.424054e-04
1.300000e+01	1.310000e+01	1.357470e-03	2.565378e-04	2.565378e-04
1.310000e+01	1.320000e+01	1.066584e-03	2.273965e-04	2.273965e-04
1.320000e+01	1.330000e+01	1.018103e-03	2.221682e-04	2.221682e-04
1.330000e+01	1.340000e+01	6.787352e-04	1.813996e-04	1.813996e-04
1.340000e+01	1.350000e+01	7.756974e-04	1.939243e-04	1.939243e-04
1.350000e+01	1.360000e+01	7.756974e-04	1.939243e-04	1.939243e-04
1.360000e+01	1.370000e+01	7.272163e-04	1.877665e-04	1.877665e-04
1.370000e+01	1.380000e+01	2.424054e-04	1.084070e-04	1.084070e-04
1.380000e+01	1.390000e+01	4.363298e-04	1.454433e-04	1.454433e-04
1.390000e+01	1.400000e+01	6.302541e-04	1.748011e-04	1.748011e-04
1.400000e+01	1.410000e+01	2.908865e-04	1.187539e-04	1.187539e-04
1.410000e+01	1.420000e+01	4.363298e-04	1.454433e-04	1.454433e-04
1.420000e+01	1.430000e+01	3.878487e-04	1.371252e-04	1.371252e-04
1.430000e+01	1.440000e+01	1.939244e-04	9.696217e-05	9.696217e-05
1.440000e+01	1.450000e+01	1.939244e-04	9.696217e-05	9.696217e-05
1.450000e+01	1.460000e+01	1.454433e-04	8.397171e-05	8.397171e-05
1.460000e+01	1.470000e+01	3.393676e-04	1.282689e-04	1.282689e-04
1.470000e+01	1.480000e+01	9.696218e-05	6.856261e-05	6.856261e-05
1.480000e+01	1.490000e+01	2.424054e-04	1.084070e-04	1.084070e-04
1.490000e+01	1.500000e+01	4.848109e-05	4.848109e-05	4.848109e-05
# END HISTO1D

# BEGIN HISTO1D //home/frederic/Work/Software/LesHouches2017/lh2017-alphas/rivet-analysis/quark-as012285-parton.yoda/MC_LHJSS_Zjet/log_Angularity_zcut_0.2_beta_1_alpha_2
LineColor=blue
LineStyle=solid
NormalizeToSum=1
Path=//home/frederic/Work/Software/LesHouches2017/lh2017-alphas/rivet-analysis/quark-as012285-parton.yoda/MC_LHJSS_Zjet/log_Angularity_zcut_0.2_beta_1_alpha_2
ScaledBy=1.14905547639840050e-05
Title=quark-as012285-parton
XLabel=
YLabel=
# xlow	 xhigh	 val	 errminus	 errplus
0.000000e+00	1.000000e-01	0.000000e+00	0.000000e+00	0.000000e+00
1.000000e-01	2.000000e-01	1.149055e-04	1.149055e-04	1.149055e-04
2.000000e-01	3.000000e-01	2.298111e-04	1.625010e-04	1.625010e-04
3.000000e-01	4.000000e-01	0.000000e+00	0.000000e+00	0.000000e+00
4.000000e-01	5.000000e-01	1.034150e-03	3.447167e-04	3.447167e-04
5.000000e-01	6.000000e-01	2.413017e-03	5.265634e-04	5.265634e-04
6.000000e-01	7.000000e-01	2.872639e-03	5.745277e-04	5.745277e-04
7.000000e-01	8.000000e-01	8.503011e-03	9.884549e-04	9.884549e-04
8.000000e-01	9.000000e-01	1.516753e-02	1.320164e-03	1.320164e-03
9.000000e-01	1.000000e+00	1.999357e-02	1.515708e-03	1.515708e-03
1.000000e+00	1.100000e+00	2.665809e-02	1.750189e-03	1.750189e-03
1.100000e+00	1.200000e+00	3.389714e-02	1.973568e-03	1.973568e-03
1.200000e+00	1.300000e+00	4.136600e-02	2.180180e-03	2.180180e-03
1.300000e+00	1.400000e+00	4.458335e-02	2.263377e-03	2.263377e-03
1.400000e+00	1.500000e+00	4.722618e-02	2.329496e-03	2.329496e-03
1.500000e+00	1.600000e+00	5.331617e-02	2.475141e-03	2.475141e-03
1.600000e+00	1.700000e+00	5.469504e-02	2.506943e-03	2.506943e-03
1.700000e+00	1.800000e+00	6.044032e-02	2.635323e-03	2.635323e-03
1.800000e+00	1.900000e+00	6.032541e-02	2.632817e-03	2.632817e-03
1.900000e+00	2.000000e+00	6.687503e-02	2.772059e-03	2.772059e-03
2.000000e+00	2.100000e+00	5.975088e-02	2.620250e-03	2.620250e-03
2.100000e+00	2.200000e+00	6.331296e-02	2.697223e-03	2.697223e-03
2.200000e+00	2.300000e+00	5.883164e-02	2.600016e-03	2.600016e-03
2.300000e+00	2.400000e+00	5.860183e-02	2.594933e-03	2.594933e-03
2.400000e+00	2.500000e+00	6.630050e-02	2.760126e-03	2.760126e-03
2.500000e+00	2.600000e+00	6.767937e-02	2.788680e-03	2.788680e-03
2.600000e+00	2.700000e+00	6.446201e-02	2.721588e-03	2.721588e-03
2.700000e+00	2.800000e+00	6.273843e-02	2.684957e-03	2.684957e-03
2.800000e+00	2.900000e+00	7.170106e-02	2.870340e-03	2.870340e-03
2.900000e+00	3.000000e+00	7.181597e-02	2.872639e-03	2.872639e-03
3.000000e+00	3.100000e+00	6.986257e-02	2.833301e-03	2.833301e-03
3.100000e+00	3.200000e+00	6.963276e-02	2.828638e-03	2.828638e-03
3.200000e+00	3.300000e+00	7.882521e-02	3.009560e-03	3.009560e-03
3.300000e+00	3.400000e+00	7.307993e-02	2.897808e-03	2.897808e-03
3.400000e+00	3.500000e+00	7.652709e-02	2.965365e-03	2.965365e-03
3.500000e+00	3.600000e+00	8.020407e-02	3.035769e-03	3.035769e-03
3.600000e+00	3.700000e+00	8.181275e-02	3.066062e-03	3.066062e-03
3.700000e+00	3.800000e+00	7.985936e-02	3.029238e-03	3.029238e-03
3.800000e+00	3.900000e+00	8.514501e-02	3.127880e-03	3.127880e-03
3.900000e+00	4.000000e+00	8.744312e-02	3.169811e-03	3.169811e-03
4.000000e+00	4.100000e+00	8.928161e-02	3.202960e-03	3.202960e-03
4.100000e+00	4.200000e+00	8.675369e-02	3.157290e-03	3.157290e-03
4.200000e+00	4.300000e+00	9.134991e-02	3.239847e-03	3.239847e-03
4.300000e+00	4.400000e+00	8.652388e-02	3.153105e-03	3.153105e-03
4.400000e+00	4.500000e+00	8.962633e-02	3.209137e-03	3.209137e-03
4.500000e+00	4.600000e+00	8.767293e-02	3.173974e-03	3.173974e-03
4.600000e+00	4.700000e+00	9.801443e-02	3.355950e-03	3.355950e-03
4.700000e+00	4.800000e+00	9.560142e-02	3.314382e-03	3.314382e-03
4.800000e+00	4.900000e+00	9.617594e-02	3.324327e-03	3.324327e-03
4.900000e+00	5.000000e+00	1.005424e-01	3.398951e-03	3.398951e-03
5.000000e+00	5.100000e+00	1.059429e-01	3.489044e-03	3.489044e-03
5.100000e+00	5.200000e+00	9.950820e-02	3.381426e-03	3.381426e-03
5.200000e+00	5.300000e+00	9.858896e-02	3.365772e-03	3.365772e-03
5.300000e+00	5.400000e+00	1.081261e-01	3.524811e-03	3.524811e-03
5.400000e+00	5.500000e+00	1.033001e-01	3.445250e-03	3.445250e-03
5.500000e+00	5.600000e+00	1.073218e-01	3.511676e-03	3.511676e-03
5.600000e+00	5.700000e+00	1.120329e-01	3.587924e-03	3.587924e-03
5.700000e+00	5.800000e+00	1.067473e-01	3.502264e-03	3.502264e-03
5.800000e+00	5.900000e+00	1.058280e-01	3.487152e-03	3.487152e-03
5.900000e+00	6.000000e+00	1.162844e-01	3.655369e-03	3.655369e-03
6.000000e+00	6.100000e+00	1.138714e-01	3.617245e-03	3.617245e-03
6.100000e+00	6.200000e+00	1.134118e-01	3.609936e-03	3.609936e-03
6.200000e+00	6.300000e+00	1.120329e-01	3.587924e-03	3.587924e-03
6.300000e+00	6.400000e+00	1.175484e-01	3.675182e-03	3.675182e-03
6.400000e+00	6.500000e+00	1.131820e-01	3.606278e-03	3.606278e-03
6.500000e+00	6.600000e+00	1.131820e-01	3.606278e-03	3.606278e-03
6.600000e+00	6.700000e+00	1.209955e-01	3.728681e-03	3.728681e-03
6.700000e+00	6.800000e+00	1.103093e-01	3.560218e-03	3.560218e-03
6.800000e+00	6.900000e+00	1.214552e-01	3.735756e-03	3.735756e-03
6.900000e+00	7.000000e+00	1.262812e-01	3.809253e-03	3.809253e-03
7.000000e+00	7.100000e+00	1.237533e-01	3.770934e-03	3.770934e-03
7.100000e+00	7.200000e+00	1.273153e-01	3.824819e-03	3.824819e-03
7.200000e+00	7.300000e+00	1.201912e-01	3.716267e-03	3.716267e-03
7.300000e+00	7.400000e+00	1.284644e-01	3.842040e-03	3.842040e-03
7.400000e+00	7.500000e+00	1.261663e-01	3.807520e-03	3.807520e-03
7.500000e+00	7.600000e+00	1.300731e-01	3.866021e-03	3.866021e-03
7.600000e+00	7.700000e+00	1.307625e-01	3.876253e-03	3.876253e-03
7.700000e+00	7.800000e+00	1.282346e-01	3.838603e-03	3.838603e-03
7.800000e+00	7.900000e+00	1.373121e-01	3.972144e-03	3.972144e-03
7.900000e+00	8.000000e+00	1.273153e-01	3.824819e-03	3.824819e-03
8.000000e+00	8.100000e+00	1.276601e-01	3.829993e-03	3.829993e-03
8.100000e+00	8.200000e+00	1.234086e-01	3.765678e-03	3.765678e-03
8.200000e+00	8.300000e+00	1.238682e-01	3.772683e-03	3.772683e-03
8.300000e+00	8.400000e+00	1.255918e-01	3.798841e-03	3.798841e-03
8.400000e+00	8.500000e+00	1.268557e-01	3.817909e-03	3.817909e-03
8.500000e+00	8.600000e+00	1.265110e-01	3.812718e-03	3.812718e-03
8.600000e+00	8.700000e+00	1.258216e-01	3.802315e-03	3.802315e-03
8.700000e+00	8.800000e+00	1.142161e-01	3.622716e-03	3.622716e-03
8.800000e+00	8.900000e+00	1.189272e-01	3.696674e-03	3.696674e-03
8.900000e+00	9.000000e+00	1.097348e-01	3.550935e-03	3.550935e-03
9.000000e+00	9.100000e+00	1.049088e-01	3.471974e-03	3.471974e-03
9.100000e+00	9.200000e+00	1.081261e-01	3.524811e-03	3.524811e-03
9.200000e+00	9.300000e+00	1.062876e-01	3.494716e-03	3.494716e-03
9.300000e+00	9.400000e+00	9.571632e-02	3.316375e-03	3.316375e-03
9.400000e+00	9.500000e+00	9.973802e-02	3.385329e-03	3.385329e-03
9.500000e+00	9.600000e+00	9.249897e-02	3.260160e-03	3.260160e-03
9.600000e+00	9.700000e+00	8.571954e-02	3.138415e-03	3.138415e-03
9.700000e+00	9.800000e+00	7.675691e-02	2.969814e-03	2.969814e-03
9.800000e+00	9.900000e+00	7.825068e-02	2.998572e-03	2.998572e-03
9.900000e+00	1.000000e+01	7.422898e-02	2.920500e-03	2.920500e-03
1.000000e+01	1.010000e+01	6.905823e-02	2.816944e-03	2.816944e-03
1.010000e+01	1.020000e+01	6.951786e-02	2.826303e-03	2.826303e-03
1.020000e+01	1.030000e+01	5.745277e-02	2.569366e-03	2.569366e-03
1.030000e+01	1.040000e+01	6.204900e-02	2.670164e-03	2.670164e-03
1.040000e+01	1.050000e+01	6.021051e-02	2.630308e-03	2.630308e-03
1.050000e+01	1.060000e+01	5.009882e-02	2.399298e-03	2.399298e-03
1.060000e+01	1.070000e+01	4.665165e-02	2.315283e-03	2.315283e-03
1.070000e+01	1.080000e+01	4.354920e-02	2.236972e-03	2.236972e-03
1.080000e+01	1.090000e+01	4.205543e-02	2.198273e-03	2.198273e-03
1.090000e+01	1.100000e+01	3.780393e-02	2.084198e-03	2.084198e-03
1.100000e+01	1.110000e+01	4.021694e-02	2.149686e-03	2.149686e-03
1.110000e+01	1.120000e+01	3.332261e-02	1.956771e-03	1.956771e-03
1.120000e+01	1.130000e+01	3.033506e-02	1.866994e-03	1.866994e-03
1.130000e+01	1.140000e+01	2.930091e-02	1.834895e-03	1.834895e-03
1.140000e+01	1.150000e+01	2.527922e-02	1.704325e-03	1.704325e-03
1.150000e+01	1.160000e+01	1.976375e-02	1.506972e-03	1.506972e-03
1.160000e+01	1.170000e+01	1.597187e-02	1.354717e-03	1.354717e-03
1.170000e+01	1.180000e+01	1.137565e-02	1.143296e-03	1.143296e-03
1.180000e+01	1.190000e+01	9.766972e-03	1.059377e-03	1.059377e-03
1.190000e+01	1.200000e+01	8.617916e-03	9.951113e-04	9.951113e-04
1.200000e+01	1.210000e+01	7.353955e-03	9.192444e-04	9.192444e-04
1.210000e+01	1.220000e+01	5.975088e-03	8.285957e-04	8.285957e-04
1.220000e+01	1.230000e+01	3.102450e-03	5.970667e-04	5.970667e-04
1.230000e+01	1.240000e+01	3.562072e-03	6.397670e-04	6.397670e-04
1.240000e+01	1.250000e+01	4.481316e-03	7.175849e-04	7.175849e-04
1.250000e+01	1.260000e+01	3.102450e-03	5.970667e-04	5.970667e-04
1.260000e+01	1.270000e+01	3.102450e-03	5.970667e-04	5.970667e-04
1.270000e+01	1.280000e+01	2.413017e-03	5.265634e-04	5.265634e-04
1.280000e+01	1.290000e+01	2.642828e-03	5.510677e-04	5.510677e-04
1.290000e+01	1.300000e+01	1.263961e-03	3.810985e-04	3.810985e-04
1.300000e+01	1.310000e+01	1.263961e-03	3.810985e-04	3.810985e-04
1.310000e+01	1.320000e+01	1.149055e-03	3.633632e-04	3.633632e-04
1.320000e+01	1.330000e+01	8.043388e-04	3.040115e-04	3.040115e-04
1.330000e+01	1.340000e+01	1.378867e-03	3.980445e-04	3.980445e-04
1.340000e+01	1.350000e+01	8.043388e-04	3.040115e-04	3.040115e-04
1.350000e+01	1.360000e+01	9.192444e-04	3.250020e-04	3.250020e-04
1.360000e+01	1.370000e+01	9.192444e-04	3.250020e-04	3.250020e-04
1.370000e+01	1.380000e+01	1.263961e-03	3.810985e-04	3.810985e-04
1.380000e+01	1.390000e+01	1.034150e-03	3.447167e-04	3.447167e-04
1.390000e+01	1.400000e+01	4.596222e-04	2.298111e-04	2.298111e-04
1.400000e+01	1.410000e+01	6.894333e-04	2.814600e-04	2.814600e-04
1.410000e+01	1.420000e+01	4.596222e-04	2.298111e-04	2.298111e-04
1.420000e+01	1.430000e+01	4.596222e-04	2.298111e-04	2.298111e-04
1.430000e+01	1.440000e+01	2.298111e-04	1.625010e-04	1.625010e-04
1.440000e+01	1.450000e+01	2.298111e-04	1.625010e-04	1.625010e-04
1.450000e+01	1.460000e+01	3.447166e-04	1.990222e-04	1.990222e-04
1.460000e+01	1.470000e+01	2.298111e-04	1.625010e-04	1.625010e-04
1.470000e+01	1.480000e+01	1.149055e-04	1.149055e-04	1.149055e-04
1.480000e+01	1.490000e+01	2.298111e-04	1.625010e-04	1.625010e-04
1.490000e+01	1.500000e+01	5.745277e-04	2.569366e-04	2.569366e-04
# END HISTO1D

# BEGIN HISTO1D //home/frederic/Work/Software/LesHouches2017/lh2017-alphas/rivet-analysis/quark-as015015-parton.yoda/MC_LHJSS_Zjet/log_Angularity_zcut_0.2_beta_1_alpha_2
LineColor=green
LineStyle=solid
NormalizeToSum=1
Path=//home/frederic/Work/Software/LesHouches2017/lh2017-alphas/rivet-analysis/quark-as015015-parton.yoda/MC_LHJSS_Zjet/log_Angularity_zcut_0.2_beta_1_alpha_2
ScaledBy=8.25334466792667666e-06
Title=quark-as015015-parton
XLabel=
YLabel=
# xlow	 xhigh	 val	 errminus	 errplus
0.000000e+00	1.000000e-01	8.253345e-05	8.253345e-05	8.253345e-05
1.000000e-01	2.000000e-01	8.253345e-05	8.253345e-05	8.253345e-05
2.000000e-01	3.000000e-01	4.126672e-04	1.845504e-04	1.845504e-04
3.000000e-01	4.000000e-01	7.428010e-04	2.476003e-04	2.476003e-04
4.000000e-01	5.000000e-01	1.320535e-03	3.301338e-04	3.301338e-04
5.000000e-01	6.000000e-01	2.888671e-03	4.882744e-04	4.882744e-04
6.000000e-01	7.000000e-01	5.859875e-03	6.954392e-04	6.954392e-04
7.000000e-01	8.000000e-01	1.518615e-02	1.119538e-03	1.119538e-03
8.000000e-01	9.000000e-01	1.857003e-02	1.238002e-03	1.238002e-03
9.000000e-01	1.000000e+00	2.550284e-02	1.450806e-03	1.450806e-03
1.000000e+00	1.100000e+00	3.466405e-02	1.691432e-03	1.691432e-03
1.100000e+00	1.200000e+00	4.167939e-02	1.854709e-03	1.854709e-03
1.200000e+00	1.300000e+00	4.943753e-02	2.019963e-03	2.019963e-03
1.300000e+00	1.400000e+00	4.630126e-02	1.954841e-03	1.954841e-03
1.400000e+00	1.500000e+00	5.975422e-02	2.220748e-03	2.220748e-03
1.500000e+00	1.600000e+00	6.586169e-02	2.331479e-03	2.331479e-03
1.600000e+00	1.700000e+00	6.998836e-02	2.403410e-03	2.403410e-03
1.700000e+00	1.800000e+00	6.726476e-02	2.356182e-03	2.356182e-03
1.800000e+00	1.900000e+00	6.668702e-02	2.346041e-03	2.346041e-03
1.900000e+00	2.000000e+00	6.908049e-02	2.387771e-03	2.387771e-03
2.000000e+00	2.100000e+00	6.949316e-02	2.394892e-03	2.394892e-03
2.100000e+00	2.200000e+00	7.411504e-02	2.473251e-03	2.473251e-03
2.200000e+00	2.300000e+00	7.452770e-02	2.480127e-03	2.480127e-03
2.300000e+00	2.400000e+00	7.502290e-02	2.488353e-03	2.488353e-03
2.400000e+00	2.500000e+00	8.088278e-02	2.583705e-03	2.583705e-03
2.500000e+00	2.600000e+00	8.129544e-02	2.590288e-03	2.590288e-03
2.600000e+00	2.700000e+00	8.212078e-02	2.603404e-03	2.603404e-03
2.700000e+00	2.800000e+00	8.311118e-02	2.619056e-03	2.619056e-03
2.800000e+00	2.900000e+00	8.187318e-02	2.599476e-03	2.599476e-03
2.900000e+00	3.000000e+00	8.682519e-02	2.676935e-03	2.676935e-03
3.000000e+00	3.100000e+00	8.732039e-02	2.684558e-03	2.684558e-03
3.100000e+00	3.200000e+00	9.194226e-02	2.754689e-03	2.754689e-03
3.200000e+00	3.300000e+00	9.185973e-02	2.753452e-03	2.753452e-03
3.300000e+00	3.400000e+00	8.996146e-02	2.724854e-03	2.724854e-03
3.400000e+00	3.500000e+00	9.169466e-02	2.750977e-03	2.750977e-03
3.500000e+00	3.600000e+00	9.672920e-02	2.825490e-03	2.825490e-03
3.600000e+00	3.700000e+00	1.023415e-01	2.906303e-03	2.906303e-03
3.700000e+00	3.800000e+00	1.045699e-01	2.937773e-03	2.937773e-03
3.800000e+00	3.900000e+00	1.000305e-01	2.873302e-03	2.873302e-03
3.900000e+00	4.000000e+00	1.058079e-01	2.955112e-03	2.955112e-03
4.000000e+00	4.100000e+00	1.073760e-01	2.976930e-03	2.976930e-03
4.100000e+00	4.200000e+00	1.067157e-01	2.967763e-03	2.967763e-03
4.200000e+00	4.300000e+00	1.100996e-01	3.014449e-03	3.014449e-03
4.300000e+00	4.400000e+00	1.067983e-01	2.968911e-03	2.968911e-03
4.400000e+00	4.500000e+00	1.158770e-01	3.092527e-03	3.092527e-03
4.500000e+00	4.600000e+00	1.119154e-01	3.039204e-03	3.039204e-03
4.600000e+00	4.700000e+00	1.129883e-01	3.053738e-03	3.053738e-03
4.700000e+00	4.800000e+00	1.180228e-01	3.121030e-03	3.121030e-03
4.800000e+00	4.900000e+00	1.219019e-01	3.171905e-03	3.171905e-03
4.900000e+00	5.000000e+00	1.181879e-01	3.123212e-03	3.123212e-03
5.000000e+00	5.100000e+00	1.206639e-01	3.155758e-03	3.155758e-03
5.100000e+00	5.200000e+00	1.209115e-01	3.158994e-03	3.158994e-03
5.200000e+00	5.300000e+00	1.265238e-01	3.231476e-03	3.231476e-03
5.300000e+00	5.400000e+00	1.278443e-01	3.248296e-03	3.248296e-03
5.400000e+00	5.500000e+00	1.301552e-01	3.277523e-03	3.277523e-03
5.500000e+00	5.600000e+00	1.345295e-01	3.332143e-03	3.332143e-03
5.600000e+00	5.700000e+00	1.377483e-01	3.371771e-03	3.371771e-03
5.700000e+00	5.800000e+00	1.289998e-01	3.262943e-03	3.262943e-03
5.800000e+00	5.900000e+00	1.316408e-01	3.296175e-03	3.296175e-03
5.900000e+00	6.000000e+00	1.325487e-01	3.307522e-03	3.307522e-03
6.000000e+00	6.100000e+00	1.374182e-01	3.367729e-03	3.367729e-03
6.100000e+00	6.200000e+00	1.428654e-01	3.433827e-03	3.433827e-03
6.200000e+00	6.300000e+00	1.346946e-01	3.334188e-03	3.334188e-03
6.300000e+00	6.400000e+00	1.352723e-01	3.341331e-03	3.341331e-03
6.400000e+00	6.500000e+00	1.403894e-01	3.403942e-03	3.403942e-03
6.500000e+00	6.600000e+00	1.513663e-01	3.534514e-03	3.534514e-03
6.600000e+00	6.700000e+00	1.447637e-01	3.456565e-03	3.456565e-03
6.700000e+00	6.800000e+00	1.472397e-01	3.486001e-03	3.486001e-03
6.800000e+00	6.900000e+00	1.438558e-01	3.445709e-03	3.445709e-03
6.900000e+00	7.000000e+00	1.477349e-01	3.491858e-03	3.491858e-03
7.000000e+00	7.100000e+00	1.410497e-01	3.411936e-03	3.411936e-03
7.100000e+00	7.200000e+00	1.464969e-01	3.477196e-03	3.477196e-03
7.200000e+00	7.300000e+00	1.525218e-01	3.547978e-03	3.547978e-03
7.300000e+00	7.400000e+00	1.507061e-01	3.526796e-03	3.526796e-03
7.400000e+00	7.500000e+00	1.564009e-01	3.592812e-03	3.592812e-03
7.500000e+00	7.600000e+00	1.497982e-01	3.516157e-03	3.516157e-03
7.600000e+00	7.700000e+00	1.508711e-01	3.528728e-03	3.528728e-03
7.700000e+00	7.800000e+00	1.548327e-01	3.574756e-03	3.574756e-03
7.800000e+00	7.900000e+00	1.519441e-01	3.541253e-03	3.541253e-03
7.900000e+00	8.000000e+00	1.535947e-01	3.560435e-03	3.560435e-03
8.000000e+00	8.100000e+00	1.492205e-01	3.509370e-03	3.509370e-03
8.100000e+00	8.200000e+00	1.359326e-01	3.349475e-03	3.349475e-03
8.200000e+00	8.300000e+00	1.412147e-01	3.413933e-03	3.413933e-03
8.300000e+00	8.400000e+00	1.359326e-01	3.349475e-03	3.349475e-03
8.400000e+00	8.500000e+00	1.305679e-01	3.282715e-03	3.282715e-03
8.500000e+00	8.600000e+00	1.256984e-01	3.220921e-03	3.220921e-03
8.600000e+00	8.700000e+00	1.190958e-01	3.135185e-03	3.135185e-03
8.700000e+00	8.800000e+00	1.149691e-01	3.080389e-03	3.080389e-03
8.800000e+00	8.900000e+00	1.047349e-01	2.940091e-03	2.940091e-03
8.900000e+00	9.000000e+00	1.037445e-01	2.926157e-03	2.926157e-03
9.000000e+00	9.100000e+00	8.987892e-02	2.723604e-03	2.723604e-03
9.100000e+00	9.200000e+00	8.377145e-02	2.629438e-03	2.629438e-03
9.200000e+00	9.300000e+00	7.683864e-02	2.518285e-03	2.518285e-03
9.300000e+00	9.400000e+00	7.461024e-02	2.481500e-03	2.481500e-03
9.400000e+00	9.500000e+00	7.172157e-02	2.432987e-03	2.432987e-03
9.500000e+00	9.600000e+00	6.132235e-02	2.249699e-03	2.249699e-03
9.600000e+00	9.700000e+00	5.686554e-02	2.166405e-03	2.166405e-03
9.700000e+00	9.800000e+00	4.985020e-02	2.028376e-03	2.028376e-03
9.800000e+00	9.900000e+00	4.572353e-02	1.942606e-03	1.942606e-03
9.900000e+00	1.000000e+01	3.986365e-02	1.813859e-03	1.813859e-03
1.000000e+01	1.010000e+01	3.664485e-02	1.739088e-03	1.739088e-03
1.010000e+01	1.020000e+01	3.095004e-02	1.598253e-03	1.598253e-03
1.020000e+01	1.030000e+01	2.872164e-02	1.539642e-03	1.539642e-03
1.030000e+01	1.040000e+01	2.426483e-02	1.415154e-03	1.415154e-03
1.040000e+01	1.050000e+01	2.195390e-02	1.346080e-03	1.346080e-03
1.050000e+01	1.060000e+01	2.269670e-02	1.368662e-03	1.368662e-03
1.060000e+01	1.070000e+01	1.733202e-02	1.196023e-03	1.196023e-03
1.070000e+01	1.080000e+01	1.724949e-02	1.193172e-03	1.193172e-03
1.080000e+01	1.090000e+01	1.436082e-02	1.088691e-03	1.088691e-03
1.090000e+01	1.100000e+01	1.279268e-02	1.027533e-03	1.027533e-03
1.100000e+01	1.110000e+01	1.155468e-02	9.765489e-04	9.765489e-04
1.110000e+01	1.120000e+01	1.031668e-02	9.227520e-04	9.227520e-04
1.120000e+01	1.130000e+01	8.500945e-03	8.376230e-04	8.376230e-04
1.130000e+01	1.140000e+01	7.015343e-03	7.609208e-04	7.609208e-04
1.140000e+01	1.150000e+01	6.437609e-03	7.289156e-04	7.289156e-04
1.150000e+01	1.160000e+01	4.786940e-03	6.285560e-04	6.285560e-04
1.160000e+01	1.170000e+01	4.704406e-03	6.231139e-04	6.231139e-04
1.170000e+01	1.180000e+01	3.218804e-03	5.154212e-04	5.154212e-04
1.180000e+01	1.190000e+01	2.641070e-03	4.668796e-04	4.668796e-04
1.190000e+01	1.200000e+01	2.888671e-03	4.882744e-04	4.882744e-04
1.200000e+01	1.210000e+01	3.053738e-03	5.020314e-04	5.020314e-04
1.210000e+01	1.220000e+01	2.310937e-03	4.367260e-04	4.367260e-04
1.220000e+01	1.230000e+01	1.650669e-03	3.691008e-04	3.691008e-04
1.230000e+01	1.240000e+01	1.733202e-03	3.782158e-04	3.782158e-04
1.240000e+01	1.250000e+01	1.898269e-03	3.958165e-04	3.958165e-04
1.250000e+01	1.260000e+01	3.301338e-04	1.650669e-04	1.650669e-04
1.260000e+01	1.270000e+01	1.650669e-03	3.691008e-04	3.691008e-04
1.270000e+01	1.280000e+01	8.253345e-04	2.609937e-04	2.609937e-04
1.280000e+01	1.290000e+01	5.777341e-04	2.183630e-04	2.183630e-04
1.290000e+01	1.300000e+01	8.253345e-04	2.609937e-04	2.609937e-04
1.300000e+01	1.310000e+01	9.078679e-04	2.737325e-04	2.737325e-04
1.310000e+01	1.320000e+01	2.476003e-04	1.429521e-04	1.429521e-04
1.320000e+01	1.330000e+01	7.428010e-04	2.476003e-04	2.476003e-04
1.330000e+01	1.340000e+01	5.777341e-04	2.183630e-04	2.183630e-04
1.340000e+01	1.350000e+01	2.476003e-04	1.429521e-04	1.429521e-04
1.350000e+01	1.360000e+01	4.126672e-04	1.845504e-04	1.845504e-04
1.360000e+01	1.370000e+01	2.476003e-04	1.429521e-04	1.429521e-04
1.370000e+01	1.380000e+01	2.476003e-04	1.429521e-04	1.429521e-04
1.380000e+01	1.390000e+01	3.301338e-04	1.650669e-04	1.650669e-04
1.390000e+01	1.400000e+01	3.301338e-04	1.650669e-04	1.650669e-04
1.400000e+01	1.410000e+01	8.253345e-05	8.253345e-05	8.253345e-05
1.410000e+01	1.420000e+01	1.650669e-04	1.167199e-04	1.167199e-04
1.420000e+01	1.430000e+01	8.253345e-05	8.253345e-05	8.253345e-05
1.430000e+01	1.440000e+01	8.253345e-05	8.253345e-05	8.253345e-05
1.440000e+01	1.450000e+01	1.650669e-04	1.167199e-04	1.167199e-04
1.450000e+01	1.460000e+01	1.650669e-04	1.167199e-04	1.167199e-04
1.460000e+01	1.470000e+01	4.126672e-04	1.845504e-04	1.845504e-04
1.470000e+01	1.480000e+01	8.253345e-05	8.253345e-05	8.253345e-05
1.480000e+01	1.490000e+01	1.650669e-04	1.167199e-04	1.167199e-04
1.490000e+01	1.500000e+01	1.650669e-04	1.167199e-04	1.167199e-04
# END HISTO1D

