# BEGIN PLOT
LegendOnly=//home/frederic/Work/Software/LesHouches2017/lh2017-alphas/rivet-analysis/quark-as013650-parton.yoda/MC_LHJSS_Zjet/log_Angularity_zcut_0.2_beta_1_alpha_1 //home/frederic/Work/Software/LesHouches2017/lh2017-alphas/rivet-analysis/quark-as012285-parton.yoda/MC_LHJSS_Zjet/log_Angularity_zcut_0.2_beta_1_alpha_1 //home/frederic/Work/Software/LesHouches2017/lh2017-alphas/rivet-analysis/quark-as015015-parton.yoda/MC_LHJSS_Zjet/log_Angularity_zcut_0.2_beta_1_alpha_1
DrawOnly=//home/frederic/Work/Software/LesHouches2017/lh2017-alphas/rivet-analysis/quark-as013650-parton.yoda/MC_LHJSS_Zjet/log_Angularity_zcut_0.2_beta_1_alpha_1 //home/frederic/Work/Software/LesHouches2017/lh2017-alphas/rivet-analysis/quark-as012285-parton.yoda/MC_LHJSS_Zjet/log_Angularity_zcut_0.2_beta_1_alpha_1 //home/frederic/Work/Software/LesHouches2017/lh2017-alphas/rivet-analysis/quark-as015015-parton.yoda/MC_LHJSS_Zjet/log_Angularity_zcut_0.2_beta_1_alpha_1
Title=Angularity, $\alpha$ = 1 $z_{cut}$ = 0.2 $\beta$ = 1
RatioPlot=1
LogX=0
LogY=0
RatioPlotYLabel=Ratio
RatioPlotReference=//home/frederic/Work/Software/LesHouches2017/lh2017-alphas/rivet-analysis/quark-as013650-parton.yoda/MC_LHJSS_Zjet/log_Angularity_zcut_0.2_beta_1_alpha_1
XLabel=$e_\alpha$
YLabel=$1/\sigma \text{d}\sigma/\text{d}e_\alpha$
Legend=1
# END PLOT

# BEGIN HISTO1D //home/frederic/Work/Software/LesHouches2017/lh2017-alphas/rivet-analysis/quark-as013650-parton.yoda/MC_LHJSS_Zjet/log_Angularity_zcut_0.2_beta_1_alpha_1
LineColor=red
LineStyle=solid
NormalizeToSum=1
Path=//home/frederic/Work/Software/LesHouches2017/lh2017-alphas/rivet-analysis/quark-as013650-parton.yoda/MC_LHJSS_Zjet/log_Angularity_zcut_0.2_beta_1_alpha_1
ScaledBy=4.84810875277554230e-06
Title=quark-as013650-parton
XLabel=
YLabel=
# xlow	 xhigh	 val	 errminus	 errplus
0.000000e+00	1.000000e-01	0.000000e+00	0.000000e+00	0.000000e+00
1.000000e-01	2.000000e-01	0.000000e+00	0.000000e+00	0.000000e+00
2.000000e-01	3.000000e-01	4.848109e-05	4.848109e-05	4.848109e-05
3.000000e-01	4.000000e-01	1.405952e-03	2.610786e-04	2.610786e-04
4.000000e-01	5.000000e-01	2.278611e-03	3.323695e-04	3.323695e-04
5.000000e-01	6.000000e-01	4.799628e-03	4.823808e-04	4.823808e-04
6.000000e-01	7.000000e-01	1.347774e-02	8.083413e-04	8.083413e-04
7.000000e-01	8.000000e-01	2.879777e-02	1.181587e-03	1.181587e-03
8.000000e-01	9.000000e-01	4.305121e-02	1.444704e-03	1.444704e-03
9.000000e-01	1.000000e+00	5.560781e-02	1.641928e-03	1.641928e-03
1.000000e+00	1.100000e+00	7.194593e-02	1.867623e-03	1.867623e-03
1.100000e+00	1.200000e+00	8.309658e-02	2.007141e-03	2.007141e-03
1.200000e+00	1.300000e+00	9.730154e-02	2.171931e-03	2.171931e-03
1.300000e+00	1.400000e+00	1.050100e-01	2.256325e-03	2.256325e-03
1.400000e+00	1.500000e+00	1.159668e-01	2.371117e-03	2.371117e-03
1.500000e+00	1.600000e+00	1.244994e-01	2.456800e-03	2.456800e-03
1.600000e+00	1.700000e+00	1.262448e-01	2.473961e-03	2.473961e-03
1.700000e+00	1.800000e+00	1.390438e-01	2.596342e-03	2.596342e-03
1.800000e+00	1.900000e+00	1.380741e-01	2.587273e-03	2.587273e-03
1.900000e+00	2.000000e+00	1.450554e-01	2.651876e-03	2.651876e-03
2.000000e+00	2.100000e+00	1.473340e-01	2.672623e-03	2.672623e-03
2.100000e+00	2.200000e+00	1.542183e-01	2.734351e-03	2.734351e-03
2.200000e+00	2.300000e+00	1.559637e-01	2.749780e-03	2.749780e-03
2.300000e+00	2.400000e+00	1.584362e-01	2.771490e-03	2.771490e-03
2.400000e+00	2.500000e+00	1.684718e-01	2.857918e-03	2.857918e-03
2.500000e+00	2.600000e+00	1.730775e-01	2.896720e-03	2.896720e-03
2.600000e+00	2.700000e+00	1.810769e-01	2.962904e-03	2.962904e-03
2.700000e+00	2.800000e+00	1.851978e-01	2.996429e-03	2.996429e-03
2.800000e+00	2.900000e+00	1.898035e-01	3.033460e-03	3.033460e-03
2.900000e+00	3.000000e+00	1.906276e-01	3.040039e-03	3.040039e-03
3.000000e+00	3.100000e+00	1.983846e-01	3.101274e-03	3.101274e-03
3.100000e+00	3.200000e+00	2.132683e-01	3.215506e-03	3.215506e-03
3.200000e+00	3.300000e+00	2.106018e-01	3.195342e-03	3.195342e-03
3.300000e+00	3.400000e+00	2.121532e-01	3.207089e-03	3.207089e-03
3.400000e+00	3.500000e+00	2.224312e-01	3.283856e-03	3.283856e-03
3.500000e+00	3.600000e+00	2.277641e-01	3.322988e-03	3.322988e-03
3.600000e+00	3.700000e+00	2.347939e-01	3.373879e-03	3.373879e-03
3.700000e+00	3.800000e+00	2.383330e-01	3.399212e-03	3.399212e-03
3.800000e+00	3.900000e+00	2.370240e-01	3.389864e-03	3.389864e-03
3.900000e+00	4.000000e+00	2.425994e-01	3.429501e-03	3.429501e-03
4.000000e+00	4.100000e+00	2.342606e-01	3.370046e-03	3.370046e-03
4.100000e+00	4.200000e+00	2.387694e-01	3.402323e-03	3.402323e-03
4.200000e+00	4.300000e+00	2.409995e-01	3.418175e-03	3.418175e-03
4.300000e+00	4.400000e+00	2.416297e-01	3.422641e-03	3.422641e-03
4.400000e+00	4.500000e+00	2.415328e-01	3.421954e-03	3.421954e-03
4.500000e+00	4.600000e+00	2.337273e-01	3.366207e-03	3.366207e-03
4.600000e+00	4.700000e+00	2.355211e-01	3.379100e-03	3.379100e-03
4.700000e+00	4.800000e+00	2.270369e-01	3.317680e-03	3.317680e-03
4.800000e+00	4.900000e+00	2.244190e-01	3.298495e-03	3.298495e-03
4.900000e+00	5.000000e+00	2.189891e-01	3.258348e-03	3.258348e-03
5.000000e+00	5.100000e+00	2.148197e-01	3.227180e-03	3.227180e-03
5.100000e+00	5.200000e+00	2.064325e-01	3.163553e-03	3.163553e-03
5.200000e+00	5.300000e+00	1.936819e-01	3.064296e-03	3.064296e-03
5.300000e+00	5.400000e+00	1.795739e-01	2.950583e-03	2.950583e-03
5.400000e+00	5.500000e+00	1.682779e-01	2.856273e-03	2.856273e-03
5.500000e+00	5.600000e+00	1.531518e-01	2.724879e-03	2.724879e-03
5.600000e+00	5.700000e+00	1.406921e-01	2.611687e-03	2.611687e-03
5.700000e+00	5.800000e+00	1.273113e-01	2.484390e-03	2.484390e-03
5.800000e+00	5.900000e+00	1.166455e-01	2.378046e-03	2.378046e-03
5.900000e+00	6.000000e+00	9.924079e-02	2.193468e-03	2.193468e-03
6.000000e+00	6.100000e+00	8.692659e-02	2.052875e-03	2.052875e-03
6.100000e+00	6.200000e+00	7.475784e-02	1.903770e-03	1.903770e-03
6.200000e+00	6.300000e+00	7.068543e-02	1.851190e-03	1.851190e-03
6.300000e+00	6.400000e+00	6.477073e-02	1.772049e-03	1.772049e-03
6.400000e+00	6.500000e+00	5.211717e-02	1.589559e-03	1.589559e-03
6.500000e+00	6.600000e+00	4.809324e-02	1.526962e-03	1.526962e-03
6.600000e+00	6.700000e+00	4.222703e-02	1.430808e-03	1.430808e-03
6.700000e+00	6.800000e+00	3.432461e-02	1.289998e-03	1.289998e-03
6.800000e+00	6.900000e+00	2.850688e-02	1.175604e-03	1.175604e-03
6.900000e+00	7.000000e+00	2.433751e-02	1.086236e-03	1.086236e-03
7.000000e+00	7.100000e+00	1.992573e-02	9.828636e-04	9.828636e-04
7.100000e+00	7.200000e+00	1.575635e-02	8.740053e-04	8.740053e-04
7.200000e+00	7.300000e+00	1.187787e-02	7.588491e-04	7.588491e-04
7.300000e+00	7.400000e+00	1.090824e-02	7.272163e-04	7.272163e-04
7.400000e+00	7.500000e+00	7.611531e-03	6.074663e-04	6.074663e-04
7.500000e+00	7.600000e+00	7.272163e-03	5.937697e-04	5.937697e-04
7.600000e+00	7.700000e+00	5.138995e-03	4.991434e-04	4.991434e-04
7.700000e+00	7.800000e+00	4.993552e-03	4.920293e-04	4.920293e-04
7.800000e+00	7.900000e+00	4.169374e-03	4.495952e-04	4.495952e-04
7.900000e+00	8.000000e+00	2.617979e-03	3.562618e-04	3.562618e-04
8.000000e+00	8.100000e+00	2.569498e-03	3.529476e-04	3.529476e-04
8.100000e+00	8.200000e+00	1.696838e-03	2.868180e-04	2.868180e-04
8.200000e+00	8.300000e+00	1.890762e-03	3.027643e-04	3.027643e-04
8.300000e+00	8.400000e+00	1.018103e-03	2.221682e-04	2.221682e-04
8.400000e+00	8.500000e+00	1.115065e-03	2.325071e-04	2.325071e-04
8.500000e+00	8.600000e+00	5.817731e-04	1.679434e-04	1.679434e-04
8.600000e+00	8.700000e+00	6.787352e-04	1.813996e-04	1.813996e-04
8.700000e+00	8.800000e+00	5.817731e-04	1.679434e-04	1.679434e-04
8.800000e+00	8.900000e+00	6.787352e-04	1.813996e-04	1.813996e-04
8.900000e+00	9.000000e+00	6.302541e-04	1.748011e-04	1.748011e-04
9.000000e+00	9.100000e+00	2.908865e-04	1.187539e-04	1.187539e-04
9.100000e+00	9.200000e+00	2.424054e-04	1.084070e-04	1.084070e-04
9.200000e+00	9.300000e+00	1.939244e-04	9.696217e-05	9.696217e-05
9.300000e+00	9.400000e+00	3.393676e-04	1.282689e-04	1.282689e-04
9.400000e+00	9.500000e+00	3.393676e-04	1.282689e-04	1.282689e-04
9.500000e+00	9.600000e+00	0.000000e+00	0.000000e+00	0.000000e+00
9.600000e+00	9.700000e+00	9.696218e-05	6.856261e-05	6.856261e-05
9.700000e+00	9.800000e+00	4.848109e-05	4.848109e-05	4.848109e-05
9.800000e+00	9.900000e+00	9.696218e-05	6.856261e-05	6.856261e-05
9.900000e+00	1.000000e+01	4.848109e-05	4.848109e-05	4.848109e-05
1.000000e+01	1.010000e+01	0.000000e+00	0.000000e+00	0.000000e+00
1.010000e+01	1.020000e+01	4.848109e-05	4.848109e-05	4.848109e-05
1.020000e+01	1.030000e+01	9.696218e-05	6.856261e-05	6.856261e-05
1.030000e+01	1.040000e+01	4.848109e-05	4.848109e-05	4.848109e-05
1.040000e+01	1.050000e+01	0.000000e+00	0.000000e+00	0.000000e+00
1.050000e+01	1.060000e+01	0.000000e+00	0.000000e+00	0.000000e+00
1.060000e+01	1.070000e+01	0.000000e+00	0.000000e+00	0.000000e+00
1.070000e+01	1.080000e+01	0.000000e+00	0.000000e+00	0.000000e+00
1.080000e+01	1.090000e+01	0.000000e+00	0.000000e+00	0.000000e+00
1.090000e+01	1.100000e+01	0.000000e+00	0.000000e+00	0.000000e+00
1.100000e+01	1.110000e+01	0.000000e+00	0.000000e+00	0.000000e+00
1.110000e+01	1.120000e+01	0.000000e+00	0.000000e+00	0.000000e+00
1.120000e+01	1.130000e+01	0.000000e+00	0.000000e+00	0.000000e+00
1.130000e+01	1.140000e+01	0.000000e+00	0.000000e+00	0.000000e+00
1.140000e+01	1.150000e+01	0.000000e+00	0.000000e+00	0.000000e+00
1.150000e+01	1.160000e+01	0.000000e+00	0.000000e+00	0.000000e+00
1.160000e+01	1.170000e+01	0.000000e+00	0.000000e+00	0.000000e+00
1.170000e+01	1.180000e+01	0.000000e+00	0.000000e+00	0.000000e+00
1.180000e+01	1.190000e+01	0.000000e+00	0.000000e+00	0.000000e+00
1.190000e+01	1.200000e+01	0.000000e+00	0.000000e+00	0.000000e+00
1.200000e+01	1.210000e+01	0.000000e+00	0.000000e+00	0.000000e+00
1.210000e+01	1.220000e+01	0.000000e+00	0.000000e+00	0.000000e+00
1.220000e+01	1.230000e+01	0.000000e+00	0.000000e+00	0.000000e+00
1.230000e+01	1.240000e+01	0.000000e+00	0.000000e+00	0.000000e+00
1.240000e+01	1.250000e+01	0.000000e+00	0.000000e+00	0.000000e+00
1.250000e+01	1.260000e+01	0.000000e+00	0.000000e+00	0.000000e+00
1.260000e+01	1.270000e+01	0.000000e+00	0.000000e+00	0.000000e+00
1.270000e+01	1.280000e+01	0.000000e+00	0.000000e+00	0.000000e+00
1.280000e+01	1.290000e+01	0.000000e+00	0.000000e+00	0.000000e+00
1.290000e+01	1.300000e+01	0.000000e+00	0.000000e+00	0.000000e+00
1.300000e+01	1.310000e+01	0.000000e+00	0.000000e+00	0.000000e+00
1.310000e+01	1.320000e+01	0.000000e+00	0.000000e+00	0.000000e+00
1.320000e+01	1.330000e+01	0.000000e+00	0.000000e+00	0.000000e+00
1.330000e+01	1.340000e+01	0.000000e+00	0.000000e+00	0.000000e+00
1.340000e+01	1.350000e+01	0.000000e+00	0.000000e+00	0.000000e+00
1.350000e+01	1.360000e+01	0.000000e+00	0.000000e+00	0.000000e+00
1.360000e+01	1.370000e+01	0.000000e+00	0.000000e+00	0.000000e+00
1.370000e+01	1.380000e+01	0.000000e+00	0.000000e+00	0.000000e+00
1.380000e+01	1.390000e+01	0.000000e+00	0.000000e+00	0.000000e+00
1.390000e+01	1.400000e+01	0.000000e+00	0.000000e+00	0.000000e+00
1.400000e+01	1.410000e+01	0.000000e+00	0.000000e+00	0.000000e+00
1.410000e+01	1.420000e+01	0.000000e+00	0.000000e+00	0.000000e+00
1.420000e+01	1.430000e+01	0.000000e+00	0.000000e+00	0.000000e+00
1.430000e+01	1.440000e+01	0.000000e+00	0.000000e+00	0.000000e+00
1.440000e+01	1.450000e+01	0.000000e+00	0.000000e+00	0.000000e+00
1.450000e+01	1.460000e+01	0.000000e+00	0.000000e+00	0.000000e+00
1.460000e+01	1.470000e+01	0.000000e+00	0.000000e+00	0.000000e+00
1.470000e+01	1.480000e+01	0.000000e+00	0.000000e+00	0.000000e+00
1.480000e+01	1.490000e+01	0.000000e+00	0.000000e+00	0.000000e+00
1.490000e+01	1.500000e+01	0.000000e+00	0.000000e+00	0.000000e+00
# END HISTO1D

# BEGIN HISTO1D //home/frederic/Work/Software/LesHouches2017/lh2017-alphas/rivet-analysis/quark-as012285-parton.yoda/MC_LHJSS_Zjet/log_Angularity_zcut_0.2_beta_1_alpha_1
LineColor=blue
LineStyle=solid
NormalizeToSum=1
Path=//home/frederic/Work/Software/LesHouches2017/lh2017-alphas/rivet-analysis/quark-as012285-parton.yoda/MC_LHJSS_Zjet/log_Angularity_zcut_0.2_beta_1_alpha_1
ScaledBy=1.14905547639840050e-05
Title=quark-as012285-parton
XLabel=
YLabel=
# xlow	 xhigh	 val	 errminus	 errplus
0.000000e+00	1.000000e-01	0.000000e+00	0.000000e+00	0.000000e+00
1.000000e-01	2.000000e-01	0.000000e+00	0.000000e+00	0.000000e+00
2.000000e-01	3.000000e-01	1.149055e-04	1.149055e-04	1.149055e-04
3.000000e-01	4.000000e-01	4.596222e-04	2.298111e-04	2.298111e-04
4.000000e-01	5.000000e-01	1.493772e-03	4.142978e-04	4.142978e-04
5.000000e-01	6.000000e-01	4.251505e-03	6.989431e-04	6.989431e-04
6.000000e-01	7.000000e-01	9.537160e-03	1.046840e-03	1.046840e-03
7.000000e-01	8.000000e-01	2.390035e-02	1.657191e-03	1.657191e-03
8.000000e-01	9.000000e-01	3.516110e-02	2.010026e-03	2.010026e-03
9.000000e-01	1.000000e+00	5.147769e-02	2.432092e-03	2.432092e-03
1.000000e+00	1.100000e+00	6.204900e-02	2.670164e-03	2.670164e-03
1.100000e+00	1.200000e+00	7.353955e-02	2.906906e-03	2.906906e-03
1.200000e+00	1.300000e+00	8.330652e-02	3.093927e-03	3.093927e-03
1.300000e+00	1.400000e+00	9.904858e-02	3.373608e-03	3.373608e-03
1.400000e+00	1.500000e+00	1.016914e-01	3.418320e-03	3.418320e-03
1.500000e+00	1.600000e+00	1.126074e-01	3.597113e-03	3.597113e-03
1.600000e+00	1.700000e+00	1.121478e-01	3.589765e-03	3.589765e-03
1.700000e+00	1.800000e+00	1.189272e-01	3.696674e-03	3.696674e-03
1.800000e+00	1.900000e+00	1.165142e-01	3.658979e-03	3.658979e-03
1.900000e+00	2.000000e+00	1.201912e-01	3.716267e-03	3.716267e-03
2.000000e+00	2.100000e+00	1.317967e-01	3.891551e-03	3.891551e-03
2.100000e+00	2.200000e+00	1.353587e-01	3.943789e-03	3.943789e-03
2.200000e+00	2.300000e+00	1.380016e-01	3.982104e-03	3.982104e-03
2.300000e+00	2.400000e+00	1.501816e-01	4.154117e-03	4.154117e-03
2.400000e+00	2.500000e+00	1.540883e-01	4.207803e-03	4.207803e-03
2.500000e+00	2.600000e+00	1.589144e-01	4.273189e-03	4.273189e-03
2.600000e+00	2.700000e+00	1.598336e-01	4.285530e-03	4.285530e-03
2.700000e+00	2.800000e+00	1.577653e-01	4.257712e-03	4.257712e-03
2.800000e+00	2.900000e+00	1.623615e-01	4.319287e-03	4.319287e-03
2.900000e+00	3.000000e+00	1.725881e-01	4.453238e-03	4.453238e-03
3.000000e+00	3.100000e+00	1.708645e-01	4.430946e-03	4.430946e-03
3.100000e+00	3.200000e+00	1.886749e-01	4.656156e-03	4.656156e-03
3.200000e+00	3.300000e+00	1.884451e-01	4.653320e-03	4.653320e-03
3.300000e+00	3.400000e+00	1.878706e-01	4.646221e-03	4.646221e-03
3.400000e+00	3.500000e+00	1.900538e-01	4.673139e-03	4.673139e-03
3.500000e+00	3.600000e+00	1.943053e-01	4.725119e-03	4.725119e-03
3.600000e+00	3.700000e+00	1.969481e-01	4.757145e-03	4.757145e-03
3.700000e+00	3.800000e+00	1.991313e-01	4.783439e-03	4.783439e-03
3.800000e+00	3.900000e+00	2.009698e-01	4.805471e-03	4.805471e-03
3.900000e+00	4.000000e+00	2.230317e-01	5.062369e-03	5.062369e-03
4.000000e+00	4.100000e+00	2.107368e-01	4.920856e-03	4.920856e-03
4.100000e+00	4.200000e+00	2.102772e-01	4.915487e-03	4.915487e-03
4.200000e+00	4.300000e+00	2.047617e-01	4.850593e-03	4.850593e-03
4.300000e+00	4.400000e+00	2.088983e-01	4.899344e-03	4.899344e-03
4.400000e+00	4.500000e+00	2.205037e-01	5.033597e-03	5.033597e-03
4.500000e+00	4.600000e+00	2.178609e-01	5.003342e-03	5.003342e-03
4.600000e+00	4.700000e+00	2.138392e-01	4.956946e-03	4.956946e-03
4.700000e+00	4.800000e+00	2.100473e-01	4.912800e-03	4.912800e-03
4.800000e+00	4.900000e+00	2.199292e-01	5.027036e-03	5.027036e-03
4.900000e+00	5.000000e+00	2.040723e-01	4.842420e-03	4.842420e-03
5.000000e+00	5.100000e+00	2.028083e-01	4.827401e-03	4.827401e-03
5.100000e+00	5.200000e+00	2.041872e-01	4.843784e-03	4.843784e-03
5.200000e+00	5.300000e+00	1.892494e-01	4.663240e-03	4.663240e-03
5.300000e+00	5.400000e+00	1.935009e-01	4.715329e-03	4.715329e-03
5.400000e+00	5.500000e+00	1.759204e-01	4.496024e-03	4.496024e-03
5.500000e+00	5.600000e+00	1.694857e-01	4.413032e-03	4.413032e-03
5.600000e+00	5.700000e+00	1.619019e-01	4.313169e-03	4.313169e-03
5.700000e+00	5.800000e+00	1.514455e-01	4.171562e-03	4.171562e-03
5.800000e+00	5.900000e+00	1.390357e-01	3.996995e-03	3.996995e-03
5.900000e+00	6.000000e+00	1.273153e-01	3.824819e-03	3.824819e-03
6.000000e+00	6.100000e+00	1.169738e-01	3.666189e-03	3.666189e-03
6.100000e+00	6.200000e+00	1.124925e-01	3.595277e-03	3.595277e-03
6.200000e+00	6.300000e+00	9.812934e-02	3.357918e-03	3.357918e-03
6.300000e+00	6.400000e+00	9.180953e-02	3.247987e-03	3.247987e-03
6.400000e+00	6.500000e+00	8.342143e-02	3.096060e-03	3.096060e-03
6.500000e+00	6.600000e+00	7.894011e-02	3.011753e-03	3.011753e-03
6.600000e+00	6.700000e+00	6.664522e-02	2.767292e-03	2.767292e-03
6.700000e+00	6.800000e+00	5.825711e-02	2.587289e-03	2.587289e-03
6.800000e+00	6.900000e+00	4.377901e-02	2.242867e-03	2.242867e-03
6.900000e+00	7.000000e+00	3.791883e-02	2.087363e-03	2.087363e-03
7.000000e+00	7.100000e+00	2.734752e-02	1.772677e-03	1.772677e-03
7.100000e+00	7.200000e+00	2.194696e-02	1.588026e-03	1.588026e-03
7.200000e+00	7.300000e+00	1.654640e-02	1.378867e-03	1.378867e-03
7.300000e+00	7.400000e+00	1.585697e-02	1.349834e-03	1.349834e-03
7.400000e+00	7.500000e+00	1.332904e-02	1.237571e-03	1.237571e-03
7.500000e+00	7.600000e+00	8.732822e-03	1.001724e-03	1.001724e-03
7.600000e+00	7.700000e+00	7.239050e-03	9.120345e-04	9.120345e-04
7.700000e+00	7.800000e+00	4.251505e-03	6.989431e-04	6.989431e-04
7.800000e+00	7.900000e+00	4.596222e-03	7.267265e-04	7.267265e-04
7.900000e+00	8.000000e+00	4.251505e-03	6.989431e-04	6.989431e-04
8.000000e+00	8.100000e+00	3.102450e-03	5.970667e-04	5.970667e-04
8.100000e+00	8.200000e+00	2.987544e-03	5.859056e-04	5.859056e-04
8.200000e+00	8.300000e+00	2.183205e-03	5.008617e-04	5.008617e-04
8.300000e+00	8.400000e+00	1.149055e-03	3.633632e-04	3.633632e-04
8.400000e+00	8.500000e+00	1.263961e-03	3.810985e-04	3.810985e-04
8.500000e+00	8.600000e+00	1.493772e-03	4.142978e-04	4.142978e-04
8.600000e+00	8.700000e+00	8.043388e-04	3.040115e-04	3.040115e-04
8.700000e+00	8.800000e+00	3.447166e-04	1.990222e-04	1.990222e-04
8.800000e+00	8.900000e+00	6.894333e-04	2.814600e-04	2.814600e-04
8.900000e+00	9.000000e+00	3.447166e-04	1.990222e-04	1.990222e-04
9.000000e+00	9.100000e+00	6.894333e-04	2.814600e-04	2.814600e-04
9.100000e+00	9.200000e+00	2.298111e-04	1.625010e-04	1.625010e-04
9.200000e+00	9.300000e+00	3.447166e-04	1.990222e-04	1.990222e-04
9.300000e+00	9.400000e+00	5.745277e-04	2.569366e-04	2.569366e-04
9.400000e+00	9.500000e+00	6.894333e-04	2.814600e-04	2.814600e-04
9.500000e+00	9.600000e+00	1.149055e-04	1.149055e-04	1.149055e-04
9.600000e+00	9.700000e+00	3.447166e-04	1.990222e-04	1.990222e-04
9.700000e+00	9.800000e+00	0.000000e+00	0.000000e+00	0.000000e+00
9.800000e+00	9.900000e+00	2.298111e-04	1.625010e-04	1.625010e-04
9.900000e+00	1.000000e+01	0.000000e+00	0.000000e+00	0.000000e+00
1.000000e+01	1.010000e+01	0.000000e+00	0.000000e+00	0.000000e+00
1.010000e+01	1.020000e+01	2.298111e-04	1.625010e-04	1.625010e-04
1.020000e+01	1.030000e+01	0.000000e+00	0.000000e+00	0.000000e+00
1.030000e+01	1.040000e+01	1.149055e-04	1.149055e-04	1.149055e-04
1.040000e+01	1.050000e+01	0.000000e+00	0.000000e+00	0.000000e+00
1.050000e+01	1.060000e+01	0.000000e+00	0.000000e+00	0.000000e+00
1.060000e+01	1.070000e+01	0.000000e+00	0.000000e+00	0.000000e+00
1.070000e+01	1.080000e+01	2.298111e-04	1.625010e-04	1.625010e-04
1.080000e+01	1.090000e+01	0.000000e+00	0.000000e+00	0.000000e+00
1.090000e+01	1.100000e+01	0.000000e+00	0.000000e+00	0.000000e+00
1.100000e+01	1.110000e+01	0.000000e+00	0.000000e+00	0.000000e+00
1.110000e+01	1.120000e+01	0.000000e+00	0.000000e+00	0.000000e+00
1.120000e+01	1.130000e+01	1.149055e-04	1.149055e-04	1.149055e-04
1.130000e+01	1.140000e+01	0.000000e+00	0.000000e+00	0.000000e+00
1.140000e+01	1.150000e+01	0.000000e+00	0.000000e+00	0.000000e+00
1.150000e+01	1.160000e+01	0.000000e+00	0.000000e+00	0.000000e+00
1.160000e+01	1.170000e+01	0.000000e+00	0.000000e+00	0.000000e+00
1.170000e+01	1.180000e+01	0.000000e+00	0.000000e+00	0.000000e+00
1.180000e+01	1.190000e+01	0.000000e+00	0.000000e+00	0.000000e+00
1.190000e+01	1.200000e+01	0.000000e+00	0.000000e+00	0.000000e+00
1.200000e+01	1.210000e+01	0.000000e+00	0.000000e+00	0.000000e+00
1.210000e+01	1.220000e+01	0.000000e+00	0.000000e+00	0.000000e+00
1.220000e+01	1.230000e+01	0.000000e+00	0.000000e+00	0.000000e+00
1.230000e+01	1.240000e+01	0.000000e+00	0.000000e+00	0.000000e+00
1.240000e+01	1.250000e+01	0.000000e+00	0.000000e+00	0.000000e+00
1.250000e+01	1.260000e+01	0.000000e+00	0.000000e+00	0.000000e+00
1.260000e+01	1.270000e+01	0.000000e+00	0.000000e+00	0.000000e+00
1.270000e+01	1.280000e+01	0.000000e+00	0.000000e+00	0.000000e+00
1.280000e+01	1.290000e+01	0.000000e+00	0.000000e+00	0.000000e+00
1.290000e+01	1.300000e+01	0.000000e+00	0.000000e+00	0.000000e+00
1.300000e+01	1.310000e+01	0.000000e+00	0.000000e+00	0.000000e+00
1.310000e+01	1.320000e+01	0.000000e+00	0.000000e+00	0.000000e+00
1.320000e+01	1.330000e+01	0.000000e+00	0.000000e+00	0.000000e+00
1.330000e+01	1.340000e+01	0.000000e+00	0.000000e+00	0.000000e+00
1.340000e+01	1.350000e+01	0.000000e+00	0.000000e+00	0.000000e+00
1.350000e+01	1.360000e+01	0.000000e+00	0.000000e+00	0.000000e+00
1.360000e+01	1.370000e+01	0.000000e+00	0.000000e+00	0.000000e+00
1.370000e+01	1.380000e+01	0.000000e+00	0.000000e+00	0.000000e+00
1.380000e+01	1.390000e+01	0.000000e+00	0.000000e+00	0.000000e+00
1.390000e+01	1.400000e+01	0.000000e+00	0.000000e+00	0.000000e+00
1.400000e+01	1.410000e+01	0.000000e+00	0.000000e+00	0.000000e+00
1.410000e+01	1.420000e+01	0.000000e+00	0.000000e+00	0.000000e+00
1.420000e+01	1.430000e+01	0.000000e+00	0.000000e+00	0.000000e+00
1.430000e+01	1.440000e+01	0.000000e+00	0.000000e+00	0.000000e+00
1.440000e+01	1.450000e+01	0.000000e+00	0.000000e+00	0.000000e+00
1.450000e+01	1.460000e+01	0.000000e+00	0.000000e+00	0.000000e+00
1.460000e+01	1.470000e+01	0.000000e+00	0.000000e+00	0.000000e+00
1.470000e+01	1.480000e+01	0.000000e+00	0.000000e+00	0.000000e+00
1.480000e+01	1.490000e+01	0.000000e+00	0.000000e+00	0.000000e+00
1.490000e+01	1.500000e+01	0.000000e+00	0.000000e+00	0.000000e+00
# END HISTO1D

# BEGIN HISTO1D //home/frederic/Work/Software/LesHouches2017/lh2017-alphas/rivet-analysis/quark-as015015-parton.yoda/MC_LHJSS_Zjet/log_Angularity_zcut_0.2_beta_1_alpha_1
LineColor=green
LineStyle=solid
NormalizeToSum=1
Path=//home/frederic/Work/Software/LesHouches2017/lh2017-alphas/rivet-analysis/quark-as015015-parton.yoda/MC_LHJSS_Zjet/log_Angularity_zcut_0.2_beta_1_alpha_1
ScaledBy=8.25334466792667666e-06
Title=quark-as015015-parton
XLabel=
YLabel=
# xlow	 xhigh	 val	 errminus	 errplus
0.000000e+00	1.000000e-01	0.000000e+00	0.000000e+00	0.000000e+00
1.000000e-01	2.000000e-01	8.253345e-05	8.253345e-05	8.253345e-05
2.000000e-01	3.000000e-01	2.476003e-04	1.429521e-04	1.429521e-04
3.000000e-01	4.000000e-01	1.320535e-03	3.301338e-04	3.301338e-04
4.000000e-01	5.000000e-01	1.980803e-03	4.043297e-04	4.043297e-04
5.000000e-01	6.000000e-01	7.428010e-03	7.829810e-04	7.829810e-04
6.000000e-01	7.000000e-01	1.733202e-02	1.196023e-03	1.196023e-03
7.000000e-01	8.000000e-01	3.540685e-02	1.709459e-03	1.709459e-03
8.000000e-01	9.000000e-01	4.918993e-02	2.014898e-03	2.014898e-03
9.000000e-01	1.000000e+00	6.313809e-02	2.282762e-03	2.282762e-03
1.000000e+00	1.100000e+00	8.113038e-02	2.587657e-03	2.587657e-03
1.100000e+00	1.200000e+00	9.672920e-02	2.825490e-03	2.825490e-03
1.200000e+00	1.300000e+00	1.049825e-01	2.943564e-03	2.943564e-03
1.300000e+00	1.400000e+00	1.154643e-01	3.087016e-03	3.087016e-03
1.400000e+00	1.500000e+00	1.221495e-01	3.175125e-03	3.175125e-03
1.500000e+00	1.600000e+00	1.361802e-01	3.352524e-03	3.352524e-03
1.600000e+00	1.700000e+00	1.410497e-01	3.411936e-03	3.411936e-03
1.700000e+00	1.800000e+00	1.431130e-01	3.436802e-03	3.436802e-03
1.800000e+00	1.900000e+00	1.564834e-01	3.593761e-03	3.593761e-03
1.900000e+00	2.000000e+00	1.603625e-01	3.638031e-03	3.638031e-03
2.000000e+00	2.100000e+00	1.640765e-01	3.679918e-03	3.679918e-03
2.100000e+00	2.200000e+00	1.718346e-01	3.765913e-03	3.765913e-03
2.200000e+00	2.300000e+00	1.794277e-01	3.848219e-03	3.848219e-03
2.300000e+00	2.400000e+00	1.828116e-01	3.884336e-03	3.884336e-03
2.400000e+00	2.500000e+00	1.886715e-01	3.946101e-03	3.946101e-03
2.500000e+00	2.600000e+00	1.946964e-01	4.008612e-03	4.008612e-03
2.600000e+00	2.700000e+00	2.026196e-01	4.089363e-03	4.089363e-03
2.700000e+00	2.800000e+00	2.071590e-01	4.134917e-03	4.134917e-03
2.800000e+00	2.900000e+00	2.121935e-01	4.184861e-03	4.184861e-03
2.900000e+00	3.000000e+00	2.277098e-01	4.335167e-03	4.335167e-03
3.000000e+00	3.100000e+00	2.311762e-01	4.368040e-03	4.368040e-03
3.100000e+00	3.200000e+00	2.350553e-01	4.404534e-03	4.404534e-03
3.200000e+00	3.300000e+00	2.400073e-01	4.450689e-03	4.450689e-03
3.300000e+00	3.400000e+00	2.463623e-01	4.509227e-03	4.509227e-03
3.400000e+00	3.500000e+00	2.469401e-01	4.514512e-03	4.514512e-03
3.500000e+00	3.600000e+00	2.561838e-01	4.598231e-03	4.598231e-03
3.600000e+00	3.700000e+00	2.629516e-01	4.658573e-03	4.658573e-03
3.700000e+00	3.800000e+00	2.619612e-01	4.649791e-03	4.649791e-03
3.800000e+00	3.900000e+00	2.653450e-01	4.679726e-03	4.679726e-03
3.900000e+00	4.000000e+00	2.653450e-01	4.679726e-03	4.679726e-03
4.000000e+00	4.100000e+00	2.669132e-01	4.693534e-03	4.693534e-03
4.100000e+00	4.200000e+00	2.712049e-01	4.731118e-03	4.731118e-03
4.200000e+00	4.300000e+00	2.744237e-01	4.759110e-03	4.759110e-03
4.300000e+00	4.400000e+00	2.650974e-01	4.677542e-03	4.677542e-03
4.400000e+00	4.500000e+00	2.687289e-01	4.709471e-03	4.709471e-03
4.500000e+00	4.600000e+00	2.592376e-01	4.625556e-03	4.625556e-03
4.600000e+00	4.700000e+00	2.639420e-01	4.667338e-03	4.667338e-03
4.700000e+00	4.800000e+00	2.409151e-01	4.459099e-03	4.459099e-03
4.800000e+00	4.900000e+00	2.291954e-01	4.349285e-03	4.349285e-03
4.900000e+00	5.000000e+00	2.214372e-01	4.275042e-03	4.275042e-03
5.000000e+00	5.100000e+00	2.031148e-01	4.094358e-03	4.094358e-03
5.100000e+00	5.200000e+00	1.915601e-01	3.976194e-03	3.976194e-03
5.200000e+00	5.300000e+00	1.706792e-01	3.753231e-03	3.753231e-03
5.300000e+00	5.400000e+00	1.604450e-01	3.638967e-03	3.638967e-03
5.400000e+00	5.500000e+00	1.238002e-01	3.196506e-03	3.196506e-03
5.500000e+00	5.600000e+00	1.127407e-01	3.050390e-03	3.050390e-03
5.600000e+00	5.700000e+00	9.953534e-02	2.866181e-03	2.866181e-03
5.700000e+00	5.800000e+00	8.608238e-02	2.665460e-03	2.665460e-03
5.800000e+00	5.900000e+00	6.767743e-02	2.363398e-03	2.363398e-03
5.900000e+00	6.000000e+00	5.405941e-02	2.112276e-03	2.112276e-03
6.000000e+00	6.100000e+00	4.630126e-02	1.954841e-03	1.954841e-03
6.100000e+00	6.200000e+00	4.044139e-02	1.826956e-03	1.826956e-03
6.200000e+00	6.300000e+00	2.550284e-02	1.450806e-03	1.450806e-03
6.300000e+00	6.400000e+00	2.368710e-02	1.398205e-03	1.398205e-03
6.400000e+00	6.500000e+00	1.873509e-02	1.243492e-03	1.243492e-03
6.500000e+00	6.600000e+00	1.757962e-02	1.204536e-03	1.204536e-03
6.600000e+00	6.700000e+00	1.485602e-02	1.107303e-03	1.107303e-03
6.700000e+00	6.800000e+00	1.262762e-02	1.020882e-03	1.020882e-03
6.800000e+00	6.900000e+00	1.023415e-02	9.190536e-04	9.190536e-04
6.900000e+00	7.000000e+00	8.583478e-03	8.416793e-04	8.416793e-04
7.000000e+00	7.100000e+00	7.675611e-03	7.959237e-04	7.959237e-04
7.100000e+00	7.200000e+00	4.786940e-03	6.285560e-04	6.285560e-04
7.200000e+00	7.300000e+00	5.612274e-03	6.805882e-04	6.805882e-04
7.300000e+00	7.400000e+00	4.209206e-03	5.894067e-04	5.894067e-04
7.400000e+00	7.500000e+00	3.383871e-03	5.284719e-04	5.284719e-04
7.500000e+00	7.600000e+00	2.971204e-03	4.952007e-04	4.952007e-04
7.600000e+00	7.700000e+00	1.980803e-03	4.043297e-04	4.043297e-04
7.700000e+00	7.800000e+00	2.476003e-03	4.520543e-04	4.520543e-04
7.800000e+00	7.900000e+00	1.898269e-03	3.958165e-04	3.958165e-04
7.900000e+00	8.000000e+00	1.238002e-03	3.196506e-04	3.196506e-04
8.000000e+00	8.100000e+00	1.980803e-03	4.043297e-04	4.043297e-04
8.100000e+00	8.200000e+00	1.238002e-03	3.196506e-04	3.196506e-04
8.200000e+00	8.300000e+00	1.155468e-03	3.088119e-04	3.088119e-04
8.300000e+00	8.400000e+00	8.253345e-04	2.609937e-04	2.609937e-04
8.400000e+00	8.500000e+00	4.126672e-04	1.845504e-04	1.845504e-04
8.500000e+00	8.600000e+00	4.126672e-04	1.845504e-04	1.845504e-04
8.600000e+00	8.700000e+00	8.253345e-05	8.253345e-05	8.253345e-05
8.700000e+00	8.800000e+00	3.301338e-04	1.650669e-04	1.650669e-04
8.800000e+00	8.900000e+00	3.301338e-04	1.650669e-04	1.650669e-04
8.900000e+00	9.000000e+00	5.777341e-04	2.183630e-04	2.183630e-04
9.000000e+00	9.100000e+00	2.476003e-04	1.429521e-04	1.429521e-04
9.100000e+00	9.200000e+00	0.000000e+00	0.000000e+00	0.000000e+00
9.200000e+00	9.300000e+00	8.253345e-05	8.253345e-05	8.253345e-05
9.300000e+00	9.400000e+00	0.000000e+00	0.000000e+00	0.000000e+00
9.400000e+00	9.500000e+00	0.000000e+00	0.000000e+00	0.000000e+00
9.500000e+00	9.600000e+00	8.253345e-05	8.253345e-05	8.253345e-05
9.600000e+00	9.700000e+00	8.253345e-05	8.253345e-05	8.253345e-05
9.700000e+00	9.800000e+00	8.253345e-05	8.253345e-05	8.253345e-05
9.800000e+00	9.900000e+00	8.253345e-05	8.253345e-05	8.253345e-05
9.900000e+00	1.000000e+01	8.253345e-05	8.253345e-05	8.253345e-05
1.000000e+01	1.010000e+01	0.000000e+00	0.000000e+00	0.000000e+00
1.010000e+01	1.020000e+01	1.650669e-04	1.167199e-04	1.167199e-04
1.020000e+01	1.030000e+01	0.000000e+00	0.000000e+00	0.000000e+00
1.030000e+01	1.040000e+01	0.000000e+00	0.000000e+00	0.000000e+00
1.040000e+01	1.050000e+01	0.000000e+00	0.000000e+00	0.000000e+00
1.050000e+01	1.060000e+01	0.000000e+00	0.000000e+00	0.000000e+00
1.060000e+01	1.070000e+01	0.000000e+00	0.000000e+00	0.000000e+00
1.070000e+01	1.080000e+01	0.000000e+00	0.000000e+00	0.000000e+00
1.080000e+01	1.090000e+01	0.000000e+00	0.000000e+00	0.000000e+00
1.090000e+01	1.100000e+01	0.000000e+00	0.000000e+00	0.000000e+00
1.100000e+01	1.110000e+01	0.000000e+00	0.000000e+00	0.000000e+00
1.110000e+01	1.120000e+01	0.000000e+00	0.000000e+00	0.000000e+00
1.120000e+01	1.130000e+01	0.000000e+00	0.000000e+00	0.000000e+00
1.130000e+01	1.140000e+01	0.000000e+00	0.000000e+00	0.000000e+00
1.140000e+01	1.150000e+01	0.000000e+00	0.000000e+00	0.000000e+00
1.150000e+01	1.160000e+01	0.000000e+00	0.000000e+00	0.000000e+00
1.160000e+01	1.170000e+01	0.000000e+00	0.000000e+00	0.000000e+00
1.170000e+01	1.180000e+01	0.000000e+00	0.000000e+00	0.000000e+00
1.180000e+01	1.190000e+01	0.000000e+00	0.000000e+00	0.000000e+00
1.190000e+01	1.200000e+01	0.000000e+00	0.000000e+00	0.000000e+00
1.200000e+01	1.210000e+01	0.000000e+00	0.000000e+00	0.000000e+00
1.210000e+01	1.220000e+01	0.000000e+00	0.000000e+00	0.000000e+00
1.220000e+01	1.230000e+01	0.000000e+00	0.000000e+00	0.000000e+00
1.230000e+01	1.240000e+01	0.000000e+00	0.000000e+00	0.000000e+00
1.240000e+01	1.250000e+01	0.000000e+00	0.000000e+00	0.000000e+00
1.250000e+01	1.260000e+01	0.000000e+00	0.000000e+00	0.000000e+00
1.260000e+01	1.270000e+01	0.000000e+00	0.000000e+00	0.000000e+00
1.270000e+01	1.280000e+01	0.000000e+00	0.000000e+00	0.000000e+00
1.280000e+01	1.290000e+01	0.000000e+00	0.000000e+00	0.000000e+00
1.290000e+01	1.300000e+01	0.000000e+00	0.000000e+00	0.000000e+00
1.300000e+01	1.310000e+01	0.000000e+00	0.000000e+00	0.000000e+00
1.310000e+01	1.320000e+01	0.000000e+00	0.000000e+00	0.000000e+00
1.320000e+01	1.330000e+01	0.000000e+00	0.000000e+00	0.000000e+00
1.330000e+01	1.340000e+01	0.000000e+00	0.000000e+00	0.000000e+00
1.340000e+01	1.350000e+01	0.000000e+00	0.000000e+00	0.000000e+00
1.350000e+01	1.360000e+01	0.000000e+00	0.000000e+00	0.000000e+00
1.360000e+01	1.370000e+01	0.000000e+00	0.000000e+00	0.000000e+00
1.370000e+01	1.380000e+01	0.000000e+00	0.000000e+00	0.000000e+00
1.380000e+01	1.390000e+01	0.000000e+00	0.000000e+00	0.000000e+00
1.390000e+01	1.400000e+01	0.000000e+00	0.000000e+00	0.000000e+00
1.400000e+01	1.410000e+01	0.000000e+00	0.000000e+00	0.000000e+00
1.410000e+01	1.420000e+01	0.000000e+00	0.000000e+00	0.000000e+00
1.420000e+01	1.430000e+01	0.000000e+00	0.000000e+00	0.000000e+00
1.430000e+01	1.440000e+01	0.000000e+00	0.000000e+00	0.000000e+00
1.440000e+01	1.450000e+01	0.000000e+00	0.000000e+00	0.000000e+00
1.450000e+01	1.460000e+01	0.000000e+00	0.000000e+00	0.000000e+00
1.460000e+01	1.470000e+01	0.000000e+00	0.000000e+00	0.000000e+00
1.470000e+01	1.480000e+01	0.000000e+00	0.000000e+00	0.000000e+00
1.480000e+01	1.490000e+01	0.000000e+00	0.000000e+00	0.000000e+00
1.490000e+01	1.500000e+01	0.000000e+00	0.000000e+00	0.000000e+00
# END HISTO1D

