# BEGIN PLOT
LegendOnly=//home/frederic/Work/Software/LesHouches2017/lh2017-alphas/rivet-analysis/quark-as013650-parton.yoda/MC_LHJSS_Zjet/log_theta_g_zcut_0.2_beta_0_alpha_1 //home/frederic/Work/Software/LesHouches2017/lh2017-alphas/rivet-analysis/quark-as012285-parton.yoda/MC_LHJSS_Zjet/log_theta_g_zcut_0.2_beta_0_alpha_1 //home/frederic/Work/Software/LesHouches2017/lh2017-alphas/rivet-analysis/quark-as015015-parton.yoda/MC_LHJSS_Zjet/log_theta_g_zcut_0.2_beta_0_alpha_1
DrawOnly=//home/frederic/Work/Software/LesHouches2017/lh2017-alphas/rivet-analysis/quark-as013650-parton.yoda/MC_LHJSS_Zjet/log_theta_g_zcut_0.2_beta_0_alpha_1 //home/frederic/Work/Software/LesHouches2017/lh2017-alphas/rivet-analysis/quark-as012285-parton.yoda/MC_LHJSS_Zjet/log_theta_g_zcut_0.2_beta_0_alpha_1 //home/frederic/Work/Software/LesHouches2017/lh2017-alphas/rivet-analysis/quark-as015015-parton.yoda/MC_LHJSS_Zjet/log_theta_g_zcut_0.2_beta_0_alpha_1
Title=$\theta_g$, $\alpha$ = 1 $z_{cut}$ = 0.2 $\beta$ = 0
RatioPlot=1
LogX=0
LogY=0
RatioPlotYLabel=Ratio
RatioPlotReference=//home/frederic/Work/Software/LesHouches2017/lh2017-alphas/rivet-analysis/quark-as013650-parton.yoda/MC_LHJSS_Zjet/log_theta_g_zcut_0.2_beta_0_alpha_1
XLabel=$\theta_g$
YLabel=$1/\sigma \text{d}\sigma/\text{d}\theta_g$
Legend=1
# END PLOT

# BEGIN HISTO1D //home/frederic/Work/Software/LesHouches2017/lh2017-alphas/rivet-analysis/quark-as013650-parton.yoda/MC_LHJSS_Zjet/log_theta_g_zcut_0.2_beta_0_alpha_1
LineColor=red
LineStyle=solid
NormalizeToSum=1
Path=//home/frederic/Work/Software/LesHouches2017/lh2017-alphas/rivet-analysis/quark-as013650-parton.yoda/MC_LHJSS_Zjet/log_theta_g_zcut_0.2_beta_0_alpha_1
ScaledBy=4.84810875277554230e-06
Title=quark-as013650-parton
XLabel=
YLabel=
# xlow	 xhigh	 val	 errminus	 errplus
0.000000e+00	1.000000e-01	4.751147e-03	4.799383e-04	4.799383e-04
1.000000e-01	2.000000e-01	2.773118e-02	1.159499e-03	1.159499e-03
2.000000e-01	3.000000e-01	8.867191e-02	2.073382e-03	2.073382e-03
3.000000e-01	4.000000e-01	1.144638e-01	2.355702e-03	2.355702e-03
4.000000e-01	5.000000e-01	1.087431e-01	2.296080e-03	2.296080e-03
5.000000e-01	6.000000e-01	1.078219e-01	2.286334e-03	2.286334e-03
6.000000e-01	7.000000e-01	1.059797e-01	2.266718e-03	2.266718e-03
7.000000e-01	8.000000e-01	1.052524e-01	2.258927e-03	2.258927e-03
8.000000e-01	9.000000e-01	9.953167e-02	2.196680e-03	2.196680e-03
9.000000e-01	1.000000e+00	9.764091e-02	2.175716e-03	2.175716e-03
1.000000e+00	1.100000e+00	9.948319e-02	2.196145e-03	2.196145e-03
1.100000e+00	1.200000e+00	9.599255e-02	2.157272e-03	2.157272e-03
1.200000e+00	1.300000e+00	9.696218e-02	2.168140e-03	2.168140e-03
1.300000e+00	1.400000e+00	9.948319e-02	2.196145e-03	2.196145e-03
1.400000e+00	1.500000e+00	9.836813e-02	2.183803e-03	2.183803e-03
1.500000e+00	1.600000e+00	9.667129e-02	2.164885e-03	2.164885e-03
1.600000e+00	1.700000e+00	9.798028e-02	2.179493e-03	2.179493e-03
1.700000e+00	1.800000e+00	9.681673e-02	2.166513e-03	2.166513e-03
1.800000e+00	1.900000e+00	9.575015e-02	2.154547e-03	2.154547e-03
1.900000e+00	2.000000e+00	1.027799e-01	2.232237e-03	2.232237e-03
2.000000e+00	2.100000e+00	1.005013e-01	2.207354e-03	2.207354e-03
2.100000e+00	2.200000e+00	1.019072e-01	2.222740e-03	2.222740e-03
2.200000e+00	2.300000e+00	1.034102e-01	2.239071e-03	2.239071e-03
2.300000e+00	2.400000e+00	1.042343e-01	2.247976e-03	2.247976e-03
2.400000e+00	2.500000e+00	1.037980e-01	2.243265e-03	2.243265e-03
2.500000e+00	2.600000e+00	1.078704e-01	2.286848e-03	2.286848e-03
2.600000e+00	2.700000e+00	1.059797e-01	2.266718e-03	2.266718e-03
2.700000e+00	2.800000e+00	1.094703e-01	2.303745e-03	2.303745e-03
2.800000e+00	2.900000e+00	1.068523e-01	2.276031e-03	2.276031e-03
2.900000e+00	3.000000e+00	1.120883e-01	2.331129e-03	2.331129e-03
3.000000e+00	3.100000e+00	1.122822e-01	2.333144e-03	2.333144e-03
3.100000e+00	3.200000e+00	1.116035e-01	2.326082e-03	2.326082e-03
3.200000e+00	3.300000e+00	1.131549e-01	2.342194e-03	2.342194e-03
3.300000e+00	3.400000e+00	1.184393e-01	2.396261e-03	2.396261e-03
3.400000e+00	3.500000e+00	1.209118e-01	2.421144e-03	2.421144e-03
3.500000e+00	3.600000e+00	1.229480e-01	2.441445e-03	2.441445e-03
3.600000e+00	3.700000e+00	1.226087e-01	2.438073e-03	2.438073e-03
3.700000e+00	3.800000e+00	1.306565e-01	2.516818e-03	2.516818e-03
3.800000e+00	3.900000e+00	1.312383e-01	2.522415e-03	2.522415e-03
3.900000e+00	4.000000e+00	1.380257e-01	2.586819e-03	2.586819e-03
4.000000e+00	4.100000e+00	1.366197e-01	2.573611e-03	2.573611e-03
4.100000e+00	4.200000e+00	1.415648e-01	2.619774e-03	2.619774e-03
4.200000e+00	4.300000e+00	1.499035e-01	2.695828e-03	2.695828e-03
4.300000e+00	4.400000e+00	1.647872e-01	2.826493e-03	2.826493e-03
4.400000e+00	4.500000e+00	1.592119e-01	2.778267e-03	2.778267e-03
4.500000e+00	4.600000e+00	1.744834e-01	2.908461e-03	2.908461e-03
4.600000e+00	4.700000e+00	1.832100e-01	2.980306e-03	2.980306e-03
4.700000e+00	4.800000e+00	1.908700e-01	3.041971e-03	3.041971e-03
4.800000e+00	4.900000e+00	1.990633e-01	3.106575e-03	3.106575e-03
4.900000e+00	5.000000e+00	2.058022e-01	3.158720e-03	3.158720e-03
5.000000e+00	5.100000e+00	2.100201e-01	3.190925e-03	3.190925e-03
5.100000e+00	5.200000e+00	1.951849e-01	3.076162e-03	3.076162e-03
5.200000e+00	5.300000e+00	1.779741e-01	2.937410e-03	2.937410e-03
5.300000e+00	5.400000e+00	1.461705e-01	2.662049e-03	2.662049e-03
5.400000e+00	5.500000e+00	1.099551e-01	2.308840e-03	2.308840e-03
5.500000e+00	5.600000e+00	8.343595e-02	2.011235e-03	2.011235e-03
5.600000e+00	5.700000e+00	6.302541e-02	1.748011e-03	1.748011e-03
5.700000e+00	5.800000e+00	4.562070e-02	1.487192e-03	1.487192e-03
5.800000e+00	5.900000e+00	3.194904e-02	1.244558e-03	1.244558e-03
5.900000e+00	6.000000e+00	2.700397e-02	1.144195e-03	1.144195e-03
6.000000e+00	6.100000e+00	2.036206e-02	9.935667e-04	9.935667e-04
6.100000e+00	6.200000e+00	1.701686e-02	9.082929e-04	9.082929e-04
6.200000e+00	6.300000e+00	1.250812e-02	7.787216e-04	7.787216e-04
6.300000e+00	6.400000e+00	9.890142e-03	6.924484e-04	6.924484e-04
6.400000e+00	6.500000e+00	9.356850e-03	6.735208e-04	6.735208e-04
6.500000e+00	6.600000e+00	7.320644e-03	5.957456e-04	5.957456e-04
6.600000e+00	6.700000e+00	5.720768e-03	5.266394e-04	5.266394e-04
6.700000e+00	6.800000e+00	4.751147e-03	4.799383e-04	4.799383e-04
6.800000e+00	6.900000e+00	3.151271e-03	3.908670e-04	3.908670e-04
6.900000e+00	7.000000e+00	3.490638e-03	4.113756e-04	4.113756e-04
7.000000e+00	7.100000e+00	2.860384e-03	3.723903e-04	3.723903e-04
7.100000e+00	7.200000e+00	2.327092e-03	3.358869e-04	3.358869e-04
7.200000e+00	7.300000e+00	1.745319e-03	2.908865e-04	2.908865e-04
7.300000e+00	7.400000e+00	1.212027e-03	2.424054e-04	2.424054e-04
7.400000e+00	7.500000e+00	1.163546e-03	2.375079e-04	2.375079e-04
7.500000e+00	7.600000e+00	7.756974e-04	1.939243e-04	1.939243e-04
7.600000e+00	7.700000e+00	7.756974e-04	1.939243e-04	1.939243e-04
7.700000e+00	7.800000e+00	6.787352e-04	1.813996e-04	1.813996e-04
7.800000e+00	7.900000e+00	5.817731e-04	1.679434e-04	1.679434e-04
7.900000e+00	8.000000e+00	5.332920e-04	1.607936e-04	1.607936e-04
8.000000e+00	8.100000e+00	3.393676e-04	1.282689e-04	1.282689e-04
8.100000e+00	8.200000e+00	3.393676e-04	1.282689e-04	1.282689e-04
8.200000e+00	8.300000e+00	1.454433e-04	8.397171e-05	8.397171e-05
8.300000e+00	8.400000e+00	4.848109e-05	4.848109e-05	4.848109e-05
8.400000e+00	8.500000e+00	1.454433e-04	8.397171e-05	8.397171e-05
8.500000e+00	8.600000e+00	0.000000e+00	0.000000e+00	0.000000e+00
8.600000e+00	8.700000e+00	9.696218e-05	6.856261e-05	6.856261e-05
8.700000e+00	8.800000e+00	1.939244e-04	9.696217e-05	9.696217e-05
8.800000e+00	8.900000e+00	0.000000e+00	0.000000e+00	0.000000e+00
8.900000e+00	9.000000e+00	9.696218e-05	6.856261e-05	6.856261e-05
9.000000e+00	9.100000e+00	4.848109e-05	4.848109e-05	4.848109e-05
9.100000e+00	9.200000e+00	4.848109e-05	4.848109e-05	4.848109e-05
9.200000e+00	9.300000e+00	0.000000e+00	0.000000e+00	0.000000e+00
9.300000e+00	9.400000e+00	0.000000e+00	0.000000e+00	0.000000e+00
9.400000e+00	9.500000e+00	4.848109e-05	4.848109e-05	4.848109e-05
9.500000e+00	9.600000e+00	0.000000e+00	0.000000e+00	0.000000e+00
9.600000e+00	9.700000e+00	9.696218e-05	6.856261e-05	6.856261e-05
9.700000e+00	9.800000e+00	4.848109e-05	4.848109e-05	4.848109e-05
9.800000e+00	9.900000e+00	0.000000e+00	0.000000e+00	0.000000e+00
9.900000e+00	1.000000e+01	0.000000e+00	0.000000e+00	0.000000e+00
1.000000e+01	1.010000e+01	0.000000e+00	0.000000e+00	0.000000e+00
1.010000e+01	1.020000e+01	0.000000e+00	0.000000e+00	0.000000e+00
1.020000e+01	1.030000e+01	0.000000e+00	0.000000e+00	0.000000e+00
1.030000e+01	1.040000e+01	0.000000e+00	0.000000e+00	0.000000e+00
1.040000e+01	1.050000e+01	0.000000e+00	0.000000e+00	0.000000e+00
1.050000e+01	1.060000e+01	0.000000e+00	0.000000e+00	0.000000e+00
1.060000e+01	1.070000e+01	0.000000e+00	0.000000e+00	0.000000e+00
1.070000e+01	1.080000e+01	0.000000e+00	0.000000e+00	0.000000e+00
1.080000e+01	1.090000e+01	0.000000e+00	0.000000e+00	0.000000e+00
1.090000e+01	1.100000e+01	0.000000e+00	0.000000e+00	0.000000e+00
1.100000e+01	1.110000e+01	0.000000e+00	0.000000e+00	0.000000e+00
1.110000e+01	1.120000e+01	0.000000e+00	0.000000e+00	0.000000e+00
1.120000e+01	1.130000e+01	0.000000e+00	0.000000e+00	0.000000e+00
1.130000e+01	1.140000e+01	0.000000e+00	0.000000e+00	0.000000e+00
1.140000e+01	1.150000e+01	0.000000e+00	0.000000e+00	0.000000e+00
1.150000e+01	1.160000e+01	0.000000e+00	0.000000e+00	0.000000e+00
1.160000e+01	1.170000e+01	0.000000e+00	0.000000e+00	0.000000e+00
1.170000e+01	1.180000e+01	0.000000e+00	0.000000e+00	0.000000e+00
1.180000e+01	1.190000e+01	0.000000e+00	0.000000e+00	0.000000e+00
1.190000e+01	1.200000e+01	0.000000e+00	0.000000e+00	0.000000e+00
1.200000e+01	1.210000e+01	0.000000e+00	0.000000e+00	0.000000e+00
1.210000e+01	1.220000e+01	0.000000e+00	0.000000e+00	0.000000e+00
1.220000e+01	1.230000e+01	0.000000e+00	0.000000e+00	0.000000e+00
1.230000e+01	1.240000e+01	0.000000e+00	0.000000e+00	0.000000e+00
1.240000e+01	1.250000e+01	0.000000e+00	0.000000e+00	0.000000e+00
1.250000e+01	1.260000e+01	0.000000e+00	0.000000e+00	0.000000e+00
1.260000e+01	1.270000e+01	0.000000e+00	0.000000e+00	0.000000e+00
1.270000e+01	1.280000e+01	0.000000e+00	0.000000e+00	0.000000e+00
1.280000e+01	1.290000e+01	0.000000e+00	0.000000e+00	0.000000e+00
1.290000e+01	1.300000e+01	0.000000e+00	0.000000e+00	0.000000e+00
1.300000e+01	1.310000e+01	0.000000e+00	0.000000e+00	0.000000e+00
1.310000e+01	1.320000e+01	0.000000e+00	0.000000e+00	0.000000e+00
1.320000e+01	1.330000e+01	0.000000e+00	0.000000e+00	0.000000e+00
1.330000e+01	1.340000e+01	0.000000e+00	0.000000e+00	0.000000e+00
1.340000e+01	1.350000e+01	0.000000e+00	0.000000e+00	0.000000e+00
1.350000e+01	1.360000e+01	0.000000e+00	0.000000e+00	0.000000e+00
1.360000e+01	1.370000e+01	0.000000e+00	0.000000e+00	0.000000e+00
1.370000e+01	1.380000e+01	0.000000e+00	0.000000e+00	0.000000e+00
1.380000e+01	1.390000e+01	0.000000e+00	0.000000e+00	0.000000e+00
1.390000e+01	1.400000e+01	0.000000e+00	0.000000e+00	0.000000e+00
1.400000e+01	1.410000e+01	0.000000e+00	0.000000e+00	0.000000e+00
1.410000e+01	1.420000e+01	0.000000e+00	0.000000e+00	0.000000e+00
1.420000e+01	1.430000e+01	0.000000e+00	0.000000e+00	0.000000e+00
1.430000e+01	1.440000e+01	0.000000e+00	0.000000e+00	0.000000e+00
1.440000e+01	1.450000e+01	0.000000e+00	0.000000e+00	0.000000e+00
1.450000e+01	1.460000e+01	0.000000e+00	0.000000e+00	0.000000e+00
1.460000e+01	1.470000e+01	0.000000e+00	0.000000e+00	0.000000e+00
1.470000e+01	1.480000e+01	0.000000e+00	0.000000e+00	0.000000e+00
1.480000e+01	1.490000e+01	0.000000e+00	0.000000e+00	0.000000e+00
1.490000e+01	1.500000e+01	0.000000e+00	0.000000e+00	0.000000e+00
# END HISTO1D

# BEGIN HISTO1D //home/frederic/Work/Software/LesHouches2017/lh2017-alphas/rivet-analysis/quark-as012285-parton.yoda/MC_LHJSS_Zjet/log_theta_g_zcut_0.2_beta_0_alpha_1
LineColor=blue
LineStyle=solid
NormalizeToSum=1
Path=//home/frederic/Work/Software/LesHouches2017/lh2017-alphas/rivet-analysis/quark-as012285-parton.yoda/MC_LHJSS_Zjet/log_theta_g_zcut_0.2_beta_0_alpha_1
ScaledBy=1.14905547639840050e-05
Title=quark-as012285-parton
XLabel=
YLabel=
# xlow	 xhigh	 val	 errminus	 errplus
0.000000e+00	1.000000e-01	2.987544e-03	5.859056e-04	5.859056e-04
1.000000e-01	2.000000e-01	2.229168e-02	1.600449e-03	1.600449e-03
2.000000e-01	3.000000e-01	7.951464e-02	3.022693e-03	3.022693e-03
3.000000e-01	4.000000e-01	1.019212e-01	3.422179e-03	3.422179e-03
4.000000e-01	5.000000e-01	1.014616e-01	3.414455e-03	3.414455e-03
5.000000e-01	6.000000e-01	1.008871e-01	3.404773e-03	3.404773e-03
6.000000e-01	7.000000e-01	9.858896e-02	3.365772e-03	3.365772e-03
7.000000e-01	8.000000e-01	9.870387e-02	3.367732e-03	3.367732e-03
8.000000e-01	9.000000e-01	9.089029e-02	3.231687e-03	3.231687e-03
9.000000e-01	1.000000e+00	8.824746e-02	3.184356e-03	3.184356e-03
1.000000e+00	1.100000e+00	8.928161e-02	3.202960e-03	3.202960e-03
1.100000e+00	1.200000e+00	8.836237e-02	3.186429e-03	3.186429e-03
1.200000e+00	1.300000e+00	8.686859e-02	3.159380e-03	3.159380e-03
1.300000e+00	1.400000e+00	9.433745e-02	3.292400e-03	3.292400e-03
1.400000e+00	1.500000e+00	8.215747e-02	3.072515e-03	3.072515e-03
1.500000e+00	1.600000e+00	9.192444e-02	3.250020e-03	3.250020e-03
1.600000e+00	1.700000e+00	9.008595e-02	3.217356e-03	3.217356e-03
1.700000e+00	1.800000e+00	9.422255e-02	3.290394e-03	3.290394e-03
1.800000e+00	1.900000e+00	9.089029e-02	3.231687e-03	3.231687e-03
1.900000e+00	2.000000e+00	9.364802e-02	3.280348e-03	3.280348e-03
2.000000e+00	2.100000e+00	8.847727e-02	3.188500e-03	3.188500e-03
2.100000e+00	2.200000e+00	8.951142e-02	3.207080e-03	3.207080e-03
2.200000e+00	2.300000e+00	9.422255e-02	3.290394e-03	3.290394e-03
2.300000e+00	2.400000e+00	9.939330e-02	3.379473e-03	3.379473e-03
2.400000e+00	2.500000e+00	9.422255e-02	3.290394e-03	3.290394e-03
2.500000e+00	2.600000e+00	9.399274e-02	3.286379e-03	3.286379e-03
2.600000e+00	2.700000e+00	9.261387e-02	3.262185e-03	3.262185e-03
2.700000e+00	2.800000e+00	9.640575e-02	3.328297e-03	3.328297e-03
2.800000e+00	2.900000e+00	8.939652e-02	3.205021e-03	3.205021e-03
2.900000e+00	3.000000e+00	9.652066e-02	3.330279e-03	3.330279e-03
3.000000e+00	3.100000e+00	9.778462e-02	3.352014e-03	3.352014e-03
3.100000e+00	3.200000e+00	1.031852e-01	3.443334e-03	3.443334e-03
3.200000e+00	3.300000e+00	1.085857e-01	3.532294e-03	3.532294e-03
3.300000e+00	3.400000e+00	1.054833e-01	3.481468e-03	3.481468e-03
3.400000e+00	3.500000e+00	1.055982e-01	3.483363e-03	3.483363e-03
3.500000e+00	3.600000e+00	1.069771e-01	3.506032e-03	3.506032e-03
3.600000e+00	3.700000e+00	1.108839e-01	3.569478e-03	3.569478e-03
3.700000e+00	3.800000e+00	1.047939e-01	3.470072e-03	3.470072e-03
3.800000e+00	3.900000e+00	1.134118e-01	3.609936e-03	3.609936e-03
3.900000e+00	4.000000e+00	1.231787e-01	3.762170e-03	3.762170e-03
4.000000e+00	4.100000e+00	1.193869e-01	3.703810e-03	3.703810e-03
4.100000e+00	4.200000e+00	1.289240e-01	3.848908e-03	3.848908e-03
4.200000e+00	4.300000e+00	1.281197e-01	3.836882e-03	3.836882e-03
4.300000e+00	4.400000e+00	1.337501e-01	3.920283e-03	3.920283e-03
4.400000e+00	4.500000e+00	1.399550e-01	4.010187e-03	4.010187e-03
4.500000e+00	4.600000e+00	1.457002e-01	4.091671e-03	4.091671e-03
4.600000e+00	4.700000e+00	1.432872e-01	4.057647e-03	4.057647e-03
4.700000e+00	4.800000e+00	1.551225e-01	4.221899e-03	4.221899e-03
4.800000e+00	4.900000e+00	1.642000e-01	4.343672e-03	4.343672e-03
4.900000e+00	5.000000e+00	1.685664e-01	4.401048e-03	4.401048e-03
5.000000e+00	5.100000e+00	1.568461e-01	4.245289e-03	4.245289e-03
5.100000e+00	5.200000e+00	1.443214e-01	4.072263e-03	4.072263e-03
5.200000e+00	5.300000e+00	1.293836e-01	3.855762e-03	3.855762e-03
5.300000e+00	5.400000e+00	1.118031e-01	3.584243e-03	3.584243e-03
5.400000e+00	5.500000e+00	8.548973e-02	3.134205e-03	3.134205e-03
5.500000e+00	5.600000e+00	6.193409e-02	2.667690e-03	2.667690e-03
5.600000e+00	5.700000e+00	4.205543e-02	2.198273e-03	2.198273e-03
5.700000e+00	5.800000e+00	2.803695e-02	1.794882e-03	1.794882e-03
5.800000e+00	5.900000e+00	2.413017e-02	1.665140e-03	1.665140e-03
5.900000e+00	6.000000e+00	1.654640e-02	1.378867e-03	1.378867e-03
6.000000e+00	6.100000e+00	1.298433e-02	1.221463e-03	1.221463e-03
6.100000e+00	6.200000e+00	1.103093e-02	1.125840e-03	1.125840e-03
6.200000e+00	6.300000e+00	6.779427e-03	8.826063e-04	8.826063e-04
6.300000e+00	6.400000e+00	5.515466e-03	7.960890e-04	7.960890e-04
6.400000e+00	6.500000e+00	4.596222e-03	7.267265e-04	7.267265e-04
6.500000e+00	6.600000e+00	4.021694e-03	6.797904e-04	6.797904e-04
6.600000e+00	6.700000e+00	2.298111e-03	5.138732e-04	5.138732e-04
6.700000e+00	6.800000e+00	2.068300e-03	4.875029e-04	4.875029e-04
6.800000e+00	6.900000e+00	1.723583e-03	4.450273e-04	4.450273e-04
6.900000e+00	7.000000e+00	1.493772e-03	4.142978e-04	4.142978e-04
7.000000e+00	7.100000e+00	1.493772e-03	4.142978e-04	4.142978e-04
7.100000e+00	7.200000e+00	1.723583e-03	4.450273e-04	4.450273e-04
7.200000e+00	7.300000e+00	6.894333e-04	2.814600e-04	2.814600e-04
7.300000e+00	7.400000e+00	8.043388e-04	3.040115e-04	3.040115e-04
7.400000e+00	7.500000e+00	5.745277e-04	2.569366e-04	2.569366e-04
7.500000e+00	7.600000e+00	1.149055e-04	1.149055e-04	1.149055e-04
7.600000e+00	7.700000e+00	1.149055e-04	1.149055e-04	1.149055e-04
7.700000e+00	7.800000e+00	3.447166e-04	1.990222e-04	1.990222e-04
7.800000e+00	7.900000e+00	1.149055e-04	1.149055e-04	1.149055e-04
7.900000e+00	8.000000e+00	5.745277e-04	2.569366e-04	2.569366e-04
8.000000e+00	8.100000e+00	1.149055e-04	1.149055e-04	1.149055e-04
8.100000e+00	8.200000e+00	2.298111e-04	1.625010e-04	1.625010e-04
8.200000e+00	8.300000e+00	1.149055e-04	1.149055e-04	1.149055e-04
8.300000e+00	8.400000e+00	1.149055e-04	1.149055e-04	1.149055e-04
8.400000e+00	8.500000e+00	2.298111e-04	1.625010e-04	1.625010e-04
8.500000e+00	8.600000e+00	2.298111e-04	1.625010e-04	1.625010e-04
8.600000e+00	8.700000e+00	0.000000e+00	0.000000e+00	0.000000e+00
8.700000e+00	8.800000e+00	0.000000e+00	0.000000e+00	0.000000e+00
8.800000e+00	8.900000e+00	0.000000e+00	0.000000e+00	0.000000e+00
8.900000e+00	9.000000e+00	1.149055e-04	1.149055e-04	1.149055e-04
9.000000e+00	9.100000e+00	0.000000e+00	0.000000e+00	0.000000e+00
9.100000e+00	9.200000e+00	1.149055e-04	1.149055e-04	1.149055e-04
9.200000e+00	9.300000e+00	0.000000e+00	0.000000e+00	0.000000e+00
9.300000e+00	9.400000e+00	0.000000e+00	0.000000e+00	0.000000e+00
9.400000e+00	9.500000e+00	0.000000e+00	0.000000e+00	0.000000e+00
9.500000e+00	9.600000e+00	0.000000e+00	0.000000e+00	0.000000e+00
9.600000e+00	9.700000e+00	0.000000e+00	0.000000e+00	0.000000e+00
9.700000e+00	9.800000e+00	1.149055e-04	1.149055e-04	1.149055e-04
9.800000e+00	9.900000e+00	0.000000e+00	0.000000e+00	0.000000e+00
9.900000e+00	1.000000e+01	0.000000e+00	0.000000e+00	0.000000e+00
1.000000e+01	1.010000e+01	0.000000e+00	0.000000e+00	0.000000e+00
1.010000e+01	1.020000e+01	0.000000e+00	0.000000e+00	0.000000e+00
1.020000e+01	1.030000e+01	0.000000e+00	0.000000e+00	0.000000e+00
1.030000e+01	1.040000e+01	0.000000e+00	0.000000e+00	0.000000e+00
1.040000e+01	1.050000e+01	0.000000e+00	0.000000e+00	0.000000e+00
1.050000e+01	1.060000e+01	0.000000e+00	0.000000e+00	0.000000e+00
1.060000e+01	1.070000e+01	0.000000e+00	0.000000e+00	0.000000e+00
1.070000e+01	1.080000e+01	0.000000e+00	0.000000e+00	0.000000e+00
1.080000e+01	1.090000e+01	0.000000e+00	0.000000e+00	0.000000e+00
1.090000e+01	1.100000e+01	0.000000e+00	0.000000e+00	0.000000e+00
1.100000e+01	1.110000e+01	0.000000e+00	0.000000e+00	0.000000e+00
1.110000e+01	1.120000e+01	0.000000e+00	0.000000e+00	0.000000e+00
1.120000e+01	1.130000e+01	0.000000e+00	0.000000e+00	0.000000e+00
1.130000e+01	1.140000e+01	0.000000e+00	0.000000e+00	0.000000e+00
1.140000e+01	1.150000e+01	0.000000e+00	0.000000e+00	0.000000e+00
1.150000e+01	1.160000e+01	0.000000e+00	0.000000e+00	0.000000e+00
1.160000e+01	1.170000e+01	0.000000e+00	0.000000e+00	0.000000e+00
1.170000e+01	1.180000e+01	0.000000e+00	0.000000e+00	0.000000e+00
1.180000e+01	1.190000e+01	0.000000e+00	0.000000e+00	0.000000e+00
1.190000e+01	1.200000e+01	0.000000e+00	0.000000e+00	0.000000e+00
1.200000e+01	1.210000e+01	0.000000e+00	0.000000e+00	0.000000e+00
1.210000e+01	1.220000e+01	0.000000e+00	0.000000e+00	0.000000e+00
1.220000e+01	1.230000e+01	0.000000e+00	0.000000e+00	0.000000e+00
1.230000e+01	1.240000e+01	0.000000e+00	0.000000e+00	0.000000e+00
1.240000e+01	1.250000e+01	0.000000e+00	0.000000e+00	0.000000e+00
1.250000e+01	1.260000e+01	0.000000e+00	0.000000e+00	0.000000e+00
1.260000e+01	1.270000e+01	0.000000e+00	0.000000e+00	0.000000e+00
1.270000e+01	1.280000e+01	0.000000e+00	0.000000e+00	0.000000e+00
1.280000e+01	1.290000e+01	0.000000e+00	0.000000e+00	0.000000e+00
1.290000e+01	1.300000e+01	0.000000e+00	0.000000e+00	0.000000e+00
1.300000e+01	1.310000e+01	0.000000e+00	0.000000e+00	0.000000e+00
1.310000e+01	1.320000e+01	0.000000e+00	0.000000e+00	0.000000e+00
1.320000e+01	1.330000e+01	0.000000e+00	0.000000e+00	0.000000e+00
1.330000e+01	1.340000e+01	0.000000e+00	0.000000e+00	0.000000e+00
1.340000e+01	1.350000e+01	0.000000e+00	0.000000e+00	0.000000e+00
1.350000e+01	1.360000e+01	0.000000e+00	0.000000e+00	0.000000e+00
1.360000e+01	1.370000e+01	0.000000e+00	0.000000e+00	0.000000e+00
1.370000e+01	1.380000e+01	0.000000e+00	0.000000e+00	0.000000e+00
1.380000e+01	1.390000e+01	0.000000e+00	0.000000e+00	0.000000e+00
1.390000e+01	1.400000e+01	0.000000e+00	0.000000e+00	0.000000e+00
1.400000e+01	1.410000e+01	0.000000e+00	0.000000e+00	0.000000e+00
1.410000e+01	1.420000e+01	0.000000e+00	0.000000e+00	0.000000e+00
1.420000e+01	1.430000e+01	0.000000e+00	0.000000e+00	0.000000e+00
1.430000e+01	1.440000e+01	0.000000e+00	0.000000e+00	0.000000e+00
1.440000e+01	1.450000e+01	0.000000e+00	0.000000e+00	0.000000e+00
1.450000e+01	1.460000e+01	0.000000e+00	0.000000e+00	0.000000e+00
1.460000e+01	1.470000e+01	0.000000e+00	0.000000e+00	0.000000e+00
1.470000e+01	1.480000e+01	0.000000e+00	0.000000e+00	0.000000e+00
1.480000e+01	1.490000e+01	0.000000e+00	0.000000e+00	0.000000e+00
1.490000e+01	1.500000e+01	0.000000e+00	0.000000e+00	0.000000e+00
# END HISTO1D

# BEGIN HISTO1D //home/frederic/Work/Software/LesHouches2017/lh2017-alphas/rivet-analysis/quark-as015015-parton.yoda/MC_LHJSS_Zjet/log_theta_g_zcut_0.2_beta_0_alpha_1
LineColor=green
LineStyle=solid
NormalizeToSum=1
Path=//home/frederic/Work/Software/LesHouches2017/lh2017-alphas/rivet-analysis/quark-as015015-parton.yoda/MC_LHJSS_Zjet/log_theta_g_zcut_0.2_beta_0_alpha_1
ScaledBy=8.25334466792667666e-06
Title=quark-as015015-parton
XLabel=
YLabel=
# xlow	 xhigh	 val	 errminus	 errplus
0.000000e+00	1.000000e-01	5.859875e-03	6.954392e-04	6.954392e-04
1.000000e-01	2.000000e-01	3.202298e-02	1.625720e-03	1.625720e-03
2.000000e-01	3.000000e-01	9.813227e-02	2.845908e-03	2.845908e-03
3.000000e-01	4.000000e-01	1.147215e-01	3.077070e-03	3.077070e-03
4.000000e-01	5.000000e-01	1.166198e-01	3.102423e-03	3.102423e-03
5.000000e-01	6.000000e-01	1.133184e-01	3.058196e-03	3.058196e-03
6.000000e-01	7.000000e-01	1.072109e-01	2.974641e-03	2.974641e-03
7.000000e-01	8.000000e-01	1.077887e-01	2.982645e-03	2.982645e-03
8.000000e-01	9.000000e-01	1.086965e-01	2.995180e-03	2.995180e-03
9.000000e-01	1.000000e+00	1.032493e-01	2.919165e-03	2.919165e-03
1.000000e+00	1.100000e+00	1.083664e-01	2.990628e-03	2.990628e-03
1.100000e+00	1.200000e+00	1.016812e-01	2.896912e-03	2.896912e-03
1.200000e+00	1.300000e+00	1.030843e-01	2.916831e-03	2.916831e-03
1.300000e+00	1.400000e+00	1.038271e-01	2.927321e-03	2.927321e-03
1.400000e+00	1.500000e+00	1.082839e-01	2.989489e-03	2.989489e-03
1.500000e+00	1.600000e+00	1.121630e-01	3.042564e-03	3.042564e-03
1.600000e+00	1.700000e+00	1.037445e-01	2.926157e-03	2.926157e-03
1.700000e+00	1.800000e+00	1.124931e-01	3.047038e-03	3.047038e-03
1.800000e+00	1.900000e+00	1.034969e-01	2.922663e-03	2.922663e-03
1.900000e+00	2.000000e+00	1.053127e-01	2.948189e-03	2.948189e-03
2.000000e+00	2.100000e+00	1.052301e-01	2.947034e-03	2.947034e-03
2.100000e+00	2.200000e+00	1.102647e-01	3.016707e-03	3.016707e-03
2.200000e+00	2.300000e+00	1.077061e-01	2.981503e-03	2.981503e-03
2.300000e+00	2.400000e+00	1.160420e-01	3.094729e-03	3.094729e-03
2.400000e+00	2.500000e+00	1.080363e-01	2.986069e-03	2.986069e-03
2.500000e+00	2.600000e+00	1.144739e-01	3.073748e-03	3.073748e-03
2.600000e+00	2.700000e+00	1.195084e-01	3.140612e-03	3.140612e-03
2.700000e+00	2.800000e+00	1.128232e-01	3.051506e-03	3.051506e-03
2.800000e+00	2.900000e+00	1.190958e-01	3.135185e-03	3.135185e-03
2.900000e+00	3.000000e+00	1.230574e-01	3.186903e-03	3.186903e-03
3.000000e+00	3.100000e+00	1.219844e-01	3.172980e-03	3.172980e-03
3.100000e+00	3.200000e+00	1.184355e-01	3.126482e-03	3.126482e-03
3.200000e+00	3.300000e+00	1.261936e-01	3.227259e-03	3.227259e-03
3.300000e+00	3.400000e+00	1.298251e-01	3.273364e-03	3.273364e-03
3.400000e+00	3.500000e+00	1.367579e-01	3.359628e-03	3.359628e-03
3.500000e+00	3.600000e+00	1.356025e-01	3.345406e-03	3.345406e-03
3.600000e+00	3.700000e+00	1.438558e-01	3.445709e-03	3.445709e-03
3.700000e+00	3.800000e+00	1.452589e-01	3.462472e-03	3.462472e-03
3.800000e+00	3.900000e+00	1.518615e-01	3.540291e-03	3.540291e-03
3.900000e+00	4.000000e+00	1.540899e-01	3.566170e-03	3.566170e-03
4.000000e+00	4.100000e+00	1.611878e-01	3.647381e-03	3.647381e-03
4.100000e+00	4.200000e+00	1.775294e-01	3.827809e-03	3.827809e-03
4.200000e+00	4.300000e+00	1.877636e-01	3.936595e-03	3.936595e-03
4.300000e+00	4.400000e+00	2.027021e-01	4.090197e-03	4.090197e-03
4.400000e+00	4.500000e+00	2.100476e-01	4.163646e-03	4.163646e-03
4.500000e+00	4.600000e+00	2.254814e-01	4.313903e-03	4.313903e-03
4.600000e+00	4.700000e+00	2.484257e-01	4.528071e-03	4.528071e-03
4.700000e+00	4.800000e+00	2.654276e-01	4.680454e-03	4.680454e-03
4.800000e+00	4.900000e+00	2.719477e-01	4.737592e-03	4.737592e-03
4.900000e+00	5.000000e+00	2.792107e-01	4.800440e-03	4.800440e-03
5.000000e+00	5.100000e+00	2.721128e-01	4.739030e-03	4.739030e-03
5.100000e+00	5.200000e+00	2.357981e-01	4.411488e-03	4.411488e-03
5.200000e+00	5.300000e+00	1.814910e-01	3.870282e-03	3.870282e-03
5.300000e+00	5.400000e+00	1.371706e-01	3.364693e-03	3.364693e-03
5.400000e+00	5.500000e+00	1.119979e-01	3.040324e-03	3.040324e-03
5.500000e+00	5.600000e+00	8.195571e-02	2.600786e-03	2.600786e-03
5.600000e+00	5.700000e+00	6.173502e-02	2.257256e-03	2.257256e-03
5.700000e+00	5.800000e+00	5.356421e-02	2.102579e-03	2.102579e-03
5.800000e+00	5.900000e+00	4.077152e-02	1.834397e-03	1.834397e-03
5.900000e+00	6.000000e+00	3.573698e-02	1.717410e-03	1.717410e-03
6.000000e+00	6.100000e+00	2.731857e-02	1.501565e-03	1.501565e-03
6.100000e+00	6.200000e+00	2.385217e-02	1.403068e-03	1.403068e-03
6.200000e+00	6.300000e+00	1.956043e-02	1.270586e-03	1.270586e-03
6.300000e+00	6.400000e+00	1.601149e-02	1.149558e-03	1.149558e-03
6.400000e+00	6.500000e+00	1.213242e-02	1.000665e-03	1.000665e-03
6.500000e+00	6.600000e+00	9.656413e-03	8.927357e-04	8.927357e-04
6.600000e+00	6.700000e+00	9.904014e-03	9.041086e-04	9.041086e-04
6.700000e+00	6.800000e+00	7.510544e-03	7.873189e-04	7.873189e-04
6.800000e+00	6.900000e+00	5.282141e-03	6.602676e-04	6.602676e-04
6.900000e+00	7.000000e+00	4.952007e-03	6.393013e-04	6.393013e-04
7.000000e+00	7.100000e+00	3.631472e-03	5.474650e-04	5.474650e-04
7.100000e+00	7.200000e+00	3.136271e-03	5.087704e-04	5.087704e-04
7.200000e+00	7.300000e+00	2.476003e-03	4.520543e-04	4.520543e-04
7.300000e+00	7.400000e+00	1.733202e-03	3.782158e-04	3.782158e-04
7.400000e+00	7.500000e+00	2.476003e-03	4.520543e-04	4.520543e-04
7.500000e+00	7.600000e+00	1.733202e-03	3.782158e-04	3.782158e-04
7.600000e+00	7.700000e+00	1.403069e-03	3.402941e-04	3.402941e-04
7.700000e+00	7.800000e+00	1.155468e-03	3.088119e-04	3.088119e-04
7.800000e+00	7.900000e+00	1.072935e-03	2.975786e-04	2.975786e-04
7.900000e+00	8.000000e+00	9.078679e-04	2.737325e-04	2.737325e-04
8.000000e+00	8.100000e+00	7.428010e-04	2.476003e-04	2.476003e-04
8.100000e+00	8.200000e+00	3.301338e-04	1.650669e-04	1.650669e-04
8.200000e+00	8.300000e+00	6.602676e-04	2.334398e-04	2.334398e-04
8.300000e+00	8.400000e+00	4.952007e-04	2.021648e-04	2.021648e-04
8.400000e+00	8.500000e+00	1.650669e-04	1.167199e-04	1.167199e-04
8.500000e+00	8.600000e+00	8.253345e-05	8.253345e-05	8.253345e-05
8.600000e+00	8.700000e+00	2.476003e-04	1.429521e-04	1.429521e-04
8.700000e+00	8.800000e+00	1.650669e-04	1.167199e-04	1.167199e-04
8.800000e+00	8.900000e+00	1.650669e-04	1.167199e-04	1.167199e-04
8.900000e+00	9.000000e+00	1.650669e-04	1.167199e-04	1.167199e-04
9.000000e+00	9.100000e+00	1.650669e-04	1.167199e-04	1.167199e-04
9.100000e+00	9.200000e+00	8.253345e-05	8.253345e-05	8.253345e-05
9.200000e+00	9.300000e+00	0.000000e+00	0.000000e+00	0.000000e+00
9.300000e+00	9.400000e+00	0.000000e+00	0.000000e+00	0.000000e+00
9.400000e+00	9.500000e+00	0.000000e+00	0.000000e+00	0.000000e+00
9.500000e+00	9.600000e+00	0.000000e+00	0.000000e+00	0.000000e+00
9.600000e+00	9.700000e+00	0.000000e+00	0.000000e+00	0.000000e+00
9.700000e+00	9.800000e+00	0.000000e+00	0.000000e+00	0.000000e+00
9.800000e+00	9.900000e+00	0.000000e+00	0.000000e+00	0.000000e+00
9.900000e+00	1.000000e+01	0.000000e+00	0.000000e+00	0.000000e+00
1.000000e+01	1.010000e+01	0.000000e+00	0.000000e+00	0.000000e+00
1.010000e+01	1.020000e+01	0.000000e+00	0.000000e+00	0.000000e+00
1.020000e+01	1.030000e+01	0.000000e+00	0.000000e+00	0.000000e+00
1.030000e+01	1.040000e+01	0.000000e+00	0.000000e+00	0.000000e+00
1.040000e+01	1.050000e+01	0.000000e+00	0.000000e+00	0.000000e+00
1.050000e+01	1.060000e+01	0.000000e+00	0.000000e+00	0.000000e+00
1.060000e+01	1.070000e+01	0.000000e+00	0.000000e+00	0.000000e+00
1.070000e+01	1.080000e+01	0.000000e+00	0.000000e+00	0.000000e+00
1.080000e+01	1.090000e+01	0.000000e+00	0.000000e+00	0.000000e+00
1.090000e+01	1.100000e+01	0.000000e+00	0.000000e+00	0.000000e+00
1.100000e+01	1.110000e+01	0.000000e+00	0.000000e+00	0.000000e+00
1.110000e+01	1.120000e+01	0.000000e+00	0.000000e+00	0.000000e+00
1.120000e+01	1.130000e+01	0.000000e+00	0.000000e+00	0.000000e+00
1.130000e+01	1.140000e+01	0.000000e+00	0.000000e+00	0.000000e+00
1.140000e+01	1.150000e+01	0.000000e+00	0.000000e+00	0.000000e+00
1.150000e+01	1.160000e+01	0.000000e+00	0.000000e+00	0.000000e+00
1.160000e+01	1.170000e+01	0.000000e+00	0.000000e+00	0.000000e+00
1.170000e+01	1.180000e+01	0.000000e+00	0.000000e+00	0.000000e+00
1.180000e+01	1.190000e+01	0.000000e+00	0.000000e+00	0.000000e+00
1.190000e+01	1.200000e+01	0.000000e+00	0.000000e+00	0.000000e+00
1.200000e+01	1.210000e+01	0.000000e+00	0.000000e+00	0.000000e+00
1.210000e+01	1.220000e+01	0.000000e+00	0.000000e+00	0.000000e+00
1.220000e+01	1.230000e+01	0.000000e+00	0.000000e+00	0.000000e+00
1.230000e+01	1.240000e+01	0.000000e+00	0.000000e+00	0.000000e+00
1.240000e+01	1.250000e+01	0.000000e+00	0.000000e+00	0.000000e+00
1.250000e+01	1.260000e+01	0.000000e+00	0.000000e+00	0.000000e+00
1.260000e+01	1.270000e+01	0.000000e+00	0.000000e+00	0.000000e+00
1.270000e+01	1.280000e+01	0.000000e+00	0.000000e+00	0.000000e+00
1.280000e+01	1.290000e+01	0.000000e+00	0.000000e+00	0.000000e+00
1.290000e+01	1.300000e+01	0.000000e+00	0.000000e+00	0.000000e+00
1.300000e+01	1.310000e+01	0.000000e+00	0.000000e+00	0.000000e+00
1.310000e+01	1.320000e+01	0.000000e+00	0.000000e+00	0.000000e+00
1.320000e+01	1.330000e+01	0.000000e+00	0.000000e+00	0.000000e+00
1.330000e+01	1.340000e+01	0.000000e+00	0.000000e+00	0.000000e+00
1.340000e+01	1.350000e+01	0.000000e+00	0.000000e+00	0.000000e+00
1.350000e+01	1.360000e+01	0.000000e+00	0.000000e+00	0.000000e+00
1.360000e+01	1.370000e+01	0.000000e+00	0.000000e+00	0.000000e+00
1.370000e+01	1.380000e+01	0.000000e+00	0.000000e+00	0.000000e+00
1.380000e+01	1.390000e+01	0.000000e+00	0.000000e+00	0.000000e+00
1.390000e+01	1.400000e+01	0.000000e+00	0.000000e+00	0.000000e+00
1.400000e+01	1.410000e+01	0.000000e+00	0.000000e+00	0.000000e+00
1.410000e+01	1.420000e+01	0.000000e+00	0.000000e+00	0.000000e+00
1.420000e+01	1.430000e+01	0.000000e+00	0.000000e+00	0.000000e+00
1.430000e+01	1.440000e+01	0.000000e+00	0.000000e+00	0.000000e+00
1.440000e+01	1.450000e+01	0.000000e+00	0.000000e+00	0.000000e+00
1.450000e+01	1.460000e+01	0.000000e+00	0.000000e+00	0.000000e+00
1.460000e+01	1.470000e+01	0.000000e+00	0.000000e+00	0.000000e+00
1.470000e+01	1.480000e+01	0.000000e+00	0.000000e+00	0.000000e+00
1.480000e+01	1.490000e+01	0.000000e+00	0.000000e+00	0.000000e+00
1.490000e+01	1.500000e+01	0.000000e+00	0.000000e+00	0.000000e+00
# END HISTO1D

