# BEGIN PLOT
RatioPlotYLabel=Ratio
LegendOnly=//home/frederic/Work/Software/LesHouches2017/lh2017-alphas/pythia-alphas/robustness/eff-as013650-quark.yoda/MC_LHJSS_Zjet/Angularity_zcut_0.05_beta_1_alpha_1 //home/frederic/Work/Software/LesHouches2017/lh2017-alphas/pythia-alphas/robustness/eff-as013650-gluon.yoda/MC_LHJSS_Zjet/Angularity_zcut_0.05_beta_1_alpha_1
XLabel=$e_\alpha$
RatioPlotReference=//home/frederic/Work/Software/LesHouches2017/lh2017-alphas/pythia-alphas/robustness/eff-as013650-quark.yoda/MC_LHJSS_Zjet/Angularity_zcut_0.05_beta_1_alpha_1
YLabel=$1/\sigma \text{d}\sigma/\text{d}e_{\alpha}$
DrawOnly=//home/frederic/Work/Software/LesHouches2017/lh2017-alphas/pythia-alphas/robustness/eff-as013650-quark.yoda/MC_LHJSS_Zjet/Angularity_zcut_0.05_beta_1_alpha_1 //home/frederic/Work/Software/LesHouches2017/lh2017-alphas/pythia-alphas/robustness/eff-as013650-gluon.yoda/MC_LHJSS_Zjet/Angularity_zcut_0.05_beta_1_alpha_1
RatioPlot=1
Title=Angularity, $\alpha$ = 1 $z_{cut}$ = 0.05 $\beta$ = 1
Legend=1
LogY=0
# END PLOT

# BEGIN HISTO1D //home/frederic/Work/Software/LesHouches2017/lh2017-alphas/pythia-alphas/robustness/eff-as013650-quark.yoda/MC_LHJSS_Zjet/Angularity_zcut_0.05_beta_1_alpha_1
LineColor=red
LineStyle=solid
NormalizeToSum=1
Path=//home/frederic/Work/Software/LesHouches2017/lh2017-alphas/pythia-alphas/robustness/eff-as013650-quark.yoda/MC_LHJSS_Zjet/Angularity_zcut_0.05_beta_1_alpha_1
ScaledBy=1.0
Title=eff-as013650-quark
XLabel=
YLabel=
# xlow	 xhigh	 val	 errminus	 errplus
0.000000e+00	1.000000e-02	1.132082e+00	1.668575e-01	1.668575e-01
1.000000e-02	2.000000e-02	3.239638e-01	9.117821e-02	9.117821e-02
2.000000e-02	3.000000e-02	5.664643e-02	3.830117e-02	3.830117e-02
3.000000e-02	4.000000e-02	1.695513e-02	2.097694e-02	2.097694e-02
4.000000e-02	5.000000e-02	3.374235e-03	9.363535e-03	9.363535e-03
5.000000e-02	6.000000e-02	9.146762e-04	4.875818e-03	4.875818e-03
6.000000e-02	7.000000e-02	9.584449e-03	1.577107e-02	1.577107e-02
7.000000e-02	8.000000e-02	1.314136e-02	1.845809e-02	1.845809e-02
8.000000e-02	9.000000e-02	9.624858e-05	1.581746e-03	1.581746e-03
9.000000e-02	1.000000e-01	7.489400e-04	4.411820e-03	4.411820e-03
1.000000e-01	1.100000e-01	3.287288e-03	9.238443e-03	9.238443e-03
1.100000e-01	1.200000e-01	6.825802e-04	4.211769e-03	4.211769e-03
1.200000e-01	1.300000e-01	3.830311e-03	9.969376e-03	9.969376e-03
1.300000e-01	1.400000e-01	1.118162e-02	1.700671e-02	1.700671e-02
1.400000e-01	1.500000e-01	1.766899e-05	6.777176e-04	6.777176e-04
1.500000e-01	1.600000e-01	2.914783e-04	2.752394e-03	2.752394e-03
1.600000e-01	1.700000e-01	1.861466e-03	6.952046e-03	6.952046e-03
1.700000e-01	1.800000e-01	3.922460e-03	1.008428e-02	1.008428e-02
1.800000e-01	1.900000e-01	2.750000e-04	2.673397e-03	2.673397e-03
1.900000e-01	2.000000e-01	3.742652e-02	3.078007e-02	3.078007e-02
2.000000e-01	2.100000e-01	3.581836e-04	3.050848e-03	3.050848e-03
2.100000e-01	2.200000e-01	1.291862e-02	1.816929e-02	1.816929e-02
2.200000e-01	2.300000e-01	7.212418e-03	1.362228e-02	1.362228e-02
2.300000e-01	2.400000e-01	9.841928e-06	5.058043e-04	5.058043e-04
2.400000e-01	2.500000e-01	1.078356e-04	1.674138e-03	1.674138e-03
2.500000e-01	2.600000e-01	4.983369e-03	1.133026e-02	1.133026e-02
2.600000e-01	2.700000e-01	2.298199e-02	2.376977e-02	2.376977e-02
2.700000e-01	2.800000e-01	3.976860e-04	3.214027e-03	3.214027e-03
2.800000e-01	2.900000e-01	6.525046e-04	4.115738e-03	4.115738e-03
2.900000e-01	3.000000e-01	9.585497e-05	1.578371e-03	1.578371e-03
3.000000e-01	3.100000e-01	7.876756e-03	1.414709e-02	1.414709e-02
3.100000e-01	3.200000e-01	2.746662e-03	8.423964e-03	8.423964e-03
3.200000e-01	3.300000e-01	4.704601e-03	1.096096e-02	1.096096e-02
3.300000e-01	3.400000e-01	7.634986e-05	1.408626e-03	1.408626e-03
3.400000e-01	3.500000e-01	8.196515e-03	1.443320e-02	1.443320e-02
3.500000e-01	3.600000e-01	1.694845e-06	2.098983e-04	2.098983e-04
3.600000e-01	3.700000e-01	7.488596e-04	4.406490e-03	4.406490e-03
3.700000e-01	3.800000e-01	2.525919e-02	2.474358e-02	2.474358e-02
3.800000e-01	3.900000e-01	1.199322e-02	1.686585e-02	1.686585e-02
3.900000e-01	4.000000e-01	3.806499e-04	3.142598e-03	3.142598e-03
4.000000e-01	4.100000e-01	1.163902e-03	5.483876e-03	5.483876e-03
4.100000e-01	4.200000e-01	1.290404e-02	1.708490e-02	1.708490e-02
4.200000e-01	4.300000e-01	1.580542e-02	1.956013e-02	1.956013e-02
4.300000e-01	4.400000e-01	1.622534e-03	6.461010e-03	6.461010e-03
4.400000e-01	4.500000e-01	3.118485e-03	8.911879e-03	8.911879e-03
4.500000e-01	4.600000e-01	1.155529e-03	5.455683e-03	5.455683e-03
4.600000e-01	4.700000e-01	5.707271e-03	1.188082e-02	1.188082e-02
4.700000e-01	4.800000e-01	9.811134e-03	1.541507e-02	1.541507e-02
4.800000e-01	4.900000e-01	2.367155e-03	7.741933e-03	7.741933e-03
4.900000e-01	5.000000e-01	3.394455e-03	9.213513e-03	9.213513e-03
5.000000e-01	5.100000e-01	1.143356e-03	5.401062e-03	5.401062e-03
5.100000e-01	5.200000e-01	1.717637e-03	6.586599e-03	6.586599e-03
5.200000e-01	5.300000e-01	1.357470e-02	1.813996e-03	1.813996e-03
5.300000e-01	5.400000e-01	7.554736e-04	4.376269e-03	4.376269e-03
5.400000e-01	5.500000e-01	5.332920e-03	1.136982e-03	1.136982e-03
5.500000e-01	5.600000e-01	7.999380e-03	1.392513e-03	1.392513e-03
5.600000e-01	5.700000e-01	5.817730e-03	1.187539e-03	1.187539e-03
5.700000e-01	5.800000e-01	4.605703e-03	1.056621e-03	1.056621e-03
5.800000e-01	5.900000e-01	2.024049e-02	1.775825e-02	1.775825e-02
5.900000e-01	6.000000e-01	3.393676e-03	9.069981e-04	9.069981e-04
6.000000e-01	6.100000e-01	4.737058e-03	1.006690e-02	1.006690e-02
6.100000e-01	6.200000e-01	2.908865e-03	8.397171e-04	8.397171e-04
6.200000e-01	6.300000e-01	1.696838e-03	6.413445e-04	6.413445e-04
6.300000e-01	6.400000e-01	9.696220e-04	4.848109e-04	4.848109e-04
6.400000e-01	6.500000e-01	1.454432e-03	5.937697e-04	5.937697e-04
6.500000e-01	6.600000e-01	1.454432e-03	5.937697e-04	5.937697e-04
6.600000e-01	6.700000e-01	1.212027e-03	5.420351e-04	5.420351e-04
6.700000e-01	6.800000e-01	2.666460e-03	8.039678e-04	8.039678e-04
6.800000e-01	6.900000e-01	9.696220e-04	4.848109e-04	4.848109e-04
6.900000e-01	7.000000e-01	9.696220e-04	4.848109e-04	4.848109e-04
7.000000e-01	7.100000e-01	7.272165e-04	4.198585e-04	4.198585e-04
7.100000e-01	7.200000e-01	7.272165e-04	4.198585e-04	4.198585e-04
7.200000e-01	7.300000e-01	4.848109e-04	3.428131e-04	3.428131e-04
7.300000e-01	7.400000e-01	7.272165e-04	4.198585e-04	4.198585e-04
7.400000e-01	7.500000e-01	0.000000e+00	0.000000e+00	0.000000e+00
7.500000e-01	7.600000e-01	2.424054e-04	2.424054e-04	2.424054e-04
7.600000e-01	7.700000e-01	0.000000e+00	0.000000e+00	0.000000e+00
7.700000e-01	7.800000e-01	0.000000e+00	0.000000e+00	0.000000e+00
7.800000e-01	7.900000e-01	0.000000e+00	0.000000e+00	0.000000e+00
7.900000e-01	8.000000e-01	0.000000e+00	0.000000e+00	0.000000e+00
8.000000e-01	8.100000e-01	0.000000e+00	0.000000e+00	0.000000e+00
8.100000e-01	8.200000e-01	0.000000e+00	0.000000e+00	0.000000e+00
8.200000e-01	8.300000e-01	0.000000e+00	0.000000e+00	0.000000e+00
8.300000e-01	8.400000e-01	0.000000e+00	0.000000e+00	0.000000e+00
8.400000e-01	8.500000e-01	0.000000e+00	0.000000e+00	0.000000e+00
8.500000e-01	8.600000e-01	0.000000e+00	0.000000e+00	0.000000e+00
8.600000e-01	8.700000e-01	0.000000e+00	0.000000e+00	0.000000e+00
8.700000e-01	8.800000e-01	0.000000e+00	0.000000e+00	0.000000e+00
8.800000e-01	8.900000e-01	0.000000e+00	0.000000e+00	0.000000e+00
8.900000e-01	9.000000e-01	0.000000e+00	0.000000e+00	0.000000e+00
9.000000e-01	9.100000e-01	0.000000e+00	0.000000e+00	0.000000e+00
9.100000e-01	9.200000e-01	0.000000e+00	0.000000e+00	0.000000e+00
9.200000e-01	9.300000e-01	0.000000e+00	0.000000e+00	0.000000e+00
9.300000e-01	9.400000e-01	0.000000e+00	0.000000e+00	0.000000e+00
9.400000e-01	9.500000e-01	0.000000e+00	0.000000e+00	0.000000e+00
9.500000e-01	9.600000e-01	0.000000e+00	0.000000e+00	0.000000e+00
9.600000e-01	9.700000e-01	0.000000e+00	0.000000e+00	0.000000e+00
9.700000e-01	9.800000e-01	0.000000e+00	0.000000e+00	0.000000e+00
9.800000e-01	9.900000e-01	0.000000e+00	0.000000e+00	0.000000e+00
9.900000e-01	1.000000e+00	0.000000e+00	0.000000e+00	0.000000e+00
# END HISTO1D

# BEGIN HISTO1D //home/frederic/Work/Software/LesHouches2017/lh2017-alphas/pythia-alphas/robustness/eff-as013650-gluon.yoda/MC_LHJSS_Zjet/Angularity_zcut_0.05_beta_1_alpha_1
LineColor=blue
LineStyle=solid
NormalizeToSum=1
Path=//home/frederic/Work/Software/LesHouches2017/lh2017-alphas/pythia-alphas/robustness/eff-as013650-gluon.yoda/MC_LHJSS_Zjet/Angularity_zcut_0.05_beta_1_alpha_1
ScaledBy=1.0
Title=eff-as013650-gluon
XLabel=
YLabel=
# xlow	 xhigh	 val	 errminus	 errplus
0.000000e+00	1.000000e-02	6.070678e-01	5.636352e-02	5.636352e-02
1.000000e-02	2.000000e-02	3.262411e-01	5.103017e-02	5.103017e-02
2.000000e-02	3.000000e-02	1.720304e-09	3.801294e-06	3.801294e-06
3.000000e-02	4.000000e-02	4.755300e-03	6.318501e-03	6.318501e-03
4.000000e-02	5.000000e-02	1.729299e-03	3.810864e-03	3.810864e-03
5.000000e-02	6.000000e-02	2.151389e-03	4.250439e-03	4.250439e-03
6.000000e-02	7.000000e-02	6.762644e-04	2.383243e-03	2.383243e-03
7.000000e-02	8.000000e-02	3.046847e-03	5.057784e-03	5.057784e-03
8.000000e-02	9.000000e-02	3.606617e-03	5.502497e-03	5.502497e-03
9.000000e-02	1.000000e-01	1.252253e-06	1.025593e-04	1.025593e-04
1.000000e-01	1.100000e-01	1.370843e-03	3.392838e-03	3.392838e-03
1.100000e-01	1.200000e-01	7.613328e-03	7.990461e-03	7.990461e-03
1.200000e-01	1.300000e-01	5.102752e-03	6.543161e-03	6.543161e-03
1.300000e-01	1.400000e-01	1.141886e-02	9.779859e-03	9.779859e-03
1.400000e-01	1.500000e-01	1.001366e-03	2.899778e-03	2.899778e-03
1.500000e-01	1.600000e-01	2.680456e-03	4.743092e-03	4.743092e-03
1.600000e-01	1.700000e-01	4.825614e-03	6.361441e-03	6.361441e-03
1.700000e-01	1.800000e-01	2.801490e-03	4.848447e-03	4.848447e-03
1.800000e-01	1.900000e-01	1.970278e-03	4.066515e-03	4.066515e-03
1.900000e-01	2.000000e-01	7.117571e-04	2.444700e-03	2.444700e-03
2.000000e-01	2.100000e-01	7.231988e-03	7.780717e-03	7.780717e-03
2.100000e-01	2.200000e-01	9.054516e-08	2.757792e-05	2.757792e-05
2.200000e-01	2.300000e-01	3.895351e-03	5.714024e-03	5.714024e-03
2.300000e-01	2.400000e-01	2.371583e-04	1.411283e-03	1.411283e-03
2.400000e-01	2.500000e-01	5.169363e-03	6.577505e-03	6.577505e-03
2.500000e-01	2.600000e-01	8.256961e-06	2.633526e-04	2.633526e-04
2.600000e-01	2.700000e-01	2.247818e-03	4.341094e-03	4.341094e-03
2.700000e-01	2.800000e-01	3.389904e-04	1.687174e-03	1.687174e-03
2.800000e-01	2.900000e-01	4.503917e-03	6.138867e-03	6.138867e-03
2.900000e-01	3.000000e-01	2.096641e-02	1.313763e-02	1.313763e-02
3.000000e-01	3.100000e-01	1.517661e-04	1.128963e-03	1.128963e-03
3.100000e-01	3.200000e-01	5.631341e-04	2.174161e-03	2.174161e-03
3.200000e-01	3.300000e-01	1.265726e-04	1.031004e-03	1.031004e-03
3.300000e-01	3.400000e-01	1.013776e-02	9.163842e-03	9.163842e-03
3.400000e-01	3.500000e-01	3.489096e-05	5.413439e-04	5.413439e-04
3.500000e-01	3.600000e-01	5.535071e-03	6.786046e-03	6.786046e-03
3.600000e-01	3.700000e-01	1.148262e-03	3.102299e-03	3.102299e-03
3.700000e-01	3.800000e-01	8.779888e-04	2.713135e-03	2.713135e-03
3.800000e-01	3.900000e-01	3.233310e-05	5.211178e-04	5.211178e-04
3.900000e-01	4.000000e-01	4.566107e-04	1.957302e-03	1.957302e-03
4.000000e-01	4.100000e-01	1.778951e-03	3.856628e-03	3.856628e-03
4.100000e-01	4.200000e-01	6.417224e-03	7.280248e-03	7.280248e-03
4.200000e-01	4.300000e-01	4.120190e-04	1.859067e-03	1.859067e-03
4.300000e-01	4.400000e-01	4.649262e-05	6.248585e-04	6.248585e-04
4.400000e-01	4.500000e-01	4.198873e-03	5.886969e-03	5.886969e-03
4.500000e-01	4.600000e-01	1.536979e-03	3.580773e-03	3.580773e-03
4.600000e-01	4.700000e-01	3.112787e-05	5.112857e-04	5.112857e-04
4.700000e-01	4.800000e-01	3.429194e-03	5.301406e-03	5.301406e-03
4.800000e-01	4.900000e-01	6.446394e-03	7.172866e-03	7.172866e-03
4.900000e-01	5.000000e-01	3.080159e-05	5.085888e-04	5.085888e-04
5.000000e-01	5.100000e-01	3.804691e-03	5.569489e-03	5.569489e-03
5.100000e-01	5.200000e-01	5.183101e-04	2.078687e-03	2.078687e-03
5.200000e-01	5.300000e-01	5.701538e-04	2.181867e-03	2.181867e-03
5.300000e-01	5.400000e-01	4.522414e-05	6.161395e-04	6.161395e-04
5.400000e-01	5.500000e-01	1.902347e-03	3.938225e-03	3.938225e-03
5.500000e-01	5.600000e-01	1.586326e-03	3.598986e-03	3.598986e-03
5.600000e-01	5.700000e-01	3.118819e-03	4.599873e-03	4.599873e-03
5.700000e-01	5.800000e-01	2.155574e-06	1.345531e-04	1.345531e-04
5.800000e-01	5.900000e-01	3.239450e-04	1.643349e-03	1.643349e-03
5.900000e-01	6.000000e-01	7.645553e-03	7.364235e-03	7.364235e-03
6.000000e-01	6.100000e-01	2.423651e-05	4.508908e-04	4.508908e-04
6.100000e-01	6.200000e-01	3.322006e-04	1.653586e-03	1.653586e-03
6.200000e-01	6.300000e-01	6.478879e-05	7.349270e-04	7.349270e-04
6.300000e-01	6.400000e-01	2.847299e-03	1.423650e-03	1.423650e-03
6.400000e-01	6.500000e-01	7.118250e-03	2.250988e-03	2.250988e-03
6.500000e-01	6.600000e-01	7.118250e-04	7.118248e-04	7.118248e-04
6.600000e-01	6.700000e-01	5.104097e-03	5.035576e-03	5.035576e-03
6.700000e-01	6.800000e-01	2.135474e-03	1.232917e-03	1.232917e-03
6.800000e-01	6.900000e-01	2.847300e-03	1.423650e-03	1.423650e-03
6.900000e-01	7.000000e-01	5.104097e-03	5.035576e-03	5.035576e-03
7.000000e-01	7.100000e-01	3.487966e-03	3.487966e-03	3.487966e-03
7.100000e-01	7.200000e-01	5.104097e-03	5.035576e-03	5.035576e-03
7.200000e-01	7.300000e-01	5.104097e-03	5.035576e-03	5.035576e-03
7.300000e-01	7.400000e-01	2.135474e-03	1.232917e-03	1.232917e-03
7.400000e-01	7.500000e-01	7.118250e-04	7.118248e-04	7.118248e-04
7.500000e-01	7.600000e-01	0.000000e+00	0.000000e+00	0.000000e+00
7.600000e-01	7.700000e-01	1.835082e-03	3.331418e-03	3.331418e-03
7.700000e-01	7.800000e-01	0.000000e+00	0.000000e+00	0.000000e+00
7.800000e-01	7.900000e-01	0.000000e+00	0.000000e+00	0.000000e+00
7.900000e-01	8.000000e-01	0.000000e+00	0.000000e+00	0.000000e+00
8.000000e-01	8.100000e-01	0.000000e+00	0.000000e+00	0.000000e+00
8.100000e-01	8.200000e-01	0.000000e+00	0.000000e+00	0.000000e+00
8.200000e-01	8.300000e-01	0.000000e+00	0.000000e+00	0.000000e+00
8.300000e-01	8.400000e-01	0.000000e+00	0.000000e+00	0.000000e+00
8.400000e-01	8.500000e-01	0.000000e+00	0.000000e+00	0.000000e+00
8.500000e-01	8.600000e-01	0.000000e+00	0.000000e+00	0.000000e+00
8.600000e-01	8.700000e-01	0.000000e+00	0.000000e+00	0.000000e+00
8.700000e-01	8.800000e-01	0.000000e+00	0.000000e+00	0.000000e+00
8.800000e-01	8.900000e-01	0.000000e+00	0.000000e+00	0.000000e+00
8.900000e-01	9.000000e-01	0.000000e+00	0.000000e+00	0.000000e+00
9.000000e-01	9.100000e-01	0.000000e+00	0.000000e+00	0.000000e+00
9.100000e-01	9.200000e-01	0.000000e+00	0.000000e+00	0.000000e+00
9.200000e-01	9.300000e-01	0.000000e+00	0.000000e+00	0.000000e+00
9.300000e-01	9.400000e-01	0.000000e+00	0.000000e+00	0.000000e+00
9.400000e-01	9.500000e-01	0.000000e+00	0.000000e+00	0.000000e+00
9.500000e-01	9.600000e-01	0.000000e+00	0.000000e+00	0.000000e+00
9.600000e-01	9.700000e-01	0.000000e+00	0.000000e+00	0.000000e+00
9.700000e-01	9.800000e-01	0.000000e+00	0.000000e+00	0.000000e+00
9.800000e-01	9.900000e-01	0.000000e+00	0.000000e+00	0.000000e+00
9.900000e-01	1.000000e+00	0.000000e+00	0.000000e+00	0.000000e+00
# END HISTO1D

