# BEGIN PLOT
RatioPlotYLabel=Ratio
LegendOnly=//home/frederic/Work/Software/LesHouches2017/lh2017-alphas/pythia-alphas/robustness/eff-as013650-quark.yoda/MC_LHJSS_Zjet/Angularity_zcut_0.1_beta_2_alpha_0.5 //home/frederic/Work/Software/LesHouches2017/lh2017-alphas/pythia-alphas/robustness/eff-as013650-gluon.yoda/MC_LHJSS_Zjet/Angularity_zcut_0.1_beta_2_alpha_0.5
XLabel=$e_\alpha$
RatioPlotReference=//home/frederic/Work/Software/LesHouches2017/lh2017-alphas/pythia-alphas/robustness/eff-as013650-quark.yoda/MC_LHJSS_Zjet/Angularity_zcut_0.1_beta_2_alpha_0.5
YLabel=$1/\sigma \text{d}\sigma/\text{d}e_{\alpha}$
DrawOnly=//home/frederic/Work/Software/LesHouches2017/lh2017-alphas/pythia-alphas/robustness/eff-as013650-quark.yoda/MC_LHJSS_Zjet/Angularity_zcut_0.1_beta_2_alpha_0.5 //home/frederic/Work/Software/LesHouches2017/lh2017-alphas/pythia-alphas/robustness/eff-as013650-gluon.yoda/MC_LHJSS_Zjet/Angularity_zcut_0.1_beta_2_alpha_0.5
RatioPlot=1
Title=Angularity, $\alpha$ = 0.5 $z_{cut}$ = 0.1 $\beta$ = 2
Legend=1
LogY=0
# END PLOT

# BEGIN HISTO1D //home/frederic/Work/Software/LesHouches2017/lh2017-alphas/pythia-alphas/robustness/eff-as013650-quark.yoda/MC_LHJSS_Zjet/Angularity_zcut_0.1_beta_2_alpha_0.5
LineColor=red
LineStyle=solid
NormalizeToSum=1
Path=//home/frederic/Work/Software/LesHouches2017/lh2017-alphas/pythia-alphas/robustness/eff-as013650-quark.yoda/MC_LHJSS_Zjet/Angularity_zcut_0.1_beta_2_alpha_0.5
ScaledBy=1.0
Title=eff-as013650-quark
XLabel=
YLabel=
# xlow	 xhigh	 val	 errminus	 errplus
0.000000e+00	1.000000e-02	1.131164e+00	4.080038e-02	4.080038e-02
1.000000e-02	2.000000e-02	1.665982e+00	4.265957e-02	4.265957e-02
2.000000e-02	3.000000e-02	2.252991e+00	4.445944e-02	4.445944e-02
3.000000e-02	4.000000e-02	1.802941e+00	1.452659e-01	1.452659e-01
4.000000e-02	5.000000e-02	8.956648e-01	1.367983e-01	1.367983e-01
5.000000e-02	6.000000e-02	2.110869e-01	7.278647e-02	7.278647e-02
6.000000e-02	7.000000e-02	1.332282e-03	5.884453e-03	5.884453e-03
7.000000e-02	8.000000e-02	9.986034e-02	5.064686e-02	5.064686e-02
8.000000e-02	9.000000e-02	1.606654e-01	6.399422e-02	6.399422e-02
9.000000e-02	1.000000e-01	3.238446e-01	9.000463e-02	9.000463e-02
1.000000e-01	1.100000e-01	2.275586e-01	7.574769e-02	7.574769e-02
1.100000e-01	1.200000e-01	1.561359e-01	6.294627e-02	6.294627e-02
1.200000e-01	1.300000e-01	5.361000e-02	3.714765e-02	3.714765e-02
1.300000e-01	1.400000e-01	1.838912e-02	2.182134e-02	2.182134e-02
1.400000e-01	1.500000e-01	1.135279e-01	5.370278e-02	5.370278e-02
1.500000e-01	1.600000e-01	5.390245e-02	3.719709e-02	3.719709e-02
1.600000e-01	1.700000e-01	1.661567e-02	2.073635e-02	2.073635e-02
1.700000e-01	1.800000e-01	3.510689e-02	3.006068e-02	3.006068e-02
1.800000e-01	1.900000e-01	4.742644e-02	3.486668e-02	3.486668e-02
1.900000e-01	2.000000e-01	2.866533e-02	2.716722e-02	2.716722e-02
2.000000e-01	2.100000e-01	4.349910e-02	3.337342e-02	3.337342e-02
2.100000e-01	2.200000e-01	2.232187e-02	2.398384e-02	2.398384e-02
2.200000e-01	2.300000e-01	3.154270e-03	9.048367e-03	9.048367e-03
2.300000e-01	2.400000e-01	3.107554e-02	2.822509e-02	2.822509e-02
2.400000e-01	2.500000e-01	3.067879e-03	8.922971e-03	8.922971e-03
2.500000e-01	2.600000e-01	2.222753e-02	2.389799e-02	2.389799e-02
2.600000e-01	2.700000e-01	3.046308e-03	8.890572e-03	8.890572e-03
2.700000e-01	2.800000e-01	3.282992e-04	2.920994e-03	2.920994e-03
2.800000e-01	2.900000e-01	6.369005e-03	1.283895e-02	1.283895e-02
2.900000e-01	3.000000e-01	1.536634e-03	6.315990e-03	6.315990e-03
3.000000e-01	3.100000e-01	2.586572e-02	2.569864e-02	2.569864e-02
3.100000e-01	3.200000e-01	2.600022e-02	2.573480e-02	2.573480e-02
3.200000e-01	3.300000e-01	1.548628e-02	1.993313e-02	1.993313e-02
3.300000e-01	3.400000e-01	1.059875e-02	1.651409e-02	1.651409e-02
3.400000e-01	3.500000e-01	1.861280e-02	2.179473e-02	2.179473e-02
3.500000e-01	3.600000e-01	1.966189e-03	7.139760e-03	7.139760e-03
3.600000e-01	3.700000e-01	2.686355e-03	8.342164e-03	8.342164e-03
3.700000e-01	3.800000e-01	5.042764e-03	1.141002e-02	1.141002e-02
3.800000e-01	3.900000e-01	7.599246e-03	1.398126e-02	1.398126e-02
3.900000e-01	4.000000e-01	1.688640e-04	2.094813e-03	2.094813e-03
4.000000e-01	4.100000e-01	7.014928e-04	4.267621e-03	4.267621e-03
4.100000e-01	4.200000e-01	6.525046e-04	4.115738e-03	4.115738e-03
4.200000e-01	4.300000e-01	3.232692e-04	2.897855e-03	2.897855e-03
4.300000e-01	4.400000e-01	1.094416e-05	5.333724e-04	5.333724e-04
4.400000e-01	4.500000e-01	3.068274e-02	2.744784e-02	2.744784e-02
4.500000e-01	4.600000e-01	3.462126e-05	9.486243e-04	9.486243e-04
4.600000e-01	4.700000e-01	5.508855e-03	1.187832e-02	1.187832e-02
4.700000e-01	4.800000e-01	9.467790e-04	4.953806e-03	4.953806e-03
4.800000e-01	4.900000e-01	3.690145e-03	9.736522e-03	9.736522e-03
4.900000e-01	5.000000e-01	5.666746e-03	1.201212e-02	1.201212e-02
5.000000e-01	5.100000e-01	2.906780e-02	2.398752e-02	2.398752e-02
5.100000e-01	5.200000e-01	2.216080e-02	2.151397e-02	2.151397e-02
5.200000e-01	5.300000e-01	2.144024e-02	2.259332e-02	2.259332e-02
5.300000e-01	5.400000e-01	1.475044e-02	1.894581e-02	1.894581e-02
5.400000e-01	5.500000e-01	3.223234e-02	2.698856e-02	2.698856e-02
5.500000e-01	5.600000e-01	1.597321e-03	6.402624e-03	6.402624e-03
5.600000e-01	5.700000e-01	5.591168e-04	3.801315e-03	3.801315e-03
5.700000e-01	5.800000e-01	4.111859e-04	3.260076e-03	3.260076e-03
5.800000e-01	5.900000e-01	1.102334e-02	1.607321e-02	1.607321e-02
5.900000e-01	6.000000e-01	4.503253e-03	1.053849e-02	1.053849e-02
6.000000e-01	6.100000e-01	1.413424e-03	5.991063e-03	5.991063e-03
6.100000e-01	6.200000e-01	1.861212e-04	2.193918e-03	2.193918e-03
6.200000e-01	6.300000e-01	3.818018e-03	9.626462e-03	9.626462e-03
6.300000e-01	6.400000e-01	3.002170e-03	8.604641e-03	8.604641e-03
6.400000e-01	6.500000e-01	9.701445e-04	4.940171e-03	4.940171e-03
6.500000e-01	6.600000e-01	1.998235e-03	6.951770e-03	6.951770e-03
6.600000e-01	6.700000e-01	5.575325e-03	1.162536e-03	1.162536e-03
6.700000e-01	6.800000e-01	6.189259e-03	1.108280e-02	1.108280e-02
6.800000e-01	6.900000e-01	4.113839e-03	9.523495e-03	9.523495e-03
6.900000e-01	7.000000e-01	2.908865e-03	8.397171e-04	8.397171e-04
7.000000e-01	7.100000e-01	2.666460e-03	8.039678e-04	8.039678e-04
7.100000e-01	7.200000e-01	1.454432e-03	5.937697e-04	5.937697e-04
7.200000e-01	7.300000e-01	2.181649e-03	7.272163e-04	7.272163e-04
7.300000e-01	7.400000e-01	2.424054e-03	7.665533e-04	7.665533e-04
7.400000e-01	7.500000e-01	1.454432e-03	5.937697e-04	5.937697e-04
7.500000e-01	7.600000e-01	1.212027e-03	5.420351e-04	5.420351e-04
7.600000e-01	7.700000e-01	4.848109e-04	3.428131e-04	3.428131e-04
7.700000e-01	7.800000e-01	4.848109e-04	3.428131e-04	3.428131e-04
7.800000e-01	7.900000e-01	2.424054e-04	2.424054e-04	2.424054e-04
7.900000e-01	8.000000e-01	0.000000e+00	0.000000e+00	0.000000e+00
8.000000e-01	8.100000e-01	0.000000e+00	0.000000e+00	0.000000e+00
8.100000e-01	8.200000e-01	0.000000e+00	0.000000e+00	0.000000e+00
8.200000e-01	8.300000e-01	0.000000e+00	0.000000e+00	0.000000e+00
8.300000e-01	8.400000e-01	0.000000e+00	0.000000e+00	0.000000e+00
8.400000e-01	8.500000e-01	0.000000e+00	0.000000e+00	0.000000e+00
8.500000e-01	8.600000e-01	0.000000e+00	0.000000e+00	0.000000e+00
8.600000e-01	8.700000e-01	0.000000e+00	0.000000e+00	0.000000e+00
8.700000e-01	8.800000e-01	0.000000e+00	0.000000e+00	0.000000e+00
8.800000e-01	8.900000e-01	0.000000e+00	0.000000e+00	0.000000e+00
8.900000e-01	9.000000e-01	0.000000e+00	0.000000e+00	0.000000e+00
9.000000e-01	9.100000e-01	0.000000e+00	0.000000e+00	0.000000e+00
9.100000e-01	9.200000e-01	0.000000e+00	0.000000e+00	0.000000e+00
9.200000e-01	9.300000e-01	0.000000e+00	0.000000e+00	0.000000e+00
9.300000e-01	9.400000e-01	0.000000e+00	0.000000e+00	0.000000e+00
9.400000e-01	9.500000e-01	0.000000e+00	0.000000e+00	0.000000e+00
9.500000e-01	9.600000e-01	0.000000e+00	0.000000e+00	0.000000e+00
9.600000e-01	9.700000e-01	0.000000e+00	0.000000e+00	0.000000e+00
9.700000e-01	9.800000e-01	0.000000e+00	0.000000e+00	0.000000e+00
9.800000e-01	9.900000e-01	0.000000e+00	0.000000e+00	0.000000e+00
9.900000e-01	1.000000e+00	0.000000e+00	0.000000e+00	0.000000e+00
# END HISTO1D

# BEGIN HISTO1D //home/frederic/Work/Software/LesHouches2017/lh2017-alphas/pythia-alphas/robustness/eff-as013650-gluon.yoda/MC_LHJSS_Zjet/Angularity_zcut_0.1_beta_2_alpha_0.5
LineColor=blue
LineStyle=solid
NormalizeToSum=1
Path=//home/frederic/Work/Software/LesHouches2017/lh2017-alphas/pythia-alphas/robustness/eff-as013650-gluon.yoda/MC_LHJSS_Zjet/Angularity_zcut_0.1_beta_2_alpha_0.5
ScaledBy=1.0
Title=eff-as013650-gluon
XLabel=
YLabel=
# xlow	 xhigh	 val	 errminus	 errplus
0.000000e+00	1.000000e-02	6.904700e-02	7.010662e-03	7.010662e-03
1.000000e-02	2.000000e-02	9.894365e-02	8.392291e-03	8.392291e-03
2.000000e-02	3.000000e-02	1.656282e-01	1.494350e-02	1.494350e-02
3.000000e-02	4.000000e-02	2.456162e-01	2.150704e-02	2.150704e-02
4.000000e-02	5.000000e-02	3.359556e-01	3.385695e-02	3.385695e-02
5.000000e-02	6.000000e-02	5.195480e-01	4.040419e-02	4.040419e-02
6.000000e-02	7.000000e-02	4.841778e-01	4.995158e-02	4.995158e-02
7.000000e-02	8.000000e-02	6.262768e-01	5.621866e-02	5.621866e-02
8.000000e-02	9.000000e-02	6.171830e-01	5.996972e-02	5.996972e-02
9.000000e-02	1.000000e-01	3.470522e-01	5.052950e-02	5.052950e-02
1.000000e-01	1.100000e-01	2.073493e-01	4.048543e-02	4.048543e-02
1.100000e-01	1.200000e-01	3.101007e-02	1.607971e-02	1.607971e-02
1.200000e-01	1.300000e-01	1.655443e-03	3.728305e-03	3.728305e-03
1.300000e-01	1.400000e-01	1.075295e-04	9.503596e-04	9.503596e-04
1.400000e-01	1.500000e-01	4.773077e-04	2.002202e-03	2.002202e-03
1.500000e-01	1.600000e-01	4.988373e-03	6.469943e-03	6.469943e-03
1.600000e-01	1.700000e-01	6.675032e-03	7.483090e-03	7.483090e-03
1.700000e-01	1.800000e-01	2.025531e-02	1.301901e-02	1.301901e-02
1.800000e-01	1.900000e-01	1.551313e-02	1.139775e-02	1.139775e-02
1.900000e-01	2.000000e-01	8.990846e-03	8.682271e-03	8.682271e-03
2.000000e-01	2.100000e-01	4.909347e-02	2.020528e-02	2.020528e-02
2.100000e-01	2.200000e-01	1.647109e-02	1.174113e-02	1.174113e-02
2.200000e-01	2.300000e-01	2.419217e-02	1.421718e-02	1.421718e-02
2.300000e-01	2.400000e-01	1.835140e-02	1.238665e-02	1.238665e-02
2.400000e-01	2.500000e-01	1.789214e-02	1.223153e-02	1.223153e-02
2.500000e-01	2.600000e-01	1.092799e-02	9.566439e-03	9.566439e-03
2.600000e-01	2.700000e-01	1.747656e-02	1.208656e-02	1.208656e-02
2.700000e-01	2.800000e-01	2.827475e-02	1.534802e-02	1.534802e-02
2.800000e-01	2.900000e-01	3.734341e-02	1.761259e-02	1.761259e-02
2.900000e-01	3.000000e-01	1.118334e-02	9.673550e-03	9.673550e-03
3.000000e-01	3.100000e-01	3.707265e-02	1.753826e-02	1.753826e-02
3.100000e-01	3.200000e-01	2.245745e-02	1.367702e-02	1.367702e-02
3.200000e-01	3.300000e-01	1.941370e-03	4.036492e-03	4.036492e-03
3.300000e-01	3.400000e-01	1.188057e-02	9.964051e-03	9.964051e-03
3.400000e-01	3.500000e-01	3.447182e-03	5.376652e-03	5.376652e-03
3.500000e-01	3.600000e-01	3.260312e-02	1.641650e-02	1.641650e-02
3.600000e-01	3.700000e-01	1.024509e-04	9.276270e-04	9.276270e-04
3.700000e-01	3.800000e-01	1.788389e-02	1.219258e-02	1.219258e-02
3.800000e-01	3.900000e-01	1.345835e-02	1.058866e-02	1.058866e-02
3.900000e-01	4.000000e-01	1.505120e-02	1.119030e-02	1.119030e-02
4.000000e-01	4.100000e-01	1.519056e-02	1.123957e-02	1.123957e-02
4.100000e-01	4.200000e-01	4.543037e-03	6.165896e-03	6.165896e-03
4.200000e-01	4.300000e-01	1.313888e-03	3.320175e-03	3.320175e-03
4.300000e-01	4.400000e-01	1.002653e-02	9.134021e-03	9.134021e-03
4.400000e-01	4.500000e-01	8.753549e-03	8.540667e-03	8.540667e-03
4.500000e-01	4.600000e-01	2.012561e-02	1.287493e-02	1.287493e-02
4.600000e-01	4.700000e-01	4.049444e-03	5.817757e-03	5.817757e-03
4.700000e-01	4.800000e-01	5.594673e-03	6.828637e-03	6.828637e-03
4.800000e-01	4.900000e-01	1.297375e-02	1.034846e-02	1.034846e-02
4.900000e-01	5.000000e-01	2.656305e-02	1.466788e-02	1.466788e-02
5.000000e-01	5.100000e-01	7.319202e-03	7.792277e-03	7.792277e-03
5.100000e-01	5.200000e-01	1.052572e-03	2.970223e-03	2.970223e-03
5.200000e-01	5.300000e-01	5.070115e-03	6.490461e-03	6.490461e-03
5.300000e-01	5.400000e-01	2.751197e-02	1.475017e-02	1.475017e-02
5.400000e-01	5.500000e-01	3.491342e-03	5.390213e-03	5.390213e-03
5.500000e-01	5.600000e-01	9.517946e-03	8.815675e-03	8.815675e-03
5.600000e-01	5.700000e-01	1.707074e-02	1.164883e-02	1.164883e-02
5.700000e-01	5.800000e-01	2.162841e-03	4.244980e-03	4.244980e-03
5.800000e-01	5.900000e-01	3.360098e-03	5.271487e-03	5.271487e-03
5.900000e-01	6.000000e-01	7.871258e-03	7.952752e-03	7.952752e-03
6.000000e-01	6.100000e-01	2.275190e-03	4.338545e-03	4.338545e-03
6.100000e-01	6.200000e-01	4.123329e-03	5.801442e-03	5.801442e-03
6.200000e-01	6.300000e-01	2.123019e-03	4.186904e-03	4.186904e-03
6.300000e-01	6.400000e-01	1.970977e-04	1.285050e-03	1.285050e-03
6.400000e-01	6.500000e-01	3.226507e-04	1.642892e-03	1.642892e-03
6.500000e-01	6.600000e-01	8.364367e-04	2.624539e-03	2.624539e-03
6.600000e-01	6.700000e-01	9.352310e-03	8.185515e-03	8.185515e-03
6.700000e-01	6.800000e-01	2.358911e-03	4.337630e-03	4.337630e-03
6.800000e-01	6.900000e-01	1.529995e-02	9.774352e-03	9.774352e-03
6.900000e-01	7.000000e-01	2.815391e-03	4.712055e-03	4.712055e-03
7.000000e-01	7.100000e-01	1.580276e-04	1.147607e-03	1.147607e-03
7.100000e-01	7.200000e-01	2.571507e-03	4.190792e-03	4.190792e-03
7.200000e-01	7.300000e-01	2.847299e-03	1.423650e-03	1.423650e-03
7.300000e-01	7.400000e-01	2.847299e-03	1.423650e-03	1.423650e-03
7.400000e-01	7.500000e-01	1.423649e-03	1.006672e-03	1.006672e-03
7.500000e-01	7.600000e-01	2.571507e-03	4.190792e-03	4.190792e-03
7.600000e-01	7.700000e-01	2.847299e-03	1.423650e-03	1.423650e-03
7.700000e-01	7.800000e-01	1.743983e-02	7.799330e-03	7.799330e-03
7.800000e-01	7.900000e-01	7.118250e-04	7.118248e-04	7.118248e-04
7.900000e-01	8.000000e-01	3.487966e-03	3.487966e-03	3.487966e-03
8.000000e-01	8.100000e-01	3.487966e-03	3.487966e-03	3.487966e-03
8.100000e-01	8.200000e-01	7.118250e-04	7.118248e-04	7.118248e-04
8.200000e-01	8.300000e-01	0.000000e+00	0.000000e+00	0.000000e+00
8.300000e-01	8.400000e-01	0.000000e+00	0.000000e+00	0.000000e+00
8.400000e-01	8.500000e-01	0.000000e+00	0.000000e+00	0.000000e+00
8.500000e-01	8.600000e-01	0.000000e+00	0.000000e+00	0.000000e+00
8.600000e-01	8.700000e-01	0.000000e+00	0.000000e+00	0.000000e+00
8.700000e-01	8.800000e-01	0.000000e+00	0.000000e+00	0.000000e+00
8.800000e-01	8.900000e-01	0.000000e+00	0.000000e+00	0.000000e+00
8.900000e-01	9.000000e-01	0.000000e+00	0.000000e+00	0.000000e+00
9.000000e-01	9.100000e-01	0.000000e+00	0.000000e+00	0.000000e+00
9.100000e-01	9.200000e-01	0.000000e+00	0.000000e+00	0.000000e+00
9.200000e-01	9.300000e-01	0.000000e+00	0.000000e+00	0.000000e+00
9.300000e-01	9.400000e-01	0.000000e+00	0.000000e+00	0.000000e+00
9.400000e-01	9.500000e-01	0.000000e+00	0.000000e+00	0.000000e+00
9.500000e-01	9.600000e-01	0.000000e+00	0.000000e+00	0.000000e+00
9.600000e-01	9.700000e-01	0.000000e+00	0.000000e+00	0.000000e+00
9.700000e-01	9.800000e-01	0.000000e+00	0.000000e+00	0.000000e+00
9.800000e-01	9.900000e-01	0.000000e+00	0.000000e+00	0.000000e+00
9.900000e-01	1.000000e+00	0.000000e+00	0.000000e+00	0.000000e+00
# END HISTO1D

