# BEGIN PLOT
RatioPlotYLabel=Ratio
LegendOnly=//home/frederic/Work/Software/LesHouches2017/lh2017-alphas/pythia-alphas/robustness/eff-as013650-quark.yoda/MC_LHJSS_Zjet/theta_g_zcut_0.2_beta_2_alpha_0.5 //home/frederic/Work/Software/LesHouches2017/lh2017-alphas/pythia-alphas/robustness/eff-as013650-gluon.yoda/MC_LHJSS_Zjet/theta_g_zcut_0.2_beta_2_alpha_0.5
XLabel=$\theta_g$
RatioPlotReference=//home/frederic/Work/Software/LesHouches2017/lh2017-alphas/pythia-alphas/robustness/eff-as013650-quark.yoda/MC_LHJSS_Zjet/theta_g_zcut_0.2_beta_2_alpha_0.5
YLabel=$1/\sigma \text{d}\sigma/\text{d}\theta_g$
DrawOnly=//home/frederic/Work/Software/LesHouches2017/lh2017-alphas/pythia-alphas/robustness/eff-as013650-quark.yoda/MC_LHJSS_Zjet/theta_g_zcut_0.2_beta_2_alpha_0.5 //home/frederic/Work/Software/LesHouches2017/lh2017-alphas/pythia-alphas/robustness/eff-as013650-gluon.yoda/MC_LHJSS_Zjet/theta_g_zcut_0.2_beta_2_alpha_0.5
RatioPlot=1
Title=$\theta_g$, $\alpha$ = 0.5 $z_{cut}$ = 0.2 $\beta$ = 2
Legend=1
LogY=0
# END PLOT

# BEGIN HISTO1D //home/frederic/Work/Software/LesHouches2017/lh2017-alphas/pythia-alphas/robustness/eff-as013650-quark.yoda/MC_LHJSS_Zjet/theta_g_zcut_0.2_beta_2_alpha_0.5
LineColor=red
LineStyle=solid
NormalizeToSum=1
Path=//home/frederic/Work/Software/LesHouches2017/lh2017-alphas/pythia-alphas/robustness/eff-as013650-quark.yoda/MC_LHJSS_Zjet/theta_g_zcut_0.2_beta_2_alpha_0.5
ScaledBy=1.0
Title=eff-as013650-quark
XLabel=
YLabel=
# xlow	 xhigh	 val	 errminus	 errplus
0.000000e+00	1.000000e-02	7.306663e-01	5.165359e-02	5.165359e-02
1.000000e-02	2.000000e-02	7.864620e-01	6.782556e-02	6.782556e-02
2.000000e-02	3.000000e-02	7.847830e-01	9.095677e-02	9.095677e-02
3.000000e-02	4.000000e-02	4.196466e-01	9.183126e-02	9.183126e-02
4.000000e-02	5.000000e-02	4.055884e-01	9.274998e-02	9.274998e-02
5.000000e-02	6.000000e-02	6.614050e-02	4.104835e-02	4.104835e-02
6.000000e-02	7.000000e-02	7.891094e-03	1.430862e-02	1.430862e-02
7.000000e-02	8.000000e-02	1.999391e-02	2.275422e-02	2.275422e-02
8.000000e-02	9.000000e-02	2.139144e-02	2.353569e-02	2.353569e-02
9.000000e-02	1.000000e-01	7.925997e-02	4.510652e-02	4.510652e-02
1.000000e-01	1.100000e-01	1.127672e-01	5.368238e-02	5.368238e-02
1.100000e-01	1.200000e-01	1.169894e-01	5.466675e-02	5.466675e-02
1.200000e-01	1.300000e-01	1.015110e-01	5.096846e-02	5.096846e-02
1.300000e-01	1.400000e-01	1.295551e-01	5.745388e-02	5.745388e-02
1.400000e-01	1.500000e-01	4.596383e-02	3.442337e-02	3.442337e-02
1.500000e-01	1.600000e-01	3.672938e-02	3.078976e-02	3.078976e-02
1.600000e-01	1.700000e-01	1.249817e-02	1.799954e-02	1.799954e-02
1.700000e-01	1.800000e-01	3.498742e-03	9.532472e-03	9.532472e-03
1.800000e-01	1.900000e-01	9.240739e-04	4.900506e-03	4.900506e-03
1.900000e-01	2.000000e-01	1.675161e-02	2.081601e-02	2.081601e-02
2.000000e-01	2.100000e-01	1.578751e-02	2.020762e-02	2.020762e-02
2.100000e-01	2.200000e-01	1.926611e-04	2.237826e-03	2.237826e-03
2.200000e-01	2.300000e-01	8.473198e-04	4.692349e-03	4.692349e-03
2.300000e-01	2.400000e-01	3.038380e-04	2.810200e-03	2.810200e-03
2.400000e-01	2.500000e-01	2.644029e-03	8.285437e-03	8.285437e-03
2.500000e-01	2.600000e-01	1.499039e-03	6.239908e-03	6.239908e-03
2.600000e-01	2.700000e-01	1.894099e-03	7.013035e-03	7.013035e-03
2.700000e-01	2.800000e-01	1.398125e-06	1.906417e-04	1.906417e-04
2.800000e-01	2.900000e-01	2.582404e-03	8.187104e-03	8.187104e-03
2.900000e-01	3.000000e-01	1.016525e-03	5.138651e-03	5.138651e-03
3.000000e-01	3.100000e-01	7.375963e-03	1.380664e-02	1.380664e-02
3.100000e-01	3.200000e-01	1.197704e-02	1.754984e-02	1.754984e-02
3.200000e-01	3.300000e-01	9.539368e-04	4.977890e-03	4.977890e-03
3.300000e-01	3.400000e-01	1.696432e-02	2.082545e-02	2.082545e-02
3.400000e-01	3.500000e-01	9.285818e-03	1.546649e-02	1.546649e-02
3.500000e-01	3.600000e-01	3.876266e-03	1.001933e-02	1.001933e-02
3.600000e-01	3.700000e-01	1.975229e-03	7.158190e-03	7.158190e-03
3.700000e-01	3.800000e-01	5.345452e-05	1.178760e-03	1.178760e-03
3.800000e-01	3.900000e-01	3.849732e-06	3.163438e-04	3.163438e-04
3.900000e-01	4.000000e-01	3.849732e-06	3.163438e-04	3.163438e-04
4.000000e-01	4.100000e-01	1.374380e-02	1.872243e-02	1.872243e-02
4.100000e-01	4.200000e-01	4.737496e-02	3.364206e-02	3.364206e-02
4.200000e-01	4.300000e-01	2.928748e-03	8.707575e-03	8.707575e-03
4.300000e-01	4.400000e-01	1.207561e-02	1.755230e-02	1.755230e-02
4.400000e-01	4.500000e-01	8.673582e-05	1.501471e-03	1.501471e-03
4.500000e-01	4.600000e-01	6.651069e-03	1.307529e-02	1.307529e-02
4.600000e-01	4.700000e-01	2.386819e-03	7.864876e-03	7.864876e-03
4.700000e-01	4.800000e-01	5.560981e-03	1.198134e-02	1.198134e-02
4.800000e-01	4.900000e-01	3.227878e-04	2.895907e-03	2.895907e-03
4.900000e-01	5.000000e-01	1.761690e-04	2.139685e-03	2.139685e-03
5.000000e-01	5.100000e-01	1.545303e-03	6.330122e-03	6.330122e-03
5.100000e-01	5.200000e-01	7.972429e-04	4.548951e-03	4.548951e-03
5.200000e-01	5.300000e-01	2.837505e-05	8.588199e-04	8.588199e-04
5.300000e-01	5.400000e-01	4.189931e-04	3.298844e-03	3.298844e-03
5.400000e-01	5.500000e-01	2.587921e-03	8.177591e-03	8.177591e-03
5.500000e-01	5.600000e-01	4.114008e-05	1.034094e-03	1.034094e-03
5.600000e-01	5.700000e-01	1.923850e-02	2.202084e-02	2.202084e-02
5.700000e-01	5.800000e-01	2.478793e-02	2.487521e-02	2.487521e-02
5.800000e-01	5.900000e-01	6.437504e-03	1.281479e-02	1.281479e-02
5.900000e-01	6.000000e-01	3.909490e-07	1.008103e-04	1.008103e-04
6.000000e-01	6.100000e-01	1.823335e-03	6.867173e-03	6.867173e-03
6.100000e-01	6.200000e-01	6.613818e-05	1.311099e-03	1.311099e-03
6.200000e-01	6.300000e-01	5.233652e-03	1.156344e-02	1.156344e-02
6.300000e-01	6.400000e-01	1.489789e-03	6.208774e-03	6.208774e-03
6.400000e-01	6.500000e-01	5.071572e-03	1.141038e-02	1.141038e-02
6.500000e-01	6.600000e-01	3.309487e-02	2.691757e-02	2.691757e-02
6.600000e-01	6.700000e-01	3.444774e-03	9.400659e-03	9.400659e-03
6.700000e-01	6.800000e-01	2.384229e-03	7.840575e-03	7.840575e-03
6.800000e-01	6.900000e-01	5.846417e-04	3.894971e-03	3.894971e-03
6.900000e-01	7.000000e-01	1.026144e-02	1.592659e-02	1.592659e-02
7.000000e-01	7.100000e-01	1.459133e-03	6.141005e-03	6.141005e-03
7.100000e-01	7.200000e-01	4.985041e-03	1.129192e-02	1.129192e-02
7.200000e-01	7.300000e-01	1.448241e-02	1.900435e-02	1.900435e-02
7.300000e-01	7.400000e-01	1.203718e-02	1.707074e-02	1.707074e-02
7.400000e-01	7.500000e-01	2.613624e-03	8.185202e-03	8.185202e-03
7.500000e-01	7.600000e-01	3.678607e-05	9.777937e-04	9.777937e-04
7.600000e-01	7.700000e-01	6.449312e-03	1.277499e-02	1.277499e-02
7.700000e-01	7.800000e-01	9.953337e-05	1.608069e-03	1.608069e-03
7.800000e-01	7.900000e-01	4.348130e-03	1.052368e-02	1.052368e-02
7.900000e-01	8.000000e-01	1.728326e-03	6.651593e-03	6.651593e-03
8.000000e-01	8.100000e-01	9.781026e-03	1.549260e-02	1.549260e-02
8.100000e-01	8.200000e-01	8.609154e-03	1.450893e-02	1.450893e-02
8.200000e-01	8.300000e-01	4.354747e-03	1.012658e-02	1.012658e-02
8.300000e-01	8.400000e-01	1.461282e-03	6.050878e-03	6.050878e-03
8.400000e-01	8.500000e-01	8.015742e-04	4.517094e-03	4.517094e-03
8.500000e-01	8.600000e-01	1.510949e-03	6.188982e-03	6.188982e-03
8.600000e-01	8.700000e-01	1.187786e-02	1.696838e-03	1.696838e-03
8.700000e-01	8.800000e-01	7.935550e-03	1.327247e-02	1.327247e-02
8.800000e-01	8.900000e-01	1.217880e-03	5.509925e-03	5.509925e-03
8.900000e-01	9.000000e-01	3.878487e-03	9.696217e-04	9.696217e-04
9.000000e-01	9.100000e-01	4.120892e-03	9.994632e-04	9.994632e-04
9.100000e-01	9.200000e-01	3.878487e-03	9.696217e-04	9.696217e-04
9.200000e-01	9.300000e-01	2.666460e-03	8.039678e-04	8.039678e-04
9.300000e-01	9.400000e-01	2.666460e-03	8.039678e-04	8.039678e-04
9.400000e-01	9.500000e-01	8.461506e-03	1.212791e-02	1.212791e-02
9.500000e-01	9.600000e-01	4.848109e-04	3.428131e-04	3.428131e-04
9.600000e-01	9.700000e-01	1.696838e-03	6.413445e-04	6.413445e-04
9.700000e-01	9.800000e-01	2.424054e-04	2.424054e-04	2.424054e-04
9.800000e-01	9.900000e-01	2.424054e-04	2.424054e-04	2.424054e-04
9.900000e-01	1.000000e+00	4.848109e-04	3.428131e-04	3.428131e-04
# END HISTO1D

# BEGIN HISTO1D //home/frederic/Work/Software/LesHouches2017/lh2017-alphas/pythia-alphas/robustness/eff-as013650-gluon.yoda/MC_LHJSS_Zjet/theta_g_zcut_0.2_beta_2_alpha_0.5
LineColor=blue
LineStyle=solid
NormalizeToSum=1
Path=//home/frederic/Work/Software/LesHouches2017/lh2017-alphas/pythia-alphas/robustness/eff-as013650-gluon.yoda/MC_LHJSS_Zjet/theta_g_zcut_0.2_beta_2_alpha_0.5
ScaledBy=1.0
Title=eff-as013650-gluon
XLabel=
YLabel=
# xlow	 xhigh	 val	 errminus	 errplus
0.000000e+00	1.000000e-02	5.481050e-02	6.246237e-03	6.246237e-03
1.000000e-02	2.000000e-02	7.189430e-02	7.153751e-03	7.153751e-03
2.000000e-02	3.000000e-02	1.315245e-01	1.401549e-02	1.401549e-02
3.000000e-02	4.000000e-02	1.644086e-01	2.231442e-02	2.231442e-02
4.000000e-02	5.000000e-02	1.868217e-01	2.875734e-02	2.875734e-02
5.000000e-02	6.000000e-02	1.977989e-01	3.403403e-02	3.403403e-02
6.000000e-02	7.000000e-02	2.053249e-01	3.605507e-02	3.605507e-02
7.000000e-02	8.000000e-02	1.159183e-01	2.993891e-02	2.993891e-02
8.000000e-02	9.000000e-02	3.831818e-02	1.776188e-02	1.776188e-02
9.000000e-02	1.000000e-01	1.242396e-02	1.019209e-02	1.019209e-02
1.000000e-01	1.100000e-01	1.365671e-03	3.386187e-03	3.386187e-03
1.100000e-01	1.200000e-01	6.461852e-05	7.367219e-04	7.367219e-04
1.200000e-01	1.300000e-01	2.318697e-02	1.391956e-02	1.391956e-02
1.300000e-01	1.400000e-01	2.629243e-02	1.481918e-02	1.481918e-02
1.400000e-01	1.500000e-01	1.836843e-02	1.239787e-02	1.239787e-02
1.500000e-01	1.600000e-01	1.871990e-02	1.251532e-02	1.251532e-02
1.600000e-01	1.700000e-01	1.127860e-02	9.721768e-03	9.721768e-03
1.700000e-01	1.800000e-01	2.451213e-02	1.431162e-02	1.431162e-02
1.800000e-01	1.900000e-01	1.153324e-02	9.829661e-03	9.829661e-03
1.900000e-01	2.000000e-01	4.439116e-03	6.103011e-03	6.103011e-03
2.000000e-01	2.100000e-01	6.398581e-03	7.325294e-03	7.325294e-03
2.100000e-01	2.200000e-01	2.429289e-02	1.424110e-02	1.424110e-02
2.200000e-01	2.300000e-01	3.728188e-03	5.593070e-03	5.593070e-03
2.300000e-01	2.400000e-01	1.270517e-03	3.266126e-03	3.266126e-03
2.400000e-01	2.500000e-01	6.100601e-04	2.263460e-03	2.263460e-03
2.500000e-01	2.600000e-01	2.363729e-03	4.454029e-03	4.454029e-03
2.600000e-01	2.700000e-01	1.562900e-03	3.622180e-03	3.622180e-03
2.700000e-01	2.800000e-01	6.869499e-04	2.401783e-03	2.401783e-03
2.800000e-01	2.900000e-01	2.409325e-03	4.496570e-03	4.496570e-03
2.900000e-01	3.000000e-01	1.884099e-05	3.978131e-04	3.978131e-04
3.000000e-01	3.100000e-01	2.961793e-04	1.577172e-03	1.577172e-03
3.100000e-01	3.200000e-01	7.538914e-04	2.516003e-03	2.516003e-03
3.200000e-01	3.300000e-01	1.900246e-03	3.993327e-03	3.993327e-03
3.300000e-01	3.400000e-01	7.592312e-06	2.525312e-04	2.525312e-04
3.400000e-01	3.500000e-01	1.066987e-03	2.992865e-03	2.992865e-03
3.500000e-01	3.600000e-01	1.556910e-03	3.614789e-03	3.614789e-03
3.600000e-01	3.700000e-01	1.208921e-03	3.185526e-03	3.185526e-03
3.700000e-01	3.800000e-01	3.102864e-04	1.614247e-03	1.614247e-03
3.800000e-01	3.900000e-01	4.210166e-04	1.880282e-03	1.880282e-03
3.900000e-01	4.000000e-01	1.415689e-03	3.446785e-03	3.446785e-03
4.000000e-01	4.100000e-01	4.866075e-04	2.021377e-03	2.021377e-03
4.100000e-01	4.200000e-01	6.513451e-04	2.338465e-03	2.338465e-03
4.200000e-01	4.300000e-01	9.024168e-05	8.705986e-04	8.705986e-04
4.300000e-01	4.400000e-01	4.859668e-03	6.376949e-03	6.376949e-03
4.400000e-01	4.500000e-01	2.253113e-03	4.346459e-03	4.346459e-03
4.500000e-01	4.600000e-01	2.436818e-04	1.430534e-03	1.430534e-03
4.600000e-01	4.700000e-01	7.188049e-05	7.770003e-04	7.770003e-04
4.700000e-01	4.800000e-01	1.516255e-03	3.566186e-03	3.566186e-03
4.800000e-01	4.900000e-01	5.780491e-04	2.202882e-03	2.202882e-03
4.900000e-01	5.000000e-01	5.947329e-04	2.234434e-03	2.234434e-03
5.000000e-01	5.100000e-01	2.384565e-03	4.469934e-03	4.469934e-03
5.100000e-01	5.200000e-01	2.987533e-03	5.002185e-03	5.002185e-03
5.200000e-01	5.300000e-01	2.498107e-03	4.574074e-03	4.574074e-03
5.300000e-01	5.400000e-01	8.259154e-05	8.328682e-04	8.328682e-04
5.400000e-01	5.500000e-01	4.740222e-03	6.292282e-03	6.292282e-03
5.500000e-01	5.600000e-01	1.494253e-03	3.539576e-03	3.539576e-03
5.600000e-01	5.700000e-01	1.541729e-04	1.137864e-03	1.137864e-03
5.700000e-01	5.800000e-01	1.389472e-05	3.416250e-04	3.416250e-04
5.800000e-01	5.900000e-01	1.729847e-04	1.205255e-03	1.205255e-03
5.900000e-01	6.000000e-01	4.288108e-03	5.980544e-03	5.980544e-03
6.000000e-01	6.100000e-01	5.983328e-03	7.061895e-03	7.061895e-03
6.100000e-01	6.200000e-01	2.983622e-04	1.582677e-03	1.582677e-03
6.200000e-01	6.300000e-01	1.745425e-03	3.822956e-03	3.822956e-03
6.300000e-01	6.400000e-01	1.855372e-03	3.941799e-03	3.941799e-03
6.400000e-01	6.500000e-01	7.639707e-05	8.010097e-04	8.010097e-04
6.500000e-01	6.600000e-01	5.206971e-03	6.574471e-03	6.574471e-03
6.600000e-01	6.700000e-01	4.876768e-03	6.371288e-03	6.371288e-03
6.700000e-01	6.800000e-01	4.646182e-03	6.213378e-03	6.213378e-03
6.800000e-01	6.900000e-01	5.019980e-05	6.493168e-04	6.493168e-04
6.900000e-01	7.000000e-01	3.089324e-05	5.093835e-04	5.093835e-04
7.000000e-01	7.100000e-01	1.280273e-03	3.274357e-03	3.274357e-03
7.100000e-01	7.200000e-01	1.026049e-02	9.171057e-03	9.171057e-03
7.200000e-01	7.300000e-01	7.357879e-04	2.483701e-03	2.483701e-03
7.300000e-01	7.400000e-01	2.715090e-04	1.509503e-03	1.509503e-03
7.400000e-01	7.500000e-01	1.469718e-03	3.505148e-03	3.505148e-03
7.500000e-01	7.600000e-01	2.978921e-04	1.581059e-03	1.581059e-03
7.600000e-01	7.700000e-01	1.337251e-04	1.059593e-03	1.059593e-03
7.700000e-01	7.800000e-01	6.555775e-04	2.343730e-03	2.343730e-03
7.800000e-01	7.900000e-01	2.011903e-05	4.110699e-04	4.110699e-04
7.900000e-01	8.000000e-01	1.472332e-03	3.504705e-03	3.504705e-03
8.000000e-01	8.100000e-01	7.082040e-03	7.501254e-03	7.501254e-03
8.100000e-01	8.200000e-01	1.106196e-03	3.036288e-03	3.036288e-03
8.200000e-01	8.300000e-01	8.622094e-06	2.691030e-04	2.691030e-04
8.300000e-01	8.400000e-01	7.343533e-06	2.483500e-04	2.483500e-04
8.400000e-01	8.500000e-01	2.885980e-03	4.819466e-03	4.819466e-03
8.500000e-01	8.600000e-01	6.188504e-04	2.268093e-03	2.268093e-03
8.600000e-01	8.700000e-01	5.020867e-03	6.276903e-03	6.276903e-03
8.700000e-01	8.800000e-01	1.931454e-04	1.270612e-03	1.270612e-03
8.800000e-01	8.900000e-01	2.155574e-06	1.345531e-04	1.345531e-04
8.900000e-01	9.000000e-01	3.917847e-05	5.732679e-04	5.732679e-04
9.000000e-01	9.100000e-01	1.665828e-03	3.509575e-03	3.509575e-03
9.100000e-01	9.200000e-01	1.242569e-03	3.074221e-03	3.074221e-03
9.200000e-01	9.300000e-01	3.654445e-03	5.257893e-03	5.257893e-03
9.300000e-01	9.400000e-01	6.478879e-05	7.349270e-04	7.349270e-04
9.400000e-01	9.500000e-01	5.302691e-04	2.061775e-03	2.061775e-03
9.500000e-01	9.600000e-01	2.135474e-03	1.232917e-03	1.232917e-03
9.600000e-01	9.700000e-01	1.423649e-03	1.006672e-03	1.006672e-03
9.700000e-01	9.800000e-01	4.358180e-03	5.362013e-03	5.362013e-03
9.800000e-01	9.900000e-01	2.135474e-03	1.232917e-03	1.232917e-03
9.900000e-01	1.000000e+00	0.000000e+00	0.000000e+00	0.000000e+00
# END HISTO1D

