# BEGIN PLOT
RatioPlotYLabel=Ratio
LegendOnly=//home/frederic/Work/Software/LesHouches2017/lh2017-alphas/rivet-analysis/Rivet-as013650-parton.yoda/MC_LHJSS_Zjet/Angularity_zcut_0.2_beta_2_alpha_0.5 //home/frederic/Work/Software/LesHouches2017/lh2017-alphas/rivet-analysis/Rivet-as012285-parton.yoda/MC_LHJSS_Zjet/Angularity_zcut_0.2_beta_2_alpha_0.5 //home/frederic/Work/Software/LesHouches2017/lh2017-alphas/rivet-analysis/Rivet-as015015-parton.yoda/MC_LHJSS_Zjet/Angularity_zcut_0.2_beta_2_alpha_0.5
XLabel=$e_\alpha$
RatioPlotReference=//home/frederic/Work/Software/LesHouches2017/lh2017-alphas/rivet-analysis/Rivet-as013650-parton.yoda/MC_LHJSS_Zjet/Angularity_zcut_0.2_beta_2_alpha_0.5
YLabel=$1/\sigma \text{d}\sigma/\text{d}e_{\alpha}$
DrawOnly=//home/frederic/Work/Software/LesHouches2017/lh2017-alphas/rivet-analysis/Rivet-as013650-parton.yoda/MC_LHJSS_Zjet/Angularity_zcut_0.2_beta_2_alpha_0.5 //home/frederic/Work/Software/LesHouches2017/lh2017-alphas/rivet-analysis/Rivet-as012285-parton.yoda/MC_LHJSS_Zjet/Angularity_zcut_0.2_beta_2_alpha_0.5 //home/frederic/Work/Software/LesHouches2017/lh2017-alphas/rivet-analysis/Rivet-as015015-parton.yoda/MC_LHJSS_Zjet/Angularity_zcut_0.2_beta_2_alpha_0.5
RatioPlot=1
Title=Angularity, $\alpha$ = 0.5 $z_{cut}$ = 0.2 $\beta$ = 2
Legend=1
LogY=0
# END PLOT

# BEGIN HISTO1D //home/frederic/Work/Software/LesHouches2017/lh2017-alphas/rivet-analysis/Rivet-as013650-parton.yoda/MC_LHJSS_Zjet/Angularity_zcut_0.2_beta_2_alpha_0.5
LineColor=red
LineStyle=solid
NormalizeToIntegral=1
Path=//home/frederic/Work/Software/LesHouches2017/lh2017-alphas/rivet-analysis/Rivet-as013650-parton.yoda/MC_LHJSS_Zjet/Angularity_zcut_0.2_beta_2_alpha_0.5
ScaledBy=1.26596700889974804e-05
Title=Rivet-as013650-parton
XLabel=
YLabel=
# xlow	 xhigh	 val	 errminus	 errplus
0.000000e+00	1.000000e-02	3.272525e+00	6.436543e-02	6.436543e-02
1.000000e-02	2.000000e-02	4.624577e+00	7.651512e-02	7.651512e-02
2.000000e-02	3.000000e-02	6.089301e+00	8.780009e-02	8.780009e-02
3.000000e-02	4.000000e-02	6.740008e+00	9.237223e-02	9.237223e-02
4.000000e-02	5.000000e-02	6.965350e+00	9.390370e-02	9.390370e-02
5.000000e-02	6.000000e-02	6.646327e+00	9.172802e-02	9.172802e-02
6.000000e-02	7.000000e-02	6.184249e+00	8.848195e-02	8.848195e-02
7.000000e-02	8.000000e-02	5.605702e+00	8.424152e-02	8.424152e-02
8.000000e-02	9.000000e-02	5.036017e+00	7.984630e-02	7.984630e-02
9.000000e-02	1.000000e-01	4.698004e+00	7.712015e-02	7.712015e-02
1.000000e-01	1.100000e-01	4.008052e+00	7.123244e-02	7.123244e-02
1.100000e-01	1.200000e-01	3.530782e+00	6.685697e-02	6.685697e-02
1.200000e-01	1.300000e-01	3.237078e+00	6.401588e-02	6.401588e-02
1.300000e-01	1.400000e-01	2.811713e+00	5.966185e-02	5.966185e-02
1.400000e-01	1.500000e-01	2.620552e+00	5.759802e-02	5.759802e-02
1.500000e-01	1.600000e-01	2.405337e+00	5.518223e-02	5.518223e-02
1.600000e-01	1.700000e-01	2.071122e+00	5.120520e-02	5.120520e-02
1.700000e-01	1.800000e-01	2.026813e+00	5.065451e-02	5.065451e-02
1.800000e-01	1.900000e-01	1.810333e+00	4.787298e-02	4.787298e-02
1.900000e-01	2.000000e-01	1.668545e+00	4.596000e-02	4.596000e-02
2.000000e-01	2.100000e-01	1.516628e+00	4.381783e-02	4.381783e-02
2.100000e-01	2.200000e-01	1.393830e+00	4.200645e-02	4.200645e-02
2.200000e-01	2.300000e-01	1.231786e+00	3.948924e-02	3.948924e-02
2.300000e-01	2.400000e-01	1.245712e+00	3.971184e-02	3.971184e-02
2.400000e-01	2.500000e-01	1.101391e+00	3.734066e-02	3.734066e-02
2.500000e-01	2.600000e-01	1.033029e+00	3.616325e-02	3.616325e-02
2.600000e-01	2.700000e-01	9.697307e-01	3.503779e-02	3.503779e-02
2.700000e-01	2.800000e-01	8.051550e-01	3.192648e-02	3.192648e-02
2.800000e-01	2.900000e-01	8.013571e-01	3.185109e-02	3.185109e-02
2.900000e-01	3.000000e-01	7.583142e-01	3.098388e-02	3.098388e-02
3.000000e-01	3.100000e-01	6.848882e-01	2.944564e-02	2.944564e-02
3.100000e-01	3.200000e-01	6.608348e-01	2.892395e-02	2.892395e-02
3.200000e-01	3.300000e-01	6.165259e-01	2.793746e-02	2.793746e-02
3.300000e-01	3.400000e-01	5.241103e-01	2.575862e-02	2.575862e-02
3.400000e-01	3.500000e-01	5.405679e-01	2.615991e-02	2.615991e-02
3.500000e-01	3.600000e-01	4.076414e-01	2.271697e-02	2.271697e-02
3.600000e-01	3.700000e-01	4.114393e-01	2.282255e-02	2.282255e-02
3.700000e-01	3.800000e-01	4.177691e-01	2.299743e-02	2.299743e-02
3.800000e-01	3.900000e-01	3.240876e-01	2.025547e-02	2.025547e-02
3.900000e-01	4.000000e-01	3.367472e-01	2.064730e-02	2.064730e-02
4.000000e-01	4.100000e-01	2.392678e-01	1.740417e-02	1.740417e-02
4.100000e-01	4.200000e-01	2.354699e-01	1.726549e-02	1.726549e-02
4.200000e-01	4.300000e-01	2.557253e-01	1.799277e-02	1.799277e-02
4.300000e-01	4.400000e-01	2.088846e-01	1.626164e-02	1.626164e-02
4.400000e-01	4.500000e-01	1.848312e-01	1.529674e-02	1.529674e-02
4.500000e-01	4.600000e-01	1.860972e-01	1.534904e-02	1.534904e-02
4.600000e-01	4.700000e-01	1.544480e-01	1.398306e-02	1.398306e-02
4.700000e-01	4.800000e-01	1.152030e-01	1.207656e-02	1.207656e-02
4.800000e-01	4.900000e-01	8.735172e-02	1.051591e-02	1.051591e-02
4.900000e-01	5.000000e-01	9.874543e-02	1.118072e-02	1.118072e-02
5.000000e-01	5.100000e-01	6.583028e-02	9.129018e-03	9.129018e-03
5.100000e-01	5.200000e-01	5.823448e-02	8.586206e-03	8.586206e-03
5.200000e-01	5.300000e-01	4.051094e-02	7.161391e-03	7.161391e-03
5.300000e-01	5.400000e-01	4.557481e-02	7.595802e-03	7.595802e-03
5.400000e-01	5.500000e-01	3.291514e-02	6.455190e-03	6.455190e-03
5.500000e-01	5.600000e-01	3.291514e-02	6.455190e-03	6.455190e-03
5.600000e-01	5.700000e-01	3.164918e-02	6.329835e-03	6.329835e-03
5.700000e-01	5.800000e-01	2.405337e-02	5.518223e-03	5.518223e-03
5.800000e-01	5.900000e-01	8.861769e-03	3.349434e-03	3.349434e-03
5.900000e-01	6.000000e-01	1.012774e-02	3.580695e-03	3.580695e-03
6.000000e-01	6.100000e-01	1.012774e-02	3.580695e-03	3.580695e-03
6.100000e-01	6.200000e-01	1.139370e-02	3.797901e-03	3.797901e-03
6.200000e-01	6.300000e-01	7.595802e-03	3.100973e-03	3.100973e-03
6.300000e-01	6.400000e-01	6.329835e-03	2.830788e-03	2.830788e-03
6.400000e-01	6.500000e-01	6.329835e-03	2.830788e-03	2.830788e-03
6.500000e-01	6.600000e-01	3.797901e-03	2.192719e-03	2.192719e-03
6.600000e-01	6.700000e-01	2.531934e-03	1.790348e-03	1.790348e-03
6.700000e-01	6.800000e-01	1.265967e-03	1.265967e-03	1.265967e-03
6.800000e-01	6.900000e-01	0.000000e+00	0.000000e+00	0.000000e+00
6.900000e-01	7.000000e-01	0.000000e+00	0.000000e+00	0.000000e+00
7.000000e-01	7.100000e-01	0.000000e+00	0.000000e+00	0.000000e+00
7.100000e-01	7.200000e-01	0.000000e+00	0.000000e+00	0.000000e+00
7.200000e-01	7.300000e-01	0.000000e+00	0.000000e+00	0.000000e+00
7.300000e-01	7.400000e-01	0.000000e+00	0.000000e+00	0.000000e+00
7.400000e-01	7.500000e-01	0.000000e+00	0.000000e+00	0.000000e+00
7.500000e-01	7.600000e-01	0.000000e+00	0.000000e+00	0.000000e+00
7.600000e-01	7.700000e-01	0.000000e+00	0.000000e+00	0.000000e+00
7.700000e-01	7.800000e-01	0.000000e+00	0.000000e+00	0.000000e+00
7.800000e-01	7.900000e-01	0.000000e+00	0.000000e+00	0.000000e+00
7.900000e-01	8.000000e-01	0.000000e+00	0.000000e+00	0.000000e+00
8.000000e-01	8.100000e-01	0.000000e+00	0.000000e+00	0.000000e+00
8.100000e-01	8.200000e-01	0.000000e+00	0.000000e+00	0.000000e+00
8.200000e-01	8.300000e-01	0.000000e+00	0.000000e+00	0.000000e+00
8.300000e-01	8.400000e-01	0.000000e+00	0.000000e+00	0.000000e+00
8.400000e-01	8.500000e-01	0.000000e+00	0.000000e+00	0.000000e+00
8.500000e-01	8.600000e-01	0.000000e+00	0.000000e+00	0.000000e+00
8.600000e-01	8.700000e-01	0.000000e+00	0.000000e+00	0.000000e+00
8.700000e-01	8.800000e-01	0.000000e+00	0.000000e+00	0.000000e+00
8.800000e-01	8.900000e-01	0.000000e+00	0.000000e+00	0.000000e+00
8.900000e-01	9.000000e-01	0.000000e+00	0.000000e+00	0.000000e+00
9.000000e-01	9.100000e-01	0.000000e+00	0.000000e+00	0.000000e+00
9.100000e-01	9.200000e-01	0.000000e+00	0.000000e+00	0.000000e+00
9.200000e-01	9.300000e-01	0.000000e+00	0.000000e+00	0.000000e+00
9.300000e-01	9.400000e-01	0.000000e+00	0.000000e+00	0.000000e+00
9.400000e-01	9.500000e-01	0.000000e+00	0.000000e+00	0.000000e+00
9.500000e-01	9.600000e-01	0.000000e+00	0.000000e+00	0.000000e+00
9.600000e-01	9.700000e-01	0.000000e+00	0.000000e+00	0.000000e+00
9.700000e-01	9.800000e-01	0.000000e+00	0.000000e+00	0.000000e+00
9.800000e-01	9.900000e-01	0.000000e+00	0.000000e+00	0.000000e+00
9.900000e-01	1.000000e+00	0.000000e+00	0.000000e+00	0.000000e+00
# END HISTO1D

# BEGIN HISTO1D //home/frederic/Work/Software/LesHouches2017/lh2017-alphas/rivet-analysis/Rivet-as012285-parton.yoda/MC_LHJSS_Zjet/Angularity_zcut_0.2_beta_2_alpha_0.5
LineColor=blue
LineStyle=solid
NormalizeToIntegral=1
Path=//home/frederic/Work/Software/LesHouches2017/lh2017-alphas/rivet-analysis/Rivet-as012285-parton.yoda/MC_LHJSS_Zjet/Angularity_zcut_0.2_beta_2_alpha_0.5
ScaledBy=1.50174953821201704e-05
Title=Rivet-as012285-parton
XLabel=
YLabel=
# xlow	 xhigh	 val	 errminus	 errplus
0.000000e+00	1.000000e-02	8.842301e+00	1.152342e-01	1.152342e-01
1.000000e-02	2.000000e-02	7.324032e+00	1.048754e-01	1.048754e-01
2.000000e-02	3.000000e-02	7.726501e+00	1.077185e-01	1.077185e-01
3.000000e-02	4.000000e-02	7.655919e+00	1.072253e-01	1.072253e-01
4.000000e-02	5.000000e-02	6.905044e+00	1.018315e-01	1.018315e-01
5.000000e-02	6.000000e-02	6.395951e+00	9.800570e-02	9.800570e-02
6.000000e-02	7.000000e-02	5.520431e+00	9.105111e-02	9.105111e-02
7.000000e-02	8.000000e-02	5.015843e+00	8.679021e-02	8.679021e-02
8.000000e-02	9.000000e-02	4.161348e+00	7.905253e-02	7.905253e-02
9.000000e-02	1.000000e-01	3.793419e+00	7.547692e-02	7.547692e-02
1.000000e-01	1.100000e-01	3.291835e+00	7.031011e-02	7.031011e-02
1.100000e-01	1.200000e-01	3.011008e+00	6.724418e-02	6.724418e-02
1.200000e-01	1.300000e-01	2.713661e+00	6.383761e-02	6.383761e-02
1.300000e-01	1.400000e-01	2.443346e+00	6.057470e-02	6.057470e-02
1.400000e-01	1.500000e-01	2.236105e+00	5.794886e-02	5.794886e-02
1.500000e-01	1.600000e-01	2.037874e+00	5.532067e-02	5.532067e-02
1.600000e-01	1.700000e-01	1.790085e+00	5.184843e-02	5.184843e-02
1.700000e-01	1.800000e-01	1.708991e+00	5.066040e-02	5.066040e-02
1.800000e-01	1.900000e-01	1.453694e+00	4.672348e-02	4.672348e-02
1.900000e-01	2.000000e-01	1.431167e+00	4.636006e-02	4.636006e-02
2.000000e-01	2.100000e-01	1.282494e+00	4.388605e-02	4.388605e-02
2.100000e-01	2.200000e-01	1.207407e+00	4.258194e-02	4.258194e-02
2.200000e-01	2.300000e-01	1.069246e+00	4.007167e-02	4.007167e-02
2.300000e-01	2.400000e-01	1.006172e+00	3.887183e-02	3.887183e-02
2.400000e-01	2.500000e-01	9.190707e-01	3.715123e-02	3.715123e-02
2.500000e-01	2.600000e-01	8.034360e-01	3.473557e-02	3.473557e-02
2.600000e-01	2.700000e-01	7.628888e-01	3.384772e-02	3.384772e-02
2.700000e-01	2.800000e-01	7.238433e-01	3.297015e-02	3.297015e-02
2.800000e-01	2.900000e-01	6.292331e-01	3.074005e-02	3.074005e-02
2.900000e-01	3.000000e-01	6.397453e-01	3.099576e-02	3.099576e-02
3.000000e-01	3.100000e-01	5.511421e-01	2.876938e-02	2.876938e-02
3.100000e-01	3.200000e-01	5.030861e-01	2.748653e-02	2.748653e-02
3.200000e-01	3.300000e-01	4.370091e-01	2.561793e-02	2.561793e-02
3.300000e-01	3.400000e-01	4.535284e-01	2.609762e-02	2.609762e-02
3.400000e-01	3.500000e-01	4.355074e-01	2.557387e-02	2.557387e-02
3.500000e-01	3.600000e-01	3.649251e-01	2.340996e-02	2.340996e-02
3.600000e-01	3.700000e-01	3.138657e-01	2.171054e-02	2.171054e-02
3.700000e-01	3.800000e-01	3.423989e-01	2.267592e-02	2.267592e-02
3.800000e-01	3.900000e-01	2.447852e-01	1.917305e-02	1.917305e-02
3.900000e-01	4.000000e-01	2.387782e-01	1.893634e-02	1.893634e-02
4.000000e-01	4.100000e-01	2.327712e-01	1.869663e-02	1.869663e-02
4.100000e-01	4.200000e-01	2.222589e-01	1.826957e-02	1.826957e-02
4.200000e-01	4.300000e-01	1.591855e-01	1.546146e-02	1.546146e-02
4.300000e-01	4.400000e-01	1.441680e-01	1.471408e-02	1.471408e-02
4.400000e-01	4.500000e-01	1.171365e-01	1.326309e-02	1.326309e-02
4.500000e-01	4.600000e-01	1.171365e-01	1.326309e-02	1.326309e-02
4.600000e-01	4.700000e-01	9.911547e-02	1.220027e-02	1.220027e-02
4.700000e-01	4.800000e-01	9.160672e-02	1.172904e-02	1.172904e-02
4.800000e-01	4.900000e-01	7.809098e-02	1.082927e-02	1.082927e-02
4.900000e-01	5.000000e-01	6.157173e-02	9.615889e-03	9.615889e-03
5.000000e-01	5.100000e-01	4.805599e-02	8.495178e-03	8.495178e-03
5.100000e-01	5.200000e-01	5.556473e-02	9.134786e-03	9.134786e-03
5.200000e-01	5.300000e-01	2.853324e-02	6.545974e-03	6.545974e-03
5.300000e-01	5.400000e-01	2.402799e-02	6.006998e-03	6.006998e-03
5.400000e-01	5.500000e-01	2.703149e-02	6.371384e-03	6.371384e-03
5.500000e-01	5.600000e-01	1.952274e-02	5.414635e-03	5.414635e-03
5.600000e-01	5.700000e-01	2.102449e-02	5.619032e-03	5.619032e-03
5.700000e-01	5.800000e-01	1.952274e-02	5.414635e-03	5.414635e-03
5.800000e-01	5.900000e-01	1.051225e-02	3.973256e-03	3.973256e-03
5.900000e-01	6.000000e-01	4.505249e-03	2.601106e-03	2.601106e-03
6.000000e-01	6.100000e-01	4.505249e-03	2.601106e-03	2.601106e-03
6.100000e-01	6.200000e-01	7.508748e-03	3.358014e-03	3.358014e-03
6.200000e-01	6.300000e-01	1.501750e-03	1.501750e-03	1.501750e-03
6.300000e-01	6.400000e-01	4.505249e-03	2.601106e-03	2.601106e-03
6.400000e-01	6.500000e-01	4.505249e-03	2.601106e-03	2.601106e-03
6.500000e-01	6.600000e-01	1.501750e-03	1.501750e-03	1.501750e-03
6.600000e-01	6.700000e-01	3.003499e-03	2.123794e-03	2.123794e-03
6.700000e-01	6.800000e-01	3.003499e-03	2.123794e-03	2.123794e-03
6.800000e-01	6.900000e-01	0.000000e+00	0.000000e+00	0.000000e+00
6.900000e-01	7.000000e-01	0.000000e+00	0.000000e+00	0.000000e+00
7.000000e-01	7.100000e-01	0.000000e+00	0.000000e+00	0.000000e+00
7.100000e-01	7.200000e-01	0.000000e+00	0.000000e+00	0.000000e+00
7.200000e-01	7.300000e-01	0.000000e+00	0.000000e+00	0.000000e+00
7.300000e-01	7.400000e-01	1.501750e-03	1.501750e-03	1.501750e-03
7.400000e-01	7.500000e-01	0.000000e+00	0.000000e+00	0.000000e+00
7.500000e-01	7.600000e-01	0.000000e+00	0.000000e+00	0.000000e+00
7.600000e-01	7.700000e-01	0.000000e+00	0.000000e+00	0.000000e+00
7.700000e-01	7.800000e-01	0.000000e+00	0.000000e+00	0.000000e+00
7.800000e-01	7.900000e-01	0.000000e+00	0.000000e+00	0.000000e+00
7.900000e-01	8.000000e-01	0.000000e+00	0.000000e+00	0.000000e+00
8.000000e-01	8.100000e-01	0.000000e+00	0.000000e+00	0.000000e+00
8.100000e-01	8.200000e-01	0.000000e+00	0.000000e+00	0.000000e+00
8.200000e-01	8.300000e-01	0.000000e+00	0.000000e+00	0.000000e+00
8.300000e-01	8.400000e-01	0.000000e+00	0.000000e+00	0.000000e+00
8.400000e-01	8.500000e-01	0.000000e+00	0.000000e+00	0.000000e+00
8.500000e-01	8.600000e-01	0.000000e+00	0.000000e+00	0.000000e+00
8.600000e-01	8.700000e-01	0.000000e+00	0.000000e+00	0.000000e+00
8.700000e-01	8.800000e-01	0.000000e+00	0.000000e+00	0.000000e+00
8.800000e-01	8.900000e-01	0.000000e+00	0.000000e+00	0.000000e+00
8.900000e-01	9.000000e-01	0.000000e+00	0.000000e+00	0.000000e+00
9.000000e-01	9.100000e-01	0.000000e+00	0.000000e+00	0.000000e+00
9.100000e-01	9.200000e-01	0.000000e+00	0.000000e+00	0.000000e+00
9.200000e-01	9.300000e-01	0.000000e+00	0.000000e+00	0.000000e+00
9.300000e-01	9.400000e-01	0.000000e+00	0.000000e+00	0.000000e+00
9.400000e-01	9.500000e-01	0.000000e+00	0.000000e+00	0.000000e+00
9.500000e-01	9.600000e-01	0.000000e+00	0.000000e+00	0.000000e+00
9.600000e-01	9.700000e-01	0.000000e+00	0.000000e+00	0.000000e+00
9.700000e-01	9.800000e-01	0.000000e+00	0.000000e+00	0.000000e+00
9.800000e-01	9.900000e-01	0.000000e+00	0.000000e+00	0.000000e+00
9.900000e-01	1.000000e+00	0.000000e+00	0.000000e+00	0.000000e+00
# END HISTO1D

# BEGIN HISTO1D //home/frederic/Work/Software/LesHouches2017/lh2017-alphas/rivet-analysis/Rivet-as015015-parton.yoda/MC_LHJSS_Zjet/Angularity_zcut_0.2_beta_2_alpha_0.5
LineColor=green
LineStyle=solid
NormalizeToIntegral=1
Path=//home/frederic/Work/Software/LesHouches2017/lh2017-alphas/rivet-analysis/Rivet-as015015-parton.yoda/MC_LHJSS_Zjet/Angularity_zcut_0.2_beta_2_alpha_0.5
ScaledBy=1.73804226918798664e-05
Title=Rivet-as015015-parton
XLabel=
YLabel=
# xlow	 xhigh	 val	 errminus	 errplus
0.000000e+00	1.000000e-02	6.639321e-01	3.396972e-02	3.396972e-02
1.000000e-02	2.000000e-02	1.899680e+00	5.746063e-02	5.746063e-02
2.000000e-02	3.000000e-02	3.446538e+00	7.739656e-02	7.739656e-02
3.000000e-02	4.000000e-02	4.866518e+00	9.196855e-02	9.196855e-02
4.000000e-02	5.000000e-02	6.050125e+00	1.025445e-01	1.025445e-01
5.000000e-02	6.000000e-02	6.585442e+00	1.069850e-01	1.069850e-01
6.000000e-02	7.000000e-02	6.616727e+00	1.072388e-01	1.072388e-01
7.000000e-02	8.000000e-02	6.178740e+00	1.036287e-01	1.036287e-01
8.000000e-02	9.000000e-02	5.709469e+00	9.961575e-02	9.961575e-02
9.000000e-02	1.000000e-01	5.250626e+00	9.552910e-02	9.552910e-02
1.000000e-01	1.100000e-01	4.604074e+00	8.945432e-02	8.945432e-02
1.100000e-01	1.200000e-01	4.244299e+00	8.588813e-02	8.588813e-02
1.200000e-01	1.300000e-01	3.842811e+00	8.172496e-02	8.172496e-02
1.300000e-01	1.400000e-01	3.627294e+00	7.940020e-02	7.940020e-02
1.400000e-01	1.500000e-01	3.126738e+00	7.371840e-02	7.371840e-02
1.500000e-01	1.600000e-01	2.836485e+00	7.021347e-02	7.021347e-02
1.600000e-01	1.700000e-01	2.610539e+00	6.735895e-02	6.735895e-02
1.700000e-01	1.800000e-01	2.473234e+00	6.556360e-02	6.556360e-02
1.800000e-01	1.900000e-01	2.229908e+00	6.225492e-02	6.225492e-02
1.900000e-01	2.000000e-01	1.924013e+00	5.782747e-02	5.782747e-02
2.000000e-01	2.100000e-01	1.776279e+00	5.556301e-02	5.556301e-02
2.100000e-01	2.200000e-01	1.619855e+00	5.306013e-02	5.306013e-02
2.200000e-01	2.300000e-01	1.555548e+00	5.199623e-02	5.199623e-02
2.300000e-01	2.400000e-01	1.333078e+00	4.813468e-02	4.813468e-02
2.400000e-01	2.500000e-01	1.303532e+00	4.759825e-02	4.759825e-02
2.500000e-01	2.600000e-01	1.200987e+00	4.568771e-02	4.568771e-02
2.600000e-01	2.700000e-01	1.124513e+00	4.420918e-02	4.420918e-02
2.700000e-01	2.800000e-01	9.802558e-01	4.127622e-02	4.127622e-02
2.800000e-01	2.900000e-01	9.785178e-01	4.123960e-02	4.123960e-02
2.900000e-01	3.000000e-01	8.603309e-01	3.866901e-02	3.866901e-02
3.000000e-01	3.100000e-01	8.081897e-01	3.747890e-02	3.747890e-02
3.100000e-01	3.200000e-01	7.473582e-01	3.604081e-02	3.604081e-02
3.200000e-01	3.300000e-01	6.969549e-01	3.480427e-02	3.480427e-02
3.300000e-01	3.400000e-01	6.239572e-01	3.293120e-02	3.293120e-02
3.400000e-01	3.500000e-01	5.335790e-01	3.045296e-02	3.045296e-02
3.500000e-01	3.600000e-01	5.805061e-01	3.176388e-02	3.176388e-02
3.600000e-01	3.700000e-01	4.657953e-01	2.845298e-02	2.845298e-02
3.700000e-01	3.800000e-01	4.762236e-01	2.876972e-02	2.876972e-02
3.800000e-01	3.900000e-01	4.067019e-01	2.658693e-02	2.658693e-02
3.900000e-01	4.000000e-01	3.562987e-01	2.488498e-02	2.488498e-02
4.000000e-01	4.100000e-01	3.163237e-01	2.344747e-02	2.344747e-02
4.100000e-01	4.200000e-01	2.885150e-01	2.239311e-02	2.239311e-02
4.200000e-01	4.300000e-01	2.989433e-01	2.279421e-02	2.279421e-02
4.300000e-01	4.400000e-01	3.076335e-01	2.312315e-02	2.312315e-02
4.400000e-01	4.500000e-01	2.537542e-01	2.100085e-02	2.100085e-02
4.500000e-01	4.600000e-01	2.033509e-01	1.879980e-02	1.879980e-02
4.600000e-01	4.700000e-01	1.824944e-01	1.780963e-02	1.780963e-02
4.700000e-01	4.800000e-01	1.320912e-01	1.515190e-02	1.515190e-02
4.800000e-01	4.900000e-01	1.373053e-01	1.544806e-02	1.544806e-02
4.900000e-01	5.000000e-01	1.112347e-01	1.390434e-02	1.390434e-02
5.000000e-01	5.100000e-01	1.042825e-01	1.346282e-02	1.346282e-02
5.100000e-01	5.200000e-01	1.060206e-01	1.357454e-02	1.357454e-02
5.200000e-01	5.300000e-01	8.168799e-02	1.191542e-02	1.191542e-02
5.300000e-01	5.400000e-01	5.735539e-02	9.984293e-03	9.984293e-03
5.400000e-01	5.500000e-01	4.345106e-02	8.690211e-03	8.690211e-03
5.500000e-01	5.600000e-01	4.345106e-02	8.690211e-03	8.690211e-03
5.600000e-01	5.700000e-01	2.259455e-02	6.266600e-03	6.266600e-03
5.700000e-01	5.800000e-01	3.476085e-02	7.772761e-03	7.772761e-03
5.800000e-01	5.900000e-01	1.564238e-02	5.214127e-03	5.214127e-03
5.900000e-01	6.000000e-01	1.042825e-02	4.257317e-03	4.257317e-03
6.000000e-01	6.100000e-01	1.738042e-03	1.738042e-03	1.738042e-03
6.100000e-01	6.200000e-01	6.952169e-03	3.476084e-03	3.476084e-03
6.200000e-01	6.300000e-01	5.214127e-03	3.010378e-03	3.010378e-03
6.300000e-01	6.400000e-01	8.690211e-03	3.886380e-03	3.886380e-03
6.400000e-01	6.500000e-01	1.738042e-03	1.738042e-03	1.738042e-03
6.500000e-01	6.600000e-01	0.000000e+00	0.000000e+00	0.000000e+00
6.600000e-01	6.700000e-01	1.738042e-03	1.738042e-03	1.738042e-03
6.700000e-01	6.800000e-01	0.000000e+00	0.000000e+00	0.000000e+00
6.800000e-01	6.900000e-01	3.476085e-03	2.457963e-03	2.457963e-03
6.900000e-01	7.000000e-01	1.738042e-03	1.738042e-03	1.738042e-03
7.000000e-01	7.100000e-01	0.000000e+00	0.000000e+00	0.000000e+00
7.100000e-01	7.200000e-01	0.000000e+00	0.000000e+00	0.000000e+00
7.200000e-01	7.300000e-01	0.000000e+00	0.000000e+00	0.000000e+00
7.300000e-01	7.400000e-01	0.000000e+00	0.000000e+00	0.000000e+00
7.400000e-01	7.500000e-01	1.738042e-03	1.738042e-03	1.738042e-03
7.500000e-01	7.600000e-01	0.000000e+00	0.000000e+00	0.000000e+00
7.600000e-01	7.700000e-01	0.000000e+00	0.000000e+00	0.000000e+00
7.700000e-01	7.800000e-01	0.000000e+00	0.000000e+00	0.000000e+00
7.800000e-01	7.900000e-01	0.000000e+00	0.000000e+00	0.000000e+00
7.900000e-01	8.000000e-01	0.000000e+00	0.000000e+00	0.000000e+00
8.000000e-01	8.100000e-01	0.000000e+00	0.000000e+00	0.000000e+00
8.100000e-01	8.200000e-01	0.000000e+00	0.000000e+00	0.000000e+00
8.200000e-01	8.300000e-01	0.000000e+00	0.000000e+00	0.000000e+00
8.300000e-01	8.400000e-01	0.000000e+00	0.000000e+00	0.000000e+00
8.400000e-01	8.500000e-01	0.000000e+00	0.000000e+00	0.000000e+00
8.500000e-01	8.600000e-01	0.000000e+00	0.000000e+00	0.000000e+00
8.600000e-01	8.700000e-01	0.000000e+00	0.000000e+00	0.000000e+00
8.700000e-01	8.800000e-01	0.000000e+00	0.000000e+00	0.000000e+00
8.800000e-01	8.900000e-01	0.000000e+00	0.000000e+00	0.000000e+00
8.900000e-01	9.000000e-01	0.000000e+00	0.000000e+00	0.000000e+00
9.000000e-01	9.100000e-01	0.000000e+00	0.000000e+00	0.000000e+00
9.100000e-01	9.200000e-01	0.000000e+00	0.000000e+00	0.000000e+00
9.200000e-01	9.300000e-01	0.000000e+00	0.000000e+00	0.000000e+00
9.300000e-01	9.400000e-01	0.000000e+00	0.000000e+00	0.000000e+00
9.400000e-01	9.500000e-01	0.000000e+00	0.000000e+00	0.000000e+00
9.500000e-01	9.600000e-01	0.000000e+00	0.000000e+00	0.000000e+00
9.600000e-01	9.700000e-01	0.000000e+00	0.000000e+00	0.000000e+00
9.700000e-01	9.800000e-01	0.000000e+00	0.000000e+00	0.000000e+00
9.800000e-01	9.900000e-01	0.000000e+00	0.000000e+00	0.000000e+00
9.900000e-01	1.000000e+00	0.000000e+00	0.000000e+00	0.000000e+00
# END HISTO1D

