# BEGIN PLOT
LegendOnly=//home/frederic/Work/Software/LesHouches2017/lh2017-alphas/rivet-analysis/Rivet-as013650-parton.yoda/MC_LHJSS_Zjet/log_Angularity_zcut_0.05_beta_2_alpha_1 //home/frederic/Work/Software/LesHouches2017/lh2017-alphas/rivet-analysis/Rivet-as012285-parton.yoda/MC_LHJSS_Zjet/log_Angularity_zcut_0.05_beta_2_alpha_1 //home/frederic/Work/Software/LesHouches2017/lh2017-alphas/rivet-analysis/Rivet-as015015-parton.yoda/MC_LHJSS_Zjet/log_Angularity_zcut_0.05_beta_2_alpha_1
DrawOnly=//home/frederic/Work/Software/LesHouches2017/lh2017-alphas/rivet-analysis/Rivet-as013650-parton.yoda/MC_LHJSS_Zjet/log_Angularity_zcut_0.05_beta_2_alpha_1 //home/frederic/Work/Software/LesHouches2017/lh2017-alphas/rivet-analysis/Rivet-as012285-parton.yoda/MC_LHJSS_Zjet/log_Angularity_zcut_0.05_beta_2_alpha_1 //home/frederic/Work/Software/LesHouches2017/lh2017-alphas/rivet-analysis/Rivet-as015015-parton.yoda/MC_LHJSS_Zjet/log_Angularity_zcut_0.05_beta_2_alpha_1
Title=Angularity, $\alpha$ = 1 $z_{cut}$ = 0.05 $\beta$ = 2
RatioPlot=1
LogX=1
LogY=0
RatioPlotYLabel=Ratio
RatioPlotReference=//home/frederic/Work/Software/LesHouches2017/lh2017-alphas/rivet-analysis/Rivet-as013650-parton.yoda/MC_LHJSS_Zjet/log_Angularity_zcut_0.05_beta_2_alpha_1
XLabel=$e_\alpha$
YLabel=$1/\sigma \text{d}\sigma/\text{d}e_\alpha$
Legend=1
# END PLOT

# BEGIN HISTO1D //home/frederic/Work/Software/LesHouches2017/lh2017-alphas/rivet-analysis/Rivet-as013650-parton.yoda/MC_LHJSS_Zjet/log_Angularity_zcut_0.05_beta_2_alpha_1
LineColor=red
LineStyle=solid
NormalizeToIntegral=1
Path=//home/frederic/Work/Software/LesHouches2017/lh2017-alphas/rivet-analysis/Rivet-as013650-parton.yoda/MC_LHJSS_Zjet/log_Angularity_zcut_0.05_beta_2_alpha_1
ScaledBy=1.26596700889974804e-05
Title=Rivet-as013650-parton
XLabel=
YLabel=
# xlow	 xhigh	 val	 errminus	 errplus
1.000000e-04	1.096478e-04	3.936546e+00	2.272766e+00	2.272766e+00
1.096478e-04	1.202264e-04	3.590174e+00	2.072788e+00	2.072788e+00
1.202264e-04	1.318257e-04	1.091417e+00	1.091417e+00	1.091417e+00
1.318257e-04	1.445440e-04	1.990780e+00	1.407694e+00	1.407694e+00
1.445440e-04	1.584893e-04	2.723427e+00	1.572371e+00	1.572371e+00
1.584893e-04	1.737801e-04	1.655855e+00	1.170866e+00	1.170866e+00
1.737801e-04	1.905461e-04	7.550799e-01	7.550798e-01	7.550798e-01
1.905461e-04	2.089296e-04	1.377286e+00	9.738884e-01	9.738884e-01
2.089296e-04	2.290868e-04	3.140235e+00	1.404356e+00	1.404356e+00
2.290868e-04	2.511886e-04	4.582315e+00	1.620092e+00	1.620092e+00
2.511886e-04	2.754229e-04	2.611932e+00	1.168092e+00	1.168092e+00
2.754229e-04	3.019952e-04	1.905694e+00	9.528472e-01	9.528472e-01
3.019952e-04	3.311311e-04	3.041529e+00	1.149590e+00	1.149590e+00
3.311311e-04	3.630781e-04	3.566438e+00	1.188813e+00	1.188813e+00
3.630781e-04	3.981072e-04	3.614044e+00	1.142861e+00	1.142861e+00
3.981072e-04	4.365158e-04	2.307236e+00	8.720532e-01	8.720532e-01
4.365158e-04	4.786301e-04	4.509041e+00	1.164229e+00	1.164229e+00
4.786301e-04	5.248075e-04	4.934754e+00	1.163132e+00	1.163132e+00
5.248075e-04	5.754399e-04	6.500806e+00	1.274913e+00	1.274913e+00
5.754399e-04	6.309573e-04	6.612889e+00	1.227983e+00	1.227983e+00
6.309573e-04	6.918310e-04	6.031018e+00	1.119932e+00	1.119932e+00
6.918310e-04	7.585776e-04	1.024205e+01	1.393767e+00	1.393767e+00
7.585776e-04	8.317638e-04	8.302989e+00	1.198433e+00	1.198433e+00
8.317638e-04	9.120108e-04	9.938804e+00	1.252172e+00	1.252172e+00
9.120108e-04	1.000000e-03	1.381224e+01	1.409706e+00	1.409706e+00
1.000000e-03	1.096478e-03	1.036624e+01	1.166293e+00	1.166293e+00
1.096478e-03	1.202264e-03	1.412135e+01	1.299976e+00	1.299976e+00
1.202264e-03	1.318257e-03	1.407927e+01	1.239611e+00	1.239611e+00
1.318257e-03	1.445440e-03	1.403500e+01	1.181960e+00	1.181960e+00
1.445440e-03	1.584893e-03	1.488807e+01	1.162563e+00	1.162563e+00
1.584893e-03	1.737801e-03	1.498548e+01	1.113862e+00	1.113862e+00
1.737801e-03	1.905461e-03	1.608320e+01	1.102003e+00	1.102003e+00
1.905461e-03	2.089296e-03	1.721608e+01	1.088840e+00	1.088840e+00
2.089296e-03	2.290868e-03	2.085116e+01	1.144356e+00	1.144356e+00
2.290868e-03	2.511886e-03	2.039129e+01	1.080736e+00	1.080736e+00
2.511886e-03	2.754229e-03	2.073874e+01	1.040848e+00	1.040848e+00
2.754229e-03	3.019952e-03	2.482167e+01	1.087457e+00	1.087457e+00
3.019952e-03	3.311311e-03	2.467984e+01	1.035543e+00	1.035543e+00
3.311311e-03	3.630781e-03	2.583687e+01	1.011850e+00	1.011850e+00
3.630781e-03	3.981072e-03	2.472006e+01	9.451951e-01	9.451951e-01
3.981072e-03	4.365158e-03	2.630249e+01	9.310981e-01	9.310981e-01
4.365158e-03	4.786301e-03	2.753521e+01	9.097887e-01	9.097887e-01
4.786301e-03	5.248075e-03	2.755237e+01	8.691124e-01	8.691124e-01
5.248075e-03	5.754399e-03	2.627825e+01	8.105788e-01	8.105788e-01
5.754399e-03	6.309573e-03	2.797937e+01	7.987586e-01	7.987586e-01
6.309573e-03	6.918310e-03	2.722277e+01	7.524237e-01	7.524237e-01
6.918310e-03	7.585776e-03	2.733110e+01	7.199880e-01	7.199880e-01
7.585776e-03	8.317638e-03	2.606792e+01	6.715058e-01	6.715058e-01
8.317638e-03	9.120108e-03	2.432640e+01	6.194921e-01	6.194921e-01
9.120108e-03	1.000000e-02	2.349520e+01	5.814148e-01	5.814148e-01
1.000000e-02	1.096478e-02	2.180846e+01	5.349456e-01	5.349456e-01
1.096478e-02	1.202264e-02	2.146924e+01	5.068803e-01	5.068803e-01
1.202264e-02	1.318257e-02	2.004932e+01	4.677838e-01	4.677838e-01
1.318257e-02	1.445440e-02	1.786725e+01	4.217213e-01	4.217213e-01
1.445440e-02	1.584893e-02	1.666737e+01	3.889832e-01	3.889832e-01
1.584893e-02	1.737801e-02	1.607835e+01	3.648521e-01	3.648521e-01
1.737801e-02	1.905461e-02	1.446733e+01	3.305146e-01	3.305146e-01
1.905461e-02	2.089296e-02	1.390370e+01	3.094300e-01	3.094300e-01
2.089296e-02	2.290868e-02	1.269911e+01	2.824118e-01	2.824118e-01
2.290868e-02	2.511886e-02	1.140423e+01	2.555821e-01	2.555821e-01
2.511886e-02	2.754229e-02	1.062534e+01	2.355957e-01	2.355957e-01
2.754229e-02	3.019952e-02	9.885791e+00	2.170213e-01	2.170213e-01
3.019952e-02	3.311311e-02	8.607529e+00	1.933910e-01	1.933910e-01
3.311311e-02	3.630781e-02	8.238473e+00	1.806839e-01	1.806839e-01
3.630781e-02	3.981072e-02	7.087139e+00	1.600414e-01	1.600414e-01
3.981072e-02	4.365158e-02	6.611879e+00	1.476248e-01	1.476248e-01
4.365158e-02	4.786301e-02	5.729486e+00	1.312364e-01	1.312364e-01
4.786301e-02	5.248075e-02	5.176008e+00	1.191225e-01	1.191225e-01
5.248075e-02	5.754399e-02	4.863103e+00	1.102691e-01	1.102691e-01
5.754399e-02	6.309573e-02	4.551492e+00	1.018764e-01	1.018764e-01
6.309573e-02	6.918310e-02	3.768347e+00	8.852620e-02	8.852620e-02
6.918310e-02	7.585776e-02	3.455745e+00	8.095942e-02	8.095942e-02
7.585776e-02	8.317638e-02	2.906046e+00	7.090026e-02	7.090026e-02
8.317638e-02	9.120108e-02	2.612485e+00	6.419834e-02	6.419834e-02
9.120108e-02	1.000000e-01	2.244490e+00	5.682708e-02	5.682708e-02
1.000000e-01	1.096478e-01	1.956464e+00	5.066791e-02	5.066791e-02
1.096478e-01	1.202264e-01	1.675415e+00	4.477733e-02	4.477733e-02
1.202264e-01	1.318257e-01	1.545446e+00	4.106976e-02	4.106976e-02
1.318257e-01	1.445440e-01	1.338800e+00	3.650517e-02	3.650517e-02
1.445440e-01	1.584893e-01	1.123868e+00	3.194147e-02	3.194147e-02
1.584893e-01	1.737801e-01	9.223108e-01	2.763343e-02	2.763343e-02
1.737801e-01	1.905461e-01	7.762221e-01	2.420970e-02	2.420970e-02
1.905461e-01	2.089296e-01	6.528338e-01	2.120305e-02	2.120305e-02
2.089296e-01	2.290868e-01	5.175109e-01	1.802834e-02	1.802834e-02
2.290868e-01	2.511886e-01	4.370381e-01	1.582184e-02	1.582184e-02
2.511886e-01	2.754229e-01	3.097752e-01	1.272094e-02	1.272094e-02
2.754229e-01	3.019952e-01	2.644151e-01	1.122380e-02	1.122380e-02
3.019952e-01	3.311311e-01	1.785812e-01	8.808762e-03	8.808762e-03
3.311311e-01	3.630781e-01	1.307694e-01	7.198620e-03	7.198620e-03
3.630781e-01	3.981072e-01	7.697914e-02	5.274523e-03	5.274523e-03
3.981072e-01	4.365158e-01	3.493814e-02	3.393492e-03	3.393492e-03
4.365158e-01	4.786301e-01	1.142290e-02	1.853039e-03	1.853039e-03
4.786301e-01	5.248075e-01	6.031364e-03	1.285891e-03	1.285891e-03
5.248075e-01	5.754399e-01	3.250403e-03	9.014996e-04	9.014996e-04
5.754399e-01	6.309573e-01	0.000000e+00	0.000000e+00	0.000000e+00
6.309573e-01	6.918310e-01	0.000000e+00	0.000000e+00	0.000000e+00
6.918310e-01	7.585776e-01	0.000000e+00	0.000000e+00	0.000000e+00
7.585776e-01	8.317638e-01	0.000000e+00	0.000000e+00	0.000000e+00
8.317638e-01	9.120108e-01	0.000000e+00	0.000000e+00	0.000000e+00
9.120108e-01	1.000000e+00	0.000000e+00	0.000000e+00	0.000000e+00
# END HISTO1D

# BEGIN HISTO1D //home/frederic/Work/Software/LesHouches2017/lh2017-alphas/rivet-analysis/Rivet-as012285-parton.yoda/MC_LHJSS_Zjet/log_Angularity_zcut_0.05_beta_2_alpha_1
LineColor=blue
LineStyle=solid
NormalizeToIntegral=1
Path=//home/frederic/Work/Software/LesHouches2017/lh2017-alphas/rivet-analysis/Rivet-as012285-parton.yoda/MC_LHJSS_Zjet/log_Angularity_zcut_0.05_beta_2_alpha_1
ScaledBy=1.50174953821201704e-05
Title=Rivet-as012285-parton
XLabel=
YLabel=
# xlow	 xhigh	 val	 errminus	 errplus
1.000000e-04	1.096478e-04	3.113144e+00	2.201325e+00	2.201325e+00
1.096478e-04	1.202264e-04	4.258833e+00	2.458838e+00	2.458838e+00
1.202264e-04	1.318257e-04	1.294690e+00	1.294690e+00	1.294690e+00
1.318257e-04	1.445440e-04	1.180779e+00	1.180779e+00	1.180779e+00
1.445440e-04	1.584893e-04	3.230658e+00	1.865221e+00	1.865221e+00
1.584893e-04	1.737801e-04	2.946379e+00	1.701092e+00	1.701092e+00
1.737801e-04	1.905461e-04	2.687134e+00	1.551417e+00	1.551417e+00
1.905461e-04	2.089296e-04	7.352109e+00	2.450703e+00	2.450703e+00
2.089296e-04	2.290868e-04	4.470113e+00	1.824916e+00	1.824916e+00
2.290868e-04	2.511886e-04	4.076816e+00	1.664353e+00	1.664353e+00
2.511886e-04	2.754229e-04	3.098397e+00	1.385645e+00	1.385645e+00
2.754229e-04	3.019952e-04	7.347027e+00	2.037699e+00	2.037699e+00
3.019952e-04	3.311311e-04	8.762297e+00	2.125169e+00	2.125169e+00
3.311311e-04	3.630781e-04	7.991279e+00	1.938170e+00	1.938170e+00
3.630781e-04	3.981072e-04	1.157530e+01	2.227668e+00	2.227668e+00
3.981072e-04	4.365158e-04	8.210854e+00	1.791755e+00	1.791755e+00
4.365158e-04	4.786301e-04	1.069767e+01	1.953118e+00	1.953118e+00
4.786301e-04	5.248075e-04	1.268331e+01	2.030955e+00	2.030955e+00
5.248075e-04	5.754399e-04	1.394013e+01	2.033377e+00	2.033377e+00
5.754399e-04	6.309573e-04	1.758255e+01	2.180847e+00	2.180847e+00
6.309573e-04	6.918310e-04	1.776235e+01	2.093312e+00	2.093312e+00
6.918310e-04	7.585776e-04	2.159930e+01	2.204469e+00	2.204469e+00
7.585776e-04	8.317638e-04	2.195594e+01	2.122561e+00	2.122561e+00
8.317638e-04	9.120108e-04	2.694828e+01	2.245691e+00	2.245691e+00
9.120108e-04	1.000000e-03	2.935598e+01	2.238373e+00	2.238373e+00
1.000000e-03	1.096478e-03	3.175407e+01	2.223229e+00	2.223229e+00
1.096478e-03	1.202264e-03	3.421262e+01	2.203829e+00	2.203829e+00
1.202264e-03	1.318257e-03	3.366194e+01	2.087625e+00	2.087625e+00
1.318257e-03	1.445440e-03	3.258949e+01	1.961657e+00	1.961657e+00
1.445440e-03	1.584893e-03	3.219888e+01	1.862110e+00	1.862110e+00
1.584893e-03	1.737801e-03	3.182089e+01	1.767827e+00	1.767827e+00
1.737801e-03	1.905461e-03	3.591802e+01	1.793660e+00	1.793660e+00
1.905461e-03	2.089296e-03	3.430983e+01	1.674148e+00	1.674148e+00
2.089296e-03	2.290868e-03	3.494139e+01	1.613443e+00	1.613443e+00
2.290868e-03	2.511886e-03	3.730287e+01	1.592047e+00	1.592047e+00
2.511886e-03	2.754229e-03	3.414433e+01	1.454598e+00	1.454598e+00
2.754229e-03	3.019952e-03	3.571786e+01	1.420780e+00	1.420780e+00
3.019952e-03	3.311311e-03	3.298747e+01	1.303944e+00	1.303944e+00
3.311311e-03	3.630781e-03	3.614878e+01	1.303559e+00	1.303559e+00
3.630781e-03	3.981072e-03	3.562621e+01	1.235859e+00	1.235859e+00
3.981072e-03	4.365158e-03	3.546307e+01	1.177532e+00	1.177532e+00
4.365158e-03	4.786301e-03	3.348371e+01	1.092699e+00	1.092699e+00
4.786301e-03	5.248075e-03	3.512303e+01	1.068759e+00	1.068759e+00
5.248075e-03	5.754399e-03	3.286311e+01	9.872767e-01	9.872767e-01
5.754399e-03	6.309573e-03	3.078298e+01	9.125139e-01	9.125139e-01
6.309573e-03	6.918310e-03	2.913518e+01	8.477987e-01	8.477987e-01
6.918310e-03	7.585776e-03	2.792159e+01	7.926003e-01	7.926003e-01
7.585776e-03	8.317638e-03	2.647025e+01	7.369927e-01	7.369927e-01
8.317638e-03	9.120108e-03	2.387917e+01	6.684886e-01	6.684886e-01
9.120108e-03	1.000000e-02	2.312637e+01	6.282576e-01	6.282576e-01
1.000000e-02	1.096478e-02	2.163635e+01	5.803321e-01	5.803321e-01
1.096478e-02	1.202264e-02	2.118059e+01	5.483448e-01	5.483448e-01
1.202264e-02	1.318257e-02	1.804798e+01	4.833894e-01	4.833894e-01
1.318257e-02	1.445440e-02	1.723936e+01	4.511748e-01	4.511748e-01
1.445440e-02	1.584893e-02	1.667019e+01	4.236968e-01	4.236968e-01
1.584893e-02	1.737801e-02	1.469261e+01	3.798684e-01	3.798684e-01
1.737801e-02	1.905461e-02	1.288033e+01	3.396624e-01	3.396624e-01
1.905461e-02	2.089296e-02	1.184506e+01	3.110666e-01	3.110666e-01
2.089296e-02	2.290868e-02	1.112313e+01	2.878705e-01	2.878705e-01
2.290868e-02	2.511886e-02	1.038909e+01	2.656890e-01	2.656890e-01
2.511886e-02	2.754229e-02	9.270402e+00	2.396806e-01	2.396806e-01
2.754229e-02	3.019952e-02	8.952070e+00	2.249293e-01	2.249293e-01
3.019952e-02	3.311311e-02	7.721131e+00	1.994918e-01	1.994918e-01
3.311311e-02	3.630781e-02	7.403687e+00	1.865553e-01	1.865553e-01
3.630781e-02	3.981072e-02	6.349267e+00	1.649856e-01	1.649856e-01
3.981072e-02	4.365158e-02	5.849255e+00	1.512289e-01	1.512289e-01
4.365158e-02	4.786301e-02	5.149144e+00	1.355038e-01	1.355038e-01
4.786301e-02	5.248075e-02	4.644042e+00	1.228944e-01	1.228944e-01
5.248075e-02	5.754399e-02	4.176107e+00	1.112936e-01	1.112936e-01
5.754399e-02	6.309573e-02	3.854635e+00	1.021118e-01	1.021118e-01
6.309573e-02	6.918310e-02	3.525332e+00	9.325754e-02	9.325754e-02
6.918310e-02	7.585776e-02	2.996902e+00	8.211461e-02	8.211461e-02
7.585776e-02	8.317638e-02	2.673701e+00	7.406969e-02	7.406969e-02
8.317638e-02	9.120108e-02	2.324290e+00	6.595224e-02	6.595224e-02
9.120108e-02	1.000000e-01	2.094174e+00	5.978475e-02	5.978475e-02
1.000000e-01	1.096478e-01	1.849207e+00	5.365095e-02	5.365095e-02
1.096478e-01	1.202264e-01	1.499110e+00	4.613189e-02	4.613189e-02
1.202264e-01	1.318257e-01	1.192409e+00	3.929122e-02	3.929122e-02
1.318257e-01	1.445440e-01	1.127644e+00	3.648968e-02	3.648968e-02
1.445440e-01	1.584893e-01	9.411981e-01	3.183650e-02	3.183650e-02
1.584893e-01	1.737801e-01	7.915936e-01	2.788270e-02	2.788270e-02
1.737801e-01	1.905461e-01	7.058207e-01	2.514381e-02	2.514381e-02
1.905461e-01	2.089296e-01	5.759148e-01	2.169021e-02	2.169021e-02
2.089296e-01	2.290868e-01	4.410512e-01	1.812709e-02	1.812709e-02
2.290868e-01	2.511886e-01	3.696313e-01	1.584781e-02	1.584781e-02
2.511886e-01	2.754229e-01	2.652228e-01	1.282003e-02	1.282003e-02
2.754229e-01	3.019952e-01	2.266276e-01	1.131724e-02	1.131724e-02
3.019952e-01	3.311311e-01	1.608139e-01	9.104296e-03	9.104296e-03
3.311311e-01	3.630781e-01	9.213475e-02	6.581054e-03	6.581054e-03
3.630781e-01	3.981072e-01	5.916264e-02	5.036259e-03	5.036259e-03
3.981072e-01	4.365158e-01	2.385058e-02	3.053754e-03	3.053754e-03
4.365158e-01	4.786301e-01	1.105426e-02	1.985403e-03	1.985403e-03
4.786301e-01	5.248075e-01	3.577343e-03	1.078610e-03	1.078610e-03
5.248075e-01	5.754399e-01	1.186394e-03	5.931971e-04	5.931971e-04
5.754399e-01	6.309573e-01	2.705008e-04	2.705007e-04	2.705007e-04
6.309573e-01	6.918310e-01	2.466993e-04	2.466993e-04	2.466993e-04
6.918310e-01	7.585776e-01	0.000000e+00	0.000000e+00	0.000000e+00
7.585776e-01	8.317638e-01	0.000000e+00	0.000000e+00	0.000000e+00
8.317638e-01	9.120108e-01	0.000000e+00	0.000000e+00	0.000000e+00
9.120108e-01	1.000000e+00	0.000000e+00	0.000000e+00	0.000000e+00
# END HISTO1D

# BEGIN HISTO1D //home/frederic/Work/Software/LesHouches2017/lh2017-alphas/rivet-analysis/Rivet-as015015-parton.yoda/MC_LHJSS_Zjet/log_Angularity_zcut_0.05_beta_2_alpha_1
LineColor=green
LineStyle=solid
NormalizeToIntegral=1
Path=//home/frederic/Work/Software/LesHouches2017/lh2017-alphas/rivet-analysis/Rivet-as015015-parton.yoda/MC_LHJSS_Zjet/log_Angularity_zcut_0.05_beta_2_alpha_1
ScaledBy=1.73804226918798664e-05
Title=Rivet-as015015-parton
XLabel=
YLabel=
# xlow	 xhigh	 val	 errminus	 errplus
1.000000e-04	1.096478e-04	3.602982e+00	2.547693e+00	2.547693e+00
1.096478e-04	1.202264e-04	0.000000e+00	0.000000e+00	0.000000e+00
1.202264e-04	1.318257e-04	1.498402e+00	1.498403e+00	1.498403e+00
1.318257e-04	1.445440e-04	0.000000e+00	0.000000e+00	0.000000e+00
1.445440e-04	1.584893e-04	0.000000e+00	0.000000e+00	0.000000e+00
1.584893e-04	1.737801e-04	1.136659e+00	1.136659e+00	1.136659e+00
1.737801e-04	1.905461e-04	2.073294e+00	1.466040e+00	1.466040e+00
1.905461e-04	2.089296e-04	0.000000e+00	0.000000e+00	0.000000e+00
2.089296e-04	2.290868e-04	8.622438e-01	8.622439e-01	8.622439e-01
2.290868e-04	2.511886e-04	1.572761e+00	1.112110e+00	1.112110e+00
2.511886e-04	2.754229e-04	1.434366e+00	1.014250e+00	1.014250e+00
2.754229e-04	3.019952e-04	6.540804e-01	6.540805e-01	6.540805e-01
3.019952e-04	3.311311e-04	0.000000e+00	0.000000e+00	0.000000e+00
3.311311e-04	3.630781e-04	1.088079e+00	7.693877e-01	7.693877e-01
3.630781e-04	3.981072e-04	1.488513e+00	8.593933e-01	8.593933e-01
3.981072e-04	4.365158e-04	2.262569e+00	1.011852e+00	1.011852e+00
4.365158e-04	4.786301e-04	4.126964e-01	4.126965e-01	4.126965e-01
4.786301e-04	5.248075e-04	0.000000e+00	0.000000e+00	0.000000e+00
5.248075e-04	5.754399e-04	6.865337e-01	4.854526e-01	4.854526e-01
5.754399e-04	6.309573e-04	3.130626e-01	3.130626e-01	3.130626e-01
6.309573e-04	6.918310e-04	1.142064e+00	5.710322e-01	5.710322e-01
6.918310e-04	7.585776e-04	2.603941e-01	2.603941e-01	2.603941e-01
7.585776e-04	8.317638e-04	1.662376e+00	6.283190e-01	6.283190e-01
8.317638e-04	9.120108e-04	1.949279e+00	6.497597e-01	6.497597e-01
9.120108e-04	1.000000e-03	2.172819e+00	6.551297e-01	6.551297e-01
1.000000e-03	1.096478e-03	1.621342e+00	5.404472e-01	5.404472e-01
1.096478e-03	1.202264e-03	3.285959e+00	7.347628e-01	7.347628e-01
1.202264e-03	1.318257e-03	2.547285e+00	6.178073e-01	6.178073e-01
1.318257e-03	1.445440e-03	2.323166e+00	5.634505e-01	5.634505e-01
1.445440e-03	1.584893e-03	4.985313e+00	7.882471e-01	7.882471e-01
1.584893e-03	1.737801e-03	4.432969e+00	7.098431e-01	7.098431e-01
1.737801e-03	1.905461e-03	5.494229e+00	7.546903e-01	7.546903e-01
1.905461e-03	2.089296e-03	4.727180e+00	6.685241e-01	6.685241e-01
2.089296e-03	2.290868e-03	6.208154e+00	7.316381e-01	7.316381e-01
2.290868e-03	2.511886e-03	7.627890e+00	7.744949e-01	7.744949e-01
2.511886e-03	2.754229e-03	7.745575e+00	7.453182e-01	7.453182e-01
2.754229e-03	3.019952e-03	9.942022e+00	8.064046e-01	8.064046e-01
3.019952e-03	3.311311e-03	1.055857e+01	7.936308e-01	7.936308e-01
3.311311e-03	3.630781e-03	1.115281e+01	7.789457e-01	7.789457e-01
3.630781e-03	3.981072e-03	1.404164e+01	8.346888e-01	8.346888e-01
3.981072e-03	4.365158e-03	1.624525e+01	8.573913e-01	8.573913e-01
4.365158e-03	4.786301e-03	1.584754e+01	8.087167e-01	8.087167e-01
4.786301e-03	5.248075e-03	2.002362e+01	8.681339e-01	8.681339e-01
5.248075e-03	5.754399e-03	1.922294e+01	8.123176e-01	8.123176e-01
5.754399e-03	6.309573e-03	2.135087e+01	8.175670e-01	8.175670e-01
6.309573e-03	6.918310e-03	2.195620e+01	7.917604e-01	7.917604e-01
6.918310e-03	7.585776e-03	2.140440e+01	7.465641e-01	7.465641e-01
7.585776e-03	8.317638e-03	2.310702e+01	7.407772e-01	7.407772e-01
8.317638e-03	9.120108e-03	2.404111e+01	7.215942e-01	7.215942e-01
9.120108e-03	1.000000e-02	2.234054e+01	6.642970e-01	6.642970e-01
1.000000e-02	1.096478e-02	2.214032e+01	6.315504e-01	6.315504e-01
1.096478e-02	1.202264e-02	2.066868e+01	5.827368e-01	5.827368e-01
1.202264e-02	1.318257e-02	1.994374e+01	5.466604e-01	5.466604e-01
1.318257e-02	1.445440e-02	1.896797e+01	5.091269e-01	5.091269e-01
1.445440e-02	1.584893e-02	1.797206e+01	4.732767e-01	4.732767e-01
1.584893e-02	1.737801e-02	1.625422e+01	4.298314e-01	4.298314e-01
1.737801e-02	1.905461e-02	1.591253e+01	4.061487e-01	4.061487e-01
1.905461e-02	2.089296e-02	1.417208e+01	3.660437e-01	3.660437e-01
2.089296e-02	2.290868e-02	1.342514e+01	3.402314e-01	3.402314e-01
2.290868e-02	2.511886e-02	1.289664e+01	3.184598e-01	3.184598e-01
2.511886e-02	2.754229e-02	1.128846e+01	2.845327e-01	2.845327e-01
2.754229e-02	3.019952e-02	1.066805e+01	2.641546e-01	2.641546e-01
3.019952e-02	3.311311e-02	9.353581e+00	2.362136e-01	2.362136e-01
3.311311e-02	3.630781e-02	8.889602e+00	2.199157e-01	2.199157e-01
3.630781e-02	3.981072e-02	8.340634e+00	2.034301e-01	2.034301e-01
3.981072e-02	4.365158e-02	7.461954e+00	1.837563e-01	1.837563e-01
4.365158e-02	4.786301e-02	6.867268e+00	1.683478e-01	1.683478e-01
4.786301e-02	5.248075e-02	5.860295e+00	1.485166e-01	1.485166e-01
5.248075e-02	5.754399e-02	5.468240e+00	1.370060e-01	1.370060e-01
5.754399e-02	6.309573e-02	4.836817e+00	1.230539e-01	1.230539e-01
6.309573e-02	6.918310e-02	4.314149e+00	1.109846e-01	1.109846e-01
6.918310e-02	7.585776e-02	3.856438e+00	1.002095e-01	1.002095e-01
7.585776e-02	8.317638e-02	3.524237e+00	9.148462e-02	9.148462e-02
8.317638e-02	9.120108e-02	2.995392e+00	8.054575e-02	8.054575e-02
9.120108e-02	1.000000e-01	2.619235e+00	7.192879e-02	7.192879e-02
1.000000e-01	1.096478e-01	2.278885e+00	6.407334e-02	6.407334e-02
1.096478e-01	1.202264e-01	1.997863e+00	5.729265e-02	5.729265e-02
1.202264e-01	1.318257e-01	1.588307e+00	4.878446e-02	4.878446e-02
1.318257e-01	1.445440e-01	1.429430e+00	4.419744e-02	4.419744e-02
1.445440e-01	1.584893e-01	1.195229e+00	3.859596e-02	3.859596e-02
1.584893e-01	1.737801e-01	1.001396e+00	3.373790e-02	3.373790e-02
1.737801e-01	1.905461e-01	8.935894e-01	3.043579e-02	3.043579e-02
1.905461e-01	2.089296e-01	6.967862e-01	2.566645e-02	2.566645e-02
2.089296e-01	2.290868e-01	5.811521e-01	2.238515e-02	2.238515e-02
2.290868e-01	2.511886e-01	5.158657e-01	2.014117e-02	2.014117e-02
2.511886e-01	2.754229e-01	3.564398e-01	1.598851e-02	1.598851e-02
2.754229e-01	3.019952e-01	2.871413e-01	1.370451e-02	1.370451e-02
3.019952e-01	3.311311e-01	2.069957e-01	1.111211e-02	1.111211e-02
3.311311e-01	3.630781e-01	1.289373e-01	8.375378e-03	8.375378e-03
3.630781e-01	3.981072e-01	9.873802e-02	6.999353e-03	6.999353e-03
3.981072e-01	4.365158e-01	3.891618e-02	4.196440e-03	4.196440e-03
4.365158e-01	4.786301e-01	1.444438e-02	2.441545e-03	2.441545e-03
4.786301e-01	5.248075e-01	3.011070e-03	1.064574e-03	1.064574e-03
5.248075e-01	5.754399e-01	2.402869e-03	9.081987e-04	9.081987e-04
5.754399e-01	6.309573e-01	3.130626e-04	3.130626e-04	3.130626e-04
6.309573e-01	6.918310e-01	2.855161e-04	2.855161e-04	2.855161e-04
6.918310e-01	7.585776e-01	0.000000e+00	0.000000e+00	0.000000e+00
7.585776e-01	8.317638e-01	0.000000e+00	0.000000e+00	0.000000e+00
8.317638e-01	9.120108e-01	0.000000e+00	0.000000e+00	0.000000e+00
9.120108e-01	1.000000e+00	0.000000e+00	0.000000e+00	0.000000e+00
# END HISTO1D

