# BEGIN PLOT
RatioPlotYLabel=Ratio
LegendOnly=//home/frederic/Work/Software/LesHouches2017/lh2017-alphas/rivet-analysis/Rivet-as013650-parton.yoda/MC_LHJSS_Zjet/theta_g_zcut_0.05_beta_2_alpha_2 //home/frederic/Work/Software/LesHouches2017/lh2017-alphas/rivet-analysis/Rivet-as012285-parton.yoda/MC_LHJSS_Zjet/theta_g_zcut_0.05_beta_2_alpha_2 //home/frederic/Work/Software/LesHouches2017/lh2017-alphas/rivet-analysis/Rivet-as015015-parton.yoda/MC_LHJSS_Zjet/theta_g_zcut_0.05_beta_2_alpha_2
XLabel=$\theta_g$
RatioPlotReference=//home/frederic/Work/Software/LesHouches2017/lh2017-alphas/rivet-analysis/Rivet-as013650-parton.yoda/MC_LHJSS_Zjet/theta_g_zcut_0.05_beta_2_alpha_2
YLabel=$1/\sigma \text{d}\sigma/\text{d}\theta_g$
DrawOnly=//home/frederic/Work/Software/LesHouches2017/lh2017-alphas/rivet-analysis/Rivet-as013650-parton.yoda/MC_LHJSS_Zjet/theta_g_zcut_0.05_beta_2_alpha_2 //home/frederic/Work/Software/LesHouches2017/lh2017-alphas/rivet-analysis/Rivet-as012285-parton.yoda/MC_LHJSS_Zjet/theta_g_zcut_0.05_beta_2_alpha_2 //home/frederic/Work/Software/LesHouches2017/lh2017-alphas/rivet-analysis/Rivet-as015015-parton.yoda/MC_LHJSS_Zjet/theta_g_zcut_0.05_beta_2_alpha_2
RatioPlot=1
Title=$\theta_g$, $\alpha$ = 2 $z_{cut}$ = 0.05 $\beta$ = 2
Legend=1
LogY=0
# END PLOT

# BEGIN HISTO1D //home/frederic/Work/Software/LesHouches2017/lh2017-alphas/rivet-analysis/Rivet-as013650-parton.yoda/MC_LHJSS_Zjet/theta_g_zcut_0.05_beta_2_alpha_2
LineColor=red
LineStyle=solid
NormalizeToIntegral=1
Path=//home/frederic/Work/Software/LesHouches2017/lh2017-alphas/rivet-analysis/Rivet-as013650-parton.yoda/MC_LHJSS_Zjet/theta_g_zcut_0.05_beta_2_alpha_2
ScaledBy=1.26596700889974804e-05
Title=Rivet-as013650-parton
XLabel=
YLabel=
# xlow	 xhigh	 val	 errminus	 errplus
0.000000e+00	1.000000e-02	7.393247e-01	3.059347e-02	3.059347e-02
1.000000e-02	2.000000e-02	8.798471e-01	3.337450e-02	3.337450e-02
2.000000e-02	3.000000e-02	1.098859e+00	3.729772e-02	3.729772e-02
3.000000e-02	4.000000e-02	1.157094e+00	3.827327e-02	3.827327e-02
4.000000e-02	5.000000e-02	1.321670e+00	4.090465e-02	4.090465e-02
5.000000e-02	6.000000e-02	1.379904e+00	4.179609e-02	4.179609e-02
6.000000e-02	7.000000e-02	1.514097e+00	4.378123e-02	4.378123e-02
7.000000e-02	8.000000e-02	1.702726e+00	4.642837e-02	4.642837e-02
8.000000e-02	9.000000e-02	1.745769e+00	4.701154e-02	4.701154e-02
9.000000e-02	1.000000e-01	1.915408e+00	4.924269e-02	4.924269e-02
1.000000e-01	1.100000e-01	1.950855e+00	4.969626e-02	4.969626e-02
1.100000e-01	1.200000e-01	2.093909e+00	5.148611e-02	5.148611e-02
1.200000e-01	1.300000e-01	2.226836e+00	5.309521e-02	5.309521e-02
1.300000e-01	1.400000e-01	2.306592e+00	5.403766e-02	5.403766e-02
1.400000e-01	1.500000e-01	2.397742e+00	5.509503e-02	5.509503e-02
1.500000e-01	1.600000e-01	2.466104e+00	5.587491e-02	5.587491e-02
1.600000e-01	1.700000e-01	2.501551e+00	5.627505e-02	5.627505e-02
1.700000e-01	1.800000e-01	2.493955e+00	5.618955e-02	5.618955e-02
1.800000e-01	1.900000e-01	2.545860e+00	5.677124e-02	5.677124e-02
1.900000e-01	2.000000e-01	2.510413e+00	5.637464e-02	5.637464e-02
2.000000e-01	2.100000e-01	2.406603e+00	5.519674e-02	5.519674e-02
2.100000e-01	2.200000e-01	2.364826e+00	5.471556e-02	5.471556e-02
2.200000e-01	2.300000e-01	2.373688e+00	5.481798e-02	5.481798e-02
2.300000e-01	2.400000e-01	2.310390e+00	5.408213e-02	5.408213e-02
2.400000e-01	2.500000e-01	2.254687e+00	5.342621e-02	5.342621e-02
2.500000e-01	2.600000e-01	2.190123e+00	5.265570e-02	5.265570e-02
2.600000e-01	2.700000e-01	1.986302e+00	5.014572e-02	5.014572e-02
2.700000e-01	2.800000e-01	1.928068e+00	4.940516e-02	4.940516e-02
2.800000e-01	2.900000e-01	1.798939e+00	4.772209e-02	4.772209e-02
2.900000e-01	3.000000e-01	1.715385e+00	4.660065e-02	4.660065e-02
3.000000e-01	3.100000e-01	1.619172e+00	4.527492e-02	4.527492e-02
3.100000e-01	3.200000e-01	1.491309e+00	4.345052e-02	4.345052e-02
3.200000e-01	3.300000e-01	1.455862e+00	4.293103e-02	4.293103e-02
3.300000e-01	3.400000e-01	1.414085e+00	4.231058e-02	4.231058e-02
3.400000e-01	3.500000e-01	1.374840e+00	4.171932e-02	4.171932e-02
3.500000e-01	3.600000e-01	1.330531e+00	4.104155e-02	4.104155e-02
3.600000e-01	3.700000e-01	1.221658e+00	3.932657e-02	3.932657e-02
3.700000e-01	3.800000e-01	1.244446e+00	3.969165e-02	3.969165e-02
3.800000e-01	3.900000e-01	1.169754e+00	3.848206e-02	3.848206e-02
3.900000e-01	4.000000e-01	1.140636e+00	3.800011e-02	3.800011e-02
4.000000e-01	4.100000e-01	1.110253e+00	3.749059e-02	3.749059e-02
4.100000e-01	4.200000e-01	1.010242e+00	3.576217e-02	3.576217e-02
4.200000e-01	4.300000e-01	1.065944e+00	3.673486e-02	3.673486e-02
4.300000e-01	4.400000e-01	1.024167e+00	3.600780e-02	3.600780e-02
4.400000e-01	4.500000e-01	9.532732e-01	3.473920e-02	3.473920e-02
4.500000e-01	4.600000e-01	8.988366e-01	3.373273e-02	3.373273e-02
4.600000e-01	4.700000e-01	9.406135e-01	3.450777e-02	3.450777e-02
4.700000e-01	4.800000e-01	9.140282e-01	3.401661e-02	3.401661e-02
4.800000e-01	4.900000e-01	9.254219e-01	3.422797e-02	3.422797e-02
4.900000e-01	5.000000e-01	8.216126e-01	3.225111e-02	3.225111e-02
5.000000e-01	5.100000e-01	7.646441e-01	3.111293e-02	3.111293e-02
5.100000e-01	5.200000e-01	7.836336e-01	3.149689e-02	3.149689e-02
5.200000e-01	5.300000e-01	8.241445e-01	3.230077e-02	3.230077e-02
5.300000e-01	5.400000e-01	7.621121e-01	3.106137e-02	3.106137e-02
5.400000e-01	5.500000e-01	7.127394e-01	3.003839e-02	3.003839e-02
5.500000e-01	5.600000e-01	7.114735e-01	3.001170e-02	3.001170e-02
5.600000e-01	5.700000e-01	7.127394e-01	3.003839e-02	3.003839e-02
5.700000e-01	5.800000e-01	6.950159e-01	2.966256e-02	2.966256e-02
5.800000e-01	5.900000e-01	6.595688e-01	2.889624e-02	2.889624e-02
5.900000e-01	6.000000e-01	6.469091e-01	2.861758e-02	2.861758e-02
6.000000e-01	6.100000e-01	6.304516e-01	2.825121e-02	2.825121e-02
6.100000e-01	6.200000e-01	6.317175e-01	2.827956e-02	2.827956e-02
6.200000e-01	6.300000e-01	6.317175e-01	2.827956e-02	2.827956e-02
6.300000e-01	6.400000e-01	5.848768e-01	2.721093e-02	2.721093e-02
6.400000e-01	6.500000e-01	5.658873e-01	2.676555e-02	2.676555e-02
6.500000e-01	6.600000e-01	5.937385e-01	2.741630e-02	2.741630e-02
6.600000e-01	6.700000e-01	6.165259e-01	2.793746e-02	2.793746e-02
6.700000e-01	6.800000e-01	5.848768e-01	2.721093e-02	2.721093e-02
6.800000e-01	6.900000e-01	5.962705e-01	2.747469e-02	2.747469e-02
6.900000e-01	7.000000e-01	5.177805e-01	2.560260e-02	2.560260e-02
7.000000e-01	7.100000e-01	5.494297e-01	2.637347e-02	2.637347e-02
7.100000e-01	7.200000e-01	4.772696e-01	2.458063e-02	2.458063e-02
7.200000e-01	7.300000e-01	4.430885e-01	2.368407e-02	2.368407e-02
7.300000e-01	7.400000e-01	4.734717e-01	2.448264e-02	2.448264e-02
7.400000e-01	7.500000e-01	4.190351e-01	2.303225e-02	2.303225e-02
7.500000e-01	7.600000e-01	4.152372e-01	2.292764e-02	2.292764e-02
7.600000e-01	7.700000e-01	4.139712e-01	2.289266e-02	2.289266e-02
7.700000e-01	7.800000e-01	4.013115e-01	2.253990e-02	2.253990e-02
7.800000e-01	7.900000e-01	3.418111e-01	2.080196e-02	2.080196e-02
7.900000e-01	8.000000e-01	3.164918e-01	2.001670e-02	2.001670e-02
8.000000e-01	8.100000e-01	2.531934e-01	1.790348e-02	1.790348e-02
8.100000e-01	8.200000e-01	1.911610e-01	1.555646e-02	1.555646e-02
8.200000e-01	8.300000e-01	1.645757e-01	1.443424e-02	1.443424e-02
8.300000e-01	8.400000e-01	1.038093e-01	1.146382e-02	1.146382e-02
8.400000e-01	8.500000e-01	8.735172e-02	1.051591e-02	1.051591e-02
8.500000e-01	8.600000e-01	6.709625e-02	9.216379e-03	9.216379e-03
8.600000e-01	8.700000e-01	5.443658e-02	8.301501e-03	8.301501e-03
8.700000e-01	8.800000e-01	4.304288e-02	7.381792e-03	7.381792e-03
8.800000e-01	8.900000e-01	3.418111e-02	6.578158e-03	6.578158e-03
8.900000e-01	9.000000e-01	2.278741e-02	5.371043e-03	5.371043e-03
9.000000e-01	9.100000e-01	1.898951e-02	4.903069e-03	4.903069e-03
9.100000e-01	9.200000e-01	1.772354e-02	4.736814e-03	4.736814e-03
9.200000e-01	9.300000e-01	6.329835e-03	2.830788e-03	2.830788e-03
9.300000e-01	9.400000e-01	1.265967e-02	4.003339e-03	4.003339e-03
9.400000e-01	9.500000e-01	1.012774e-02	3.580695e-03	3.580695e-03
9.500000e-01	9.600000e-01	3.797901e-03	2.192719e-03	2.192719e-03
9.600000e-01	9.700000e-01	8.861769e-03	3.349434e-03	3.349434e-03
9.700000e-01	9.800000e-01	2.531934e-03	1.790348e-03	1.790348e-03
9.800000e-01	9.900000e-01	5.063868e-03	2.531934e-03	2.531934e-03
9.900000e-01	1.000000e+00	1.265967e-03	1.265967e-03	1.265967e-03
# END HISTO1D

# BEGIN HISTO1D //home/frederic/Work/Software/LesHouches2017/lh2017-alphas/rivet-analysis/Rivet-as012285-parton.yoda/MC_LHJSS_Zjet/theta_g_zcut_0.05_beta_2_alpha_2
LineColor=blue
LineStyle=solid
NormalizeToIntegral=1
Path=//home/frederic/Work/Software/LesHouches2017/lh2017-alphas/rivet-analysis/Rivet-as012285-parton.yoda/MC_LHJSS_Zjet/theta_g_zcut_0.05_beta_2_alpha_2
ScaledBy=1.50174953821201704e-05
Title=Rivet-as012285-parton
XLabel=
YLabel=
# xlow	 xhigh	 val	 errminus	 errplus
0.000000e+00	1.000000e-02	2.932917e+00	6.636646e-02	6.636646e-02
1.000000e-02	2.000000e-02	1.770563e+00	5.156493e-02	5.156493e-02
2.000000e-02	3.000000e-02	1.863671e+00	5.290337e-02	5.290337e-02
3.000000e-02	4.000000e-02	1.922239e+00	5.372822e-02	5.372822e-02
4.000000e-02	5.000000e-02	1.901215e+00	5.343359e-02	5.343359e-02
5.000000e-02	6.000000e-02	2.048386e+00	5.546317e-02	5.546317e-02
6.000000e-02	7.000000e-02	1.908724e+00	5.353900e-02	5.353900e-02
7.000000e-02	8.000000e-02	2.019853e+00	5.507553e-02	5.507553e-02
8.000000e-02	9.000000e-02	2.052892e+00	5.552413e-02	5.552413e-02
9.000000e-02	1.000000e-01	2.159516e+00	5.694780e-02	5.694780e-02
1.000000e-01	1.100000e-01	2.146000e+00	5.676931e-02	5.676931e-02
1.100000e-01	1.200000e-01	2.257130e+00	5.822064e-02	5.822064e-02
1.200000e-01	1.300000e-01	2.150505e+00	5.682887e-02	5.682887e-02
1.300000e-01	1.400000e-01	2.162519e+00	5.698738e-02	5.698738e-02
1.400000e-01	1.500000e-01	2.324708e+00	5.908579e-02	5.908579e-02
1.500000e-01	1.600000e-01	2.254126e+00	5.818190e-02	5.818190e-02
1.600000e-01	1.700000e-01	2.324708e+00	5.908579e-02	5.908579e-02
1.700000e-01	1.800000e-01	2.336722e+00	5.923826e-02	5.923826e-02
1.800000e-01	1.900000e-01	2.347235e+00	5.937136e-02	5.937136e-02
1.900000e-01	2.000000e-01	2.329214e+00	5.914300e-02	5.914300e-02
2.000000e-01	2.100000e-01	2.173032e+00	5.712573e-02	5.712573e-02
2.100000e-01	2.200000e-01	2.200063e+00	5.747994e-02	5.747994e-02
2.200000e-01	2.300000e-01	1.997327e+00	5.476755e-02	5.476755e-02
2.300000e-01	2.400000e-01	2.057397e+00	5.558502e-02	5.558502e-02
2.400000e-01	2.500000e-01	1.908724e+00	5.353900e-02	5.353900e-02
2.500000e-01	2.600000e-01	1.824626e+00	5.234626e-02	5.234626e-02
2.600000e-01	2.700000e-01	1.832134e+00	5.245386e-02	5.245386e-02
2.700000e-01	2.800000e-01	1.657931e+00	4.989788e-02	4.989788e-02
2.800000e-01	2.900000e-01	1.597862e+00	4.898559e-02	4.898559e-02
2.900000e-01	3.000000e-01	1.650423e+00	4.978476e-02	4.978476e-02
3.000000e-01	3.100000e-01	1.509258e+00	4.760807e-02	4.760807e-02
3.100000e-01	3.200000e-01	1.374101e+00	4.542637e-02	4.542637e-02
3.200000e-01	3.300000e-01	1.377104e+00	4.547599e-02	4.547599e-02
3.300000e-01	3.400000e-01	1.311027e+00	4.437156e-02	4.437156e-02
3.400000e-01	3.500000e-01	1.225428e+00	4.289854e-02	4.289854e-02
3.500000e-01	3.600000e-01	1.156347e+00	4.167186e-02	4.167186e-02
3.600000e-01	3.700000e-01	1.088768e+00	4.043584e-02	4.043584e-02
3.700000e-01	3.800000e-01	1.138326e+00	4.134587e-02	4.134587e-02
3.800000e-01	3.900000e-01	1.046719e+00	3.964732e-02	3.964732e-02
3.900000e-01	4.000000e-01	1.000165e+00	3.875562e-02	3.875562e-02
4.000000e-01	4.100000e-01	1.016684e+00	3.907435e-02	3.907435e-02
4.100000e-01	4.200000e-01	9.896529e-01	3.855141e-02	3.855141e-02
4.200000e-01	4.300000e-01	9.731337e-01	3.822830e-02	3.822830e-02
4.300000e-01	4.400000e-01	8.785235e-01	3.632247e-02	3.632247e-02
4.400000e-01	4.500000e-01	8.695130e-01	3.613573e-02	3.613573e-02
4.500000e-01	4.600000e-01	8.680112e-01	3.610450e-02	3.610450e-02
4.600000e-01	4.700000e-01	8.590007e-01	3.591663e-02	3.591663e-02
4.700000e-01	4.800000e-01	7.703975e-01	3.401388e-02	3.401388e-02
4.800000e-01	4.900000e-01	7.628888e-01	3.384772e-02	3.384772e-02
4.900000e-01	5.000000e-01	7.073240e-01	3.259178e-02	3.259178e-02
5.000000e-01	5.100000e-01	7.418643e-01	3.337805e-02	3.337805e-02
5.100000e-01	5.200000e-01	7.178363e-01	3.283306e-02	3.283306e-02
5.200000e-01	5.300000e-01	7.313520e-01	3.314073e-02	3.314073e-02
5.300000e-01	5.400000e-01	7.073240e-01	3.259178e-02	3.259178e-02
5.400000e-01	5.500000e-01	6.607698e-01	3.150096e-02	3.150096e-02
5.500000e-01	5.600000e-01	6.757873e-01	3.185691e-02	3.185691e-02
5.600000e-01	5.700000e-01	6.787908e-01	3.192764e-02	3.192764e-02
5.700000e-01	5.800000e-01	6.142156e-01	3.037100e-02	3.037100e-02
5.800000e-01	5.900000e-01	7.013170e-01	3.245309e-02	3.245309e-02
5.900000e-01	6.000000e-01	6.037033e-01	3.010999e-02	3.010999e-02
6.000000e-01	6.100000e-01	6.037033e-01	3.010999e-02	3.010999e-02
6.100000e-01	6.200000e-01	5.226088e-01	2.801477e-02	2.801477e-02
6.200000e-01	6.300000e-01	5.075913e-01	2.760933e-02	2.760933e-02
6.300000e-01	6.400000e-01	5.271141e-01	2.813527e-02	2.813527e-02
6.400000e-01	6.500000e-01	5.496403e-01	2.873016e-02	2.873016e-02
6.500000e-01	6.600000e-01	5.166018e-01	2.785331e-02	2.785331e-02
6.600000e-01	6.700000e-01	5.541456e-01	2.884767e-02	2.884767e-02
6.700000e-01	6.800000e-01	4.985808e-01	2.736318e-02	2.736318e-02
6.800000e-01	6.900000e-01	4.520266e-01	2.605438e-02	2.605438e-02
6.900000e-01	7.000000e-01	5.226088e-01	2.801477e-02	2.801477e-02
7.000000e-01	7.100000e-01	4.940756e-01	2.723927e-02	2.723927e-02
7.100000e-01	7.200000e-01	4.775564e-01	2.678003e-02	2.678003e-02
7.200000e-01	7.300000e-01	4.520266e-01	2.605438e-02	2.605438e-02
7.300000e-01	7.400000e-01	4.370091e-01	2.561793e-02	2.561793e-02
7.400000e-01	7.500000e-01	4.114794e-01	2.485838e-02	2.485838e-02
7.500000e-01	7.600000e-01	3.709321e-01	2.360185e-02	2.360185e-02
7.600000e-01	7.700000e-01	3.814444e-01	2.393395e-02	2.393395e-02
7.700000e-01	7.800000e-01	3.258796e-01	2.212215e-02	2.212215e-02
7.800000e-01	7.900000e-01	3.018517e-01	2.129097e-02	2.129097e-02
7.900000e-01	8.000000e-01	2.973464e-01	2.113149e-02	2.113149e-02
8.000000e-01	8.100000e-01	2.462869e-01	1.923178e-02	1.923178e-02
8.100000e-01	8.200000e-01	1.772064e-01	1.631318e-02	1.631318e-02
8.200000e-01	8.300000e-01	1.141330e-01	1.309195e-02	1.309195e-02
8.300000e-01	8.400000e-01	8.860322e-02	1.153515e-02	1.153515e-02
8.400000e-01	8.500000e-01	7.658923e-02	1.072464e-02	1.072464e-02
8.500000e-01	8.600000e-01	4.505249e-02	8.225421e-03	8.225421e-03
8.600000e-01	8.700000e-01	4.204899e-02	7.946512e-03	7.946512e-03
8.700000e-01	8.800000e-01	3.303849e-02	7.043830e-03	7.043830e-03
8.800000e-01	8.900000e-01	2.102449e-02	5.619032e-03	5.619032e-03
8.900000e-01	9.000000e-01	2.102449e-02	5.619032e-03	5.619032e-03
9.000000e-01	9.100000e-01	1.501750e-02	4.748949e-03	4.748949e-03
9.100000e-01	9.200000e-01	9.010497e-03	3.678520e-03	3.678520e-03
9.200000e-01	9.300000e-01	4.505249e-03	2.601106e-03	2.601106e-03
9.300000e-01	9.400000e-01	1.351575e-02	4.505249e-03	4.505249e-03
9.400000e-01	9.500000e-01	3.003499e-03	2.123794e-03	2.123794e-03
9.500000e-01	9.600000e-01	4.505249e-03	2.601106e-03	2.601106e-03
9.600000e-01	9.700000e-01	3.003499e-03	2.123794e-03	2.123794e-03
9.700000e-01	9.800000e-01	6.006998e-03	3.003499e-03	3.003499e-03
9.800000e-01	9.900000e-01	1.501750e-03	1.501750e-03	1.501750e-03
9.900000e-01	1.000000e+00	1.501750e-03	1.501750e-03	1.501750e-03
# END HISTO1D

# BEGIN HISTO1D //home/frederic/Work/Software/LesHouches2017/lh2017-alphas/rivet-analysis/Rivet-as015015-parton.yoda/MC_LHJSS_Zjet/theta_g_zcut_0.05_beta_2_alpha_2
LineColor=green
LineStyle=solid
NormalizeToIntegral=1
Path=//home/frederic/Work/Software/LesHouches2017/lh2017-alphas/rivet-analysis/Rivet-as015015-parton.yoda/MC_LHJSS_Zjet/theta_g_zcut_0.05_beta_2_alpha_2
ScaledBy=1.73804226918798664e-05
Title=Rivet-as015015-parton
XLabel=
YLabel=
# xlow	 xhigh	 val	 errminus	 errplus
0.000000e+00	1.000000e-02	1.077586e-01	1.368536e-02	1.368536e-02
1.000000e-02	2.000000e-02	2.676585e-01	2.156854e-02	2.156854e-02
2.000000e-02	3.000000e-02	3.823693e-01	2.577933e-02	2.577933e-02
3.000000e-02	4.000000e-02	5.544355e-01	3.104243e-02	3.104243e-02
4.000000e-02	5.000000e-02	7.004310e-01	3.489096e-02	3.489096e-02
5.000000e-02	6.000000e-02	8.794494e-01	3.909629e-02	3.909629e-02
6.000000e-02	7.000000e-02	1.032397e+00	4.235977e-02	4.235977e-02
7.000000e-02	8.000000e-02	1.206201e+00	4.578678e-02	4.578678e-02
8.000000e-02	9.000000e-02	1.380006e+00	4.897456e-02	4.897456e-02
9.000000e-02	1.000000e-01	1.475598e+00	5.064238e-02	5.064238e-02
1.000000e-01	1.100000e-01	1.618117e+00	5.303165e-02	5.303165e-02
1.100000e-01	1.200000e-01	1.824944e+00	5.631900e-02	5.631900e-02
1.200000e-01	1.300000e-01	2.043938e+00	5.960243e-02	5.960243e-02
1.300000e-01	1.400000e-01	2.049152e+00	5.967841e-02	5.967841e-02
1.400000e-01	1.500000e-01	2.356785e+00	6.400151e-02	6.400151e-02
1.500000e-01	1.600000e-01	2.415879e+00	6.479891e-02	6.479891e-02
1.600000e-01	1.700000e-01	2.494091e+00	6.583946e-02	6.583946e-02
1.700000e-01	1.800000e-01	2.528852e+00	6.629669e-02	6.629669e-02
1.800000e-01	1.900000e-01	2.676585e+00	6.820570e-02	6.820570e-02
1.900000e-01	2.000000e-01	2.723512e+00	6.880101e-02	6.880101e-02
2.000000e-01	2.100000e-01	2.683537e+00	6.829422e-02	6.829422e-02
2.100000e-01	2.200000e-01	2.587945e+00	6.706682e-02	6.706682e-02
2.200000e-01	2.300000e-01	2.619230e+00	6.747097e-02	6.747097e-02
2.300000e-01	2.400000e-01	2.504519e+00	6.597697e-02	6.597697e-02
2.400000e-01	2.500000e-01	2.537542e+00	6.641050e-02	6.641050e-02
2.500000e-01	2.600000e-01	2.339405e+00	6.376508e-02	6.376508e-02
2.600000e-01	2.700000e-01	2.315072e+00	6.343259e-02	6.343259e-02
2.700000e-01	2.800000e-01	2.057842e+00	5.980482e-02	5.980482e-02
2.800000e-01	2.900000e-01	1.995273e+00	5.888861e-02	5.888861e-02
2.900000e-01	3.000000e-01	1.953560e+00	5.826979e-02	5.826979e-02
3.000000e-01	3.100000e-01	1.802350e+00	5.596928e-02	5.596928e-02
3.100000e-01	3.200000e-01	1.698067e+00	5.432599e-02	5.432599e-02
3.200000e-01	3.300000e-01	1.671997e+00	5.390734e-02	5.390734e-02
3.300000e-01	3.400000e-01	1.621593e+00	5.308859e-02	5.308859e-02
3.400000e-01	3.500000e-01	1.572928e+00	5.228591e-02	5.228591e-02
3.500000e-01	3.600000e-01	1.498192e+00	5.102864e-02	5.102864e-02
3.600000e-01	3.700000e-01	1.388696e+00	4.912853e-02	4.912853e-02
3.700000e-01	3.800000e-01	1.289627e+00	4.734371e-02	4.734371e-02
3.800000e-01	3.900000e-01	1.301794e+00	4.756650e-02	4.756650e-02
3.900000e-01	4.000000e-01	1.202725e+00	4.572075e-02	4.572075e-02
4.000000e-01	4.100000e-01	1.293103e+00	4.740747e-02	4.740747e-02
4.100000e-01	4.200000e-01	1.169702e+00	4.508871e-02	4.508871e-02
4.200000e-01	4.300000e-01	1.223582e+00	4.611547e-02	4.611547e-02
4.300000e-01	4.400000e-01	1.042825e+00	4.257317e-02	4.257317e-02
4.400000e-01	4.500000e-01	1.027183e+00	4.225266e-02	4.225266e-02
4.500000e-01	4.600000e-01	1.068896e+00	4.310204e-02	4.310204e-02
4.600000e-01	4.700000e-01	9.733037e-01	4.112959e-02	4.112959e-02
4.700000e-01	4.800000e-01	9.194244e-01	3.997497e-02	3.997497e-02
4.800000e-01	4.900000e-01	8.829255e-01	3.917349e-02	3.917349e-02
4.900000e-01	5.000000e-01	9.576613e-01	4.079775e-02	4.079775e-02
5.000000e-01	5.100000e-01	8.533788e-01	3.851244e-02	3.851244e-02
5.100000e-01	5.200000e-01	8.655451e-01	3.878600e-02	3.878600e-02
5.200000e-01	5.300000e-01	8.551168e-01	3.855164e-02	3.855164e-02
5.300000e-01	5.400000e-01	7.855951e-01	3.695129e-02	3.695129e-02
5.400000e-01	5.500000e-01	8.012375e-01	3.731736e-02	3.731736e-02
5.500000e-01	5.600000e-01	7.942853e-01	3.715509e-02	3.715509e-02
5.600000e-01	5.700000e-01	7.143354e-01	3.523556e-02	3.523556e-02
5.700000e-01	5.800000e-01	7.386680e-01	3.583066e-02	3.583066e-02
5.800000e-01	5.900000e-01	7.786429e-01	3.678742e-02	3.678742e-02
5.900000e-01	6.000000e-01	7.265017e-01	3.553436e-02	3.553436e-02
6.000000e-01	6.100000e-01	7.299778e-01	3.561926e-02	3.561926e-02
6.100000e-01	6.200000e-01	6.604561e-01	3.388069e-02	3.388069e-02
6.200000e-01	6.300000e-01	6.778365e-01	3.432358e-02	3.432358e-02
6.300000e-01	6.400000e-01	6.309093e-01	3.311415e-02	3.311415e-02
6.400000e-01	6.500000e-01	6.413376e-01	3.338670e-02	3.338670e-02
6.500000e-01	6.600000e-01	6.865267e-01	3.454290e-02	3.454290e-02
6.600000e-01	6.700000e-01	5.978865e-01	3.223588e-02	3.223588e-02
6.700000e-01	6.800000e-01	6.083148e-01	3.251580e-02	3.251580e-02
6.800000e-01	6.900000e-01	5.353170e-01	3.050252e-02	3.050252e-02
6.900000e-01	7.000000e-01	5.805061e-01	3.176388e-02	3.176388e-02
7.000000e-01	7.100000e-01	5.335790e-01	3.045296e-02	3.045296e-02
7.100000e-01	7.200000e-01	5.231507e-01	3.015391e-02	3.015391e-02
7.200000e-01	7.300000e-01	4.640573e-01	2.839985e-02	2.839985e-02
7.300000e-01	7.400000e-01	5.092464e-01	2.975049e-02	2.975049e-02
7.400000e-01	7.500000e-01	4.849138e-01	2.903103e-02	2.903103e-02
7.500000e-01	7.600000e-01	4.501529e-01	2.797114e-02	2.797114e-02
7.600000e-01	7.700000e-01	4.136541e-01	2.681321e-02	2.681321e-02
7.700000e-01	7.800000e-01	3.858454e-01	2.589625e-02	2.589625e-02
7.800000e-01	7.900000e-01	4.014878e-01	2.641596e-02	2.641596e-02
7.900000e-01	8.000000e-01	3.528226e-01	2.476329e-02	2.476329e-02
8.000000e-01	8.100000e-01	2.763487e-01	2.191588e-02	2.191588e-02
8.100000e-01	8.200000e-01	2.502781e-01	2.085651e-02	2.085651e-02
8.200000e-01	8.300000e-01	1.633760e-01	1.685094e-02	1.685094e-02
8.300000e-01	8.400000e-01	1.303532e-01	1.505189e-02	1.505189e-02
8.400000e-01	8.500000e-01	1.129727e-01	1.401254e-02	1.401254e-02
8.500000e-01	8.600000e-01	8.168799e-02	1.191542e-02	1.191542e-02
8.600000e-01	8.700000e-01	7.299778e-02	1.126380e-02	1.126380e-02
8.700000e-01	8.800000e-01	4.171301e-02	8.514633e-03	8.514633e-03
8.800000e-01	8.900000e-01	2.780868e-02	6.952169e-03	6.952169e-03
8.900000e-01	9.000000e-01	2.780868e-02	6.952169e-03	6.952169e-03
9.000000e-01	9.100000e-01	2.433259e-02	6.503158e-03	6.503158e-03
9.100000e-01	9.200000e-01	1.390434e-02	4.915926e-03	4.915926e-03
9.200000e-01	9.300000e-01	1.738042e-02	5.496172e-03	5.496172e-03
9.300000e-01	9.400000e-01	1.564238e-02	5.214127e-03	5.214127e-03
9.400000e-01	9.500000e-01	5.214127e-03	3.010378e-03	3.010378e-03
9.500000e-01	9.600000e-01	1.216630e-02	4.598428e-03	4.598428e-03
9.600000e-01	9.700000e-01	1.738042e-03	1.738042e-03	1.738042e-03
9.700000e-01	9.800000e-01	3.476085e-03	2.457963e-03	2.457963e-03
9.800000e-01	9.900000e-01	1.042825e-02	4.257317e-03	4.257317e-03
9.900000e-01	1.000000e+00	3.476085e-03	2.457963e-03	2.457963e-03
# END HISTO1D

