# BEGIN PLOT
RatioPlotYLabel=Ratio
LegendOnly=//home/frederic/Work/Software/LesHouches2017/lh2017-alphas/rivet-analysis/Rivet-as013650-parton.yoda/MC_LHJSS_Zjet/theta_g_zcut_0.05_beta_1_alpha_0.5 //home/frederic/Work/Software/LesHouches2017/lh2017-alphas/rivet-analysis/Rivet-as012285-parton.yoda/MC_LHJSS_Zjet/theta_g_zcut_0.05_beta_1_alpha_0.5 //home/frederic/Work/Software/LesHouches2017/lh2017-alphas/rivet-analysis/Rivet-as015015-parton.yoda/MC_LHJSS_Zjet/theta_g_zcut_0.05_beta_1_alpha_0.5
XLabel=$\theta_g$
RatioPlotReference=//home/frederic/Work/Software/LesHouches2017/lh2017-alphas/rivet-analysis/Rivet-as013650-parton.yoda/MC_LHJSS_Zjet/theta_g_zcut_0.05_beta_1_alpha_0.5
YLabel=$1/\sigma \text{d}\sigma/\text{d}\theta_g$
DrawOnly=//home/frederic/Work/Software/LesHouches2017/lh2017-alphas/rivet-analysis/Rivet-as013650-parton.yoda/MC_LHJSS_Zjet/theta_g_zcut_0.05_beta_1_alpha_0.5 //home/frederic/Work/Software/LesHouches2017/lh2017-alphas/rivet-analysis/Rivet-as012285-parton.yoda/MC_LHJSS_Zjet/theta_g_zcut_0.05_beta_1_alpha_0.5 //home/frederic/Work/Software/LesHouches2017/lh2017-alphas/rivet-analysis/Rivet-as015015-parton.yoda/MC_LHJSS_Zjet/theta_g_zcut_0.05_beta_1_alpha_0.5
RatioPlot=1
Title=$\theta_g$, $\alpha$ = 0.5 $z_{cut}$ = 0.05 $\beta$ = 1
Legend=1
LogY=0
# END PLOT

# BEGIN HISTO1D //home/frederic/Work/Software/LesHouches2017/lh2017-alphas/rivet-analysis/Rivet-as013650-parton.yoda/MC_LHJSS_Zjet/theta_g_zcut_0.05_beta_1_alpha_0.5
LineColor=red
LineStyle=solid
NormalizeToIntegral=1
Path=//home/frederic/Work/Software/LesHouches2017/lh2017-alphas/rivet-analysis/Rivet-as013650-parton.yoda/MC_LHJSS_Zjet/theta_g_zcut_0.05_beta_1_alpha_0.5
ScaledBy=1.26596700889974804e-05
Title=Rivet-as013650-parton
XLabel=
YLabel=
# xlow	 xhigh	 val	 errminus	 errplus
0.000000e+00	1.000000e-02	1.591321e+00	4.488384e-02	4.488384e-02
1.000000e-02	2.000000e-02	1.873631e+00	4.870272e-02	4.870272e-02
2.000000e-02	3.000000e-02	2.320518e+00	5.420054e-02	5.420054e-02
3.000000e-02	4.000000e-02	2.390146e+00	5.500769e-02	5.500769e-02
4.000000e-02	5.000000e-02	2.761074e+00	5.912215e-02	5.912215e-02
5.000000e-02	6.000000e-02	2.896533e+00	6.055506e-02	6.055506e-02
6.000000e-02	7.000000e-02	3.024395e+00	6.187718e-02	6.187718e-02
7.000000e-02	8.000000e-02	3.239610e+00	6.404092e-02	6.404092e-02
8.000000e-02	9.000000e-02	3.218088e+00	6.382784e-02	6.382784e-02
9.000000e-02	1.000000e-01	3.266195e+00	6.430315e-02	6.430315e-02
1.000000e-01	1.100000e-01	3.192769e+00	6.357625e-02	6.357625e-02
1.100000e-01	1.200000e-01	3.124407e+00	6.289194e-02	6.289194e-02
1.200000e-01	1.300000e-01	3.007938e+00	6.170859e-02	6.170859e-02
1.300000e-01	1.400000e-01	2.823106e+00	5.978261e-02	5.978261e-02
1.400000e-01	1.500000e-01	2.602828e+00	5.740292e-02	5.740292e-02
1.500000e-01	1.600000e-01	2.434455e+00	5.551521e-02	5.551521e-02
1.600000e-01	1.700000e-01	2.326847e+00	5.427441e-02	5.427441e-02
1.700000e-01	1.800000e-01	2.068590e+00	5.117389e-02	5.117389e-02
1.800000e-01	1.900000e-01	1.962249e+00	4.984117e-02	4.984117e-02
1.900000e-01	2.000000e-01	1.836918e+00	4.822321e-02	4.822321e-02
2.000000e-01	2.100000e-01	1.758428e+00	4.718169e-02	4.718169e-02
2.100000e-01	2.200000e-01	1.645757e+00	4.564509e-02	4.564509e-02
2.200000e-01	2.300000e-01	1.615374e+00	4.522179e-02	4.522179e-02
2.300000e-01	2.400000e-01	1.496373e+00	4.352423e-02	4.352423e-02
2.400000e-01	2.500000e-01	1.438139e+00	4.266891e-02	4.266891e-02
2.500000e-01	2.600000e-01	1.415351e+00	4.232952e-02	4.232952e-02
2.600000e-01	2.700000e-01	1.293818e+00	4.047136e-02	4.047136e-02
2.700000e-01	2.800000e-01	1.264701e+00	4.001337e-02	4.001337e-02
2.800000e-01	2.900000e-01	1.240648e+00	3.963104e-02	3.963104e-02
2.900000e-01	3.000000e-01	1.122913e+00	3.770371e-02	3.770371e-02
3.000000e-01	3.100000e-01	1.076072e+00	3.690897e-02	3.690897e-02
3.100000e-01	3.200000e-01	1.003912e+00	3.564995e-02	3.564995e-02
3.200000e-01	3.300000e-01	9.836564e-01	3.528848e-02	3.528848e-02
3.300000e-01	3.400000e-01	9.925181e-01	3.544707e-02	3.544707e-02
3.400000e-01	3.500000e-01	9.697307e-01	3.503779e-02	3.503779e-02
3.500000e-01	3.600000e-01	9.393475e-01	3.448453e-02	3.448453e-02
3.600000e-01	3.700000e-01	8.823790e-01	3.342249e-02	3.342249e-02
3.700000e-01	3.800000e-01	8.988366e-01	3.373273e-02	3.373273e-02
3.800000e-01	3.900000e-01	8.532618e-01	3.286641e-02	3.286641e-02
3.900000e-01	4.000000e-01	8.342723e-01	3.249863e-02	3.249863e-02
4.000000e-01	4.100000e-01	8.406021e-01	3.262170e-02	3.262170e-02
4.100000e-01	4.200000e-01	7.608462e-01	3.103556e-02	3.103556e-02
4.200000e-01	4.300000e-01	8.342723e-01	3.249863e-02	3.249863e-02
4.300000e-01	4.400000e-01	7.975592e-01	3.177553e-02	3.177553e-02
4.400000e-01	4.500000e-01	7.456546e-01	3.072416e-02	3.072416e-02
4.500000e-01	4.600000e-01	7.089415e-01	2.995825e-02	2.995825e-02
4.600000e-01	4.700000e-01	7.469205e-01	3.075023e-02	3.075023e-02
4.700000e-01	4.800000e-01	7.329949e-01	3.046223e-02	3.046223e-02
4.800000e-01	4.900000e-01	7.304630e-01	3.040957e-02	3.040957e-02
4.900000e-01	5.000000e-01	6.722285e-01	2.917223e-02	2.917223e-02
5.000000e-01	5.100000e-01	6.228558e-01	2.808051e-02	2.808051e-02
5.100000e-01	5.200000e-01	6.532390e-01	2.875724e-02	2.875724e-02
5.200000e-01	5.300000e-01	6.848882e-01	2.944564e-02	2.944564e-02
5.300000e-01	5.400000e-01	6.519730e-01	2.872936e-02	2.872936e-02
5.400000e-01	5.500000e-01	6.127280e-01	2.785127e-02	2.785127e-02
5.500000e-01	5.600000e-01	6.000684e-01	2.756205e-02	2.756205e-02
5.600000e-01	5.700000e-01	5.848768e-01	2.721093e-02	2.721093e-02
5.700000e-01	5.800000e-01	5.899406e-01	2.732847e-02	2.732847e-02
5.800000e-01	5.900000e-01	5.747490e-01	2.697431e-02	2.697431e-02
5.900000e-01	6.000000e-01	5.633553e-01	2.670560e-02	2.670560e-02
6.000000e-01	6.100000e-01	5.506956e-01	2.640383e-02	2.640383e-02
6.100000e-01	6.200000e-01	5.595574e-01	2.661543e-02	2.661543e-02
6.200000e-01	6.300000e-01	5.519616e-01	2.643417e-02	2.643417e-02
6.300000e-01	6.400000e-01	5.342381e-01	2.600630e-02	2.600630e-02
6.400000e-01	6.500000e-01	5.076528e-01	2.535097e-02	2.535097e-02
6.500000e-01	6.600000e-01	5.329721e-01	2.597547e-02	2.597547e-02
6.600000e-01	6.700000e-01	5.468977e-01	2.631263e-02	2.631263e-02
6.700000e-01	6.800000e-01	5.430998e-01	2.622111e-02	2.622111e-02
6.800000e-01	6.900000e-01	5.494297e-01	2.637347e-02	2.637347e-02
6.900000e-01	7.000000e-01	4.848654e-01	2.477546e-02	2.477546e-02
7.000000e-01	7.100000e-01	5.165145e-01	2.557128e-02	2.557128e-02
7.100000e-01	7.200000e-01	4.557481e-01	2.402004e-02	2.402004e-02
7.200000e-01	7.300000e-01	4.215670e-01	2.310173e-02	2.310173e-02
7.300000e-01	7.400000e-01	4.595460e-01	2.411991e-02	2.411991e-02
7.400000e-01	7.500000e-01	4.038435e-01	2.261089e-02	2.261089e-02
7.500000e-01	7.600000e-01	4.013115e-01	2.253990e-02	2.253990e-02
7.600000e-01	7.700000e-01	4.000456e-01	2.250432e-02	2.250432e-02
7.700000e-01	7.800000e-01	3.975136e-01	2.243299e-02	2.243299e-02
7.800000e-01	7.900000e-01	3.354813e-01	2.060845e-02	2.060845e-02
7.900000e-01	8.000000e-01	3.152258e-01	1.997662e-02	1.997662e-02
8.000000e-01	8.100000e-01	2.544594e-01	1.794818e-02	1.794818e-02
8.100000e-01	8.200000e-01	1.911610e-01	1.555646e-02	1.555646e-02
8.200000e-01	8.300000e-01	1.683736e-01	1.459984e-02	1.459984e-02
8.300000e-01	8.400000e-01	1.050753e-01	1.153351e-02	1.153351e-02
8.400000e-01	8.500000e-01	8.735172e-02	1.051591e-02	1.051591e-02
8.500000e-01	8.600000e-01	6.962819e-02	9.388663e-03	9.388663e-03
8.600000e-01	8.700000e-01	5.570255e-02	8.397475e-03	8.397475e-03
8.700000e-01	8.800000e-01	4.304288e-02	7.381792e-03	7.381792e-03
8.800000e-01	8.900000e-01	3.544708e-02	6.698868e-03	6.698868e-03
8.900000e-01	9.000000e-01	2.405337e-02	5.518223e-03	5.518223e-03
9.000000e-01	9.100000e-01	1.898951e-02	4.903069e-03	4.903069e-03
9.100000e-01	9.200000e-01	1.772354e-02	4.736814e-03	4.736814e-03
9.200000e-01	9.300000e-01	7.595802e-03	3.100973e-03	3.100973e-03
9.300000e-01	9.400000e-01	1.265967e-02	4.003339e-03	4.003339e-03
9.400000e-01	9.500000e-01	1.139370e-02	3.797901e-03	3.797901e-03
9.500000e-01	9.600000e-01	3.797901e-03	2.192719e-03	2.192719e-03
9.600000e-01	9.700000e-01	8.861769e-03	3.349434e-03	3.349434e-03
9.700000e-01	9.800000e-01	3.797901e-03	2.192719e-03	2.192719e-03
9.800000e-01	9.900000e-01	5.063868e-03	2.531934e-03	2.531934e-03
9.900000e-01	1.000000e+00	2.531934e-03	1.790348e-03	1.790348e-03
# END HISTO1D

# BEGIN HISTO1D //home/frederic/Work/Software/LesHouches2017/lh2017-alphas/rivet-analysis/Rivet-as012285-parton.yoda/MC_LHJSS_Zjet/theta_g_zcut_0.05_beta_1_alpha_0.5
LineColor=blue
LineStyle=solid
NormalizeToIntegral=1
Path=//home/frederic/Work/Software/LesHouches2017/lh2017-alphas/rivet-analysis/Rivet-as012285-parton.yoda/MC_LHJSS_Zjet/theta_g_zcut_0.05_beta_1_alpha_0.5
ScaledBy=1.50174953821201704e-05
Title=Rivet-as012285-parton
XLabel=
YLabel=
# xlow	 xhigh	 val	 errminus	 errplus
0.000000e+00	1.000000e-02	4.885191e+00	8.565240e-02	8.565240e-02
1.000000e-02	2.000000e-02	2.949436e+00	6.655309e-02	6.655309e-02
2.000000e-02	3.000000e-02	3.081590e+00	6.802776e-02	6.802776e-02
3.000000e-02	4.000000e-02	3.149169e+00	6.876964e-02	6.876964e-02
4.000000e-02	5.000000e-02	3.129646e+00	6.855614e-02	6.855614e-02
5.000000e-02	6.000000e-02	3.210741e+00	6.943866e-02	6.943866e-02
6.000000e-02	7.000000e-02	3.174699e+00	6.904782e-02	6.904782e-02
7.000000e-02	8.000000e-02	3.186713e+00	6.917835e-02	6.917835e-02
8.000000e-02	9.000000e-02	3.159681e+00	6.888432e-02	6.888432e-02
9.000000e-02	1.000000e-01	3.179204e+00	6.909680e-02	6.909680e-02
1.000000e-01	1.100000e-01	2.952440e+00	6.658697e-02	6.658697e-02
1.100000e-01	1.200000e-01	2.929913e+00	6.633247e-02	6.633247e-02
1.200000e-01	1.300000e-01	2.569493e+00	6.211873e-02	6.211873e-02
1.300000e-01	1.400000e-01	2.506420e+00	6.135157e-02	6.135157e-02
1.400000e-01	1.500000e-01	2.378771e+00	5.976888e-02	5.976888e-02
1.500000e-01	1.600000e-01	2.194056e+00	5.740142e-02	5.740142e-02
1.600000e-01	1.700000e-01	2.084428e+00	5.594899e-02	5.594899e-02
1.700000e-01	1.800000e-01	1.938759e+00	5.395860e-02	5.395860e-02
1.800000e-01	1.900000e-01	1.820120e+00	5.228159e-02	5.228159e-02
1.900000e-01	2.000000e-01	1.760050e+00	5.141162e-02	5.141162e-02
2.000000e-01	2.100000e-01	1.581342e+00	4.873171e-02	4.873171e-02
2.100000e-01	2.200000e-01	1.518269e+00	4.774996e-02	4.774996e-02
2.200000e-01	2.300000e-01	1.378606e+00	4.550078e-02	4.550078e-02
2.300000e-01	2.400000e-01	1.366592e+00	4.530209e-02	4.530209e-02
2.400000e-01	2.500000e-01	1.285498e+00	4.393740e-02	4.393740e-02
2.500000e-01	2.600000e-01	1.229933e+00	4.297733e-02	4.297733e-02
2.600000e-01	2.700000e-01	1.214915e+00	4.271415e-02	4.271415e-02
2.700000e-01	2.800000e-01	1.127814e+00	4.115451e-02	4.115451e-02
2.800000e-01	2.900000e-01	1.025695e+00	3.924713e-02	3.924713e-02
2.900000e-01	3.000000e-01	1.132319e+00	4.123663e-02	4.123663e-02
3.000000e-01	3.100000e-01	1.054228e+00	3.978928e-02	3.978928e-02
3.100000e-01	3.200000e-01	9.205725e-01	3.718157e-02	3.718157e-02
3.200000e-01	3.300000e-01	1.024193e+00	3.921839e-02	3.921839e-02
3.300000e-01	3.400000e-01	9.400952e-01	3.757377e-02	3.757377e-02
3.400000e-01	3.500000e-01	8.815270e-01	3.638452e-02	3.638452e-02
3.500000e-01	3.600000e-01	8.559972e-01	3.585377e-02	3.585377e-02
3.600000e-01	3.700000e-01	8.169517e-01	3.502652e-02	3.502652e-02
3.700000e-01	3.800000e-01	8.139482e-01	3.496207e-02	3.496207e-02
3.800000e-01	3.900000e-01	8.094430e-01	3.486518e-02	3.486518e-02
3.900000e-01	4.000000e-01	7.448678e-01	3.344555e-02	3.344555e-02
4.000000e-01	4.100000e-01	7.538783e-01	3.364723e-02	3.364723e-02
4.100000e-01	4.200000e-01	7.253450e-01	3.300435e-02	3.300435e-02
4.200000e-01	4.300000e-01	7.809098e-01	3.424516e-02	3.424516e-02
4.300000e-01	4.400000e-01	6.862995e-01	3.210374e-02	3.210374e-02
4.400000e-01	4.500000e-01	6.953100e-01	3.231381e-02	3.231381e-02
4.500000e-01	4.600000e-01	6.697803e-01	3.171501e-02	3.171501e-02
4.600000e-01	4.700000e-01	6.938083e-01	3.227888e-02	3.227888e-02
4.700000e-01	4.800000e-01	6.472541e-01	3.117713e-02	3.117713e-02
4.800000e-01	4.900000e-01	6.247278e-01	3.062980e-02	3.062980e-02
4.900000e-01	5.000000e-01	5.706648e-01	2.927449e-02	2.927449e-02
5.000000e-01	5.100000e-01	6.157173e-01	3.040811e-02	3.040811e-02
5.100000e-01	5.200000e-01	5.721666e-01	2.931298e-02	2.931298e-02
5.200000e-01	5.300000e-01	6.172191e-01	3.044517e-02	3.044517e-02
5.300000e-01	5.400000e-01	5.916893e-01	2.980888e-02	2.980888e-02
5.400000e-01	5.500000e-01	5.316193e-01	2.825525e-02	2.825525e-02
5.500000e-01	5.600000e-01	5.796753e-01	2.950470e-02	2.950470e-02
5.600000e-01	5.700000e-01	5.706648e-01	2.927449e-02	2.927449e-02
5.700000e-01	5.800000e-01	5.316193e-01	2.825525e-02	2.825525e-02
5.800000e-01	5.900000e-01	6.157173e-01	3.040811e-02	3.040811e-02
5.900000e-01	6.000000e-01	5.075913e-01	2.760933e-02	2.760933e-02
6.000000e-01	6.100000e-01	5.316193e-01	2.825525e-02	2.825525e-02
6.100000e-01	6.200000e-01	4.640406e-01	2.639835e-02	2.639835e-02
6.200000e-01	6.300000e-01	4.400126e-01	2.570581e-02	2.570581e-02
6.300000e-01	6.400000e-01	4.805599e-01	2.686411e-02	2.686411e-02
6.400000e-01	6.500000e-01	4.925738e-01	2.719784e-02	2.719784e-02
6.500000e-01	6.600000e-01	4.670441e-01	2.648364e-02	2.648364e-02
6.600000e-01	6.700000e-01	5.045878e-01	2.752752e-02	2.752752e-02
6.700000e-01	6.800000e-01	4.505249e-01	2.601106e-02	2.601106e-02
6.800000e-01	6.900000e-01	4.114794e-01	2.485838e-02	2.485838e-02
6.900000e-01	7.000000e-01	4.925738e-01	2.719784e-02	2.719784e-02
7.000000e-01	7.100000e-01	4.595354e-01	2.626989e-02	2.626989e-02
7.100000e-01	7.200000e-01	4.475214e-01	2.592422e-02	2.592422e-02
7.200000e-01	7.300000e-01	4.279986e-01	2.535245e-02	2.535245e-02
7.300000e-01	7.400000e-01	4.219916e-01	2.517391e-02	2.517391e-02
7.400000e-01	7.500000e-01	3.874514e-01	2.412167e-02	2.412167e-02
7.500000e-01	7.600000e-01	3.604199e-01	2.326500e-02	2.326500e-02
7.600000e-01	7.700000e-01	3.694304e-01	2.355402e-02	2.355402e-02
7.700000e-01	7.800000e-01	3.228762e-01	2.201997e-02	2.201997e-02
7.800000e-01	7.900000e-01	2.913394e-01	2.091695e-02	2.091695e-02
7.900000e-01	8.000000e-01	2.973464e-01	2.113149e-02	2.113149e-02
8.000000e-01	8.100000e-01	2.462869e-01	1.923178e-02	1.923178e-02
8.100000e-01	8.200000e-01	1.787082e-01	1.638215e-02	1.638215e-02
8.200000e-01	8.300000e-01	1.156347e-01	1.317780e-02	1.317780e-02
8.300000e-01	8.400000e-01	8.860322e-02	1.153515e-02	1.153515e-02
8.400000e-01	8.500000e-01	7.809098e-02	1.082927e-02	1.082927e-02
8.500000e-01	8.600000e-01	4.505249e-02	8.225421e-03	8.225421e-03
8.600000e-01	8.700000e-01	4.204899e-02	7.946512e-03	7.946512e-03
8.700000e-01	8.800000e-01	3.303849e-02	7.043830e-03	7.043830e-03
8.800000e-01	8.900000e-01	2.102449e-02	5.619032e-03	5.619032e-03
8.900000e-01	9.000000e-01	2.102449e-02	5.619032e-03	5.619032e-03
9.000000e-01	9.100000e-01	1.501750e-02	4.748949e-03	4.748949e-03
9.100000e-01	9.200000e-01	9.010497e-03	3.678520e-03	3.678520e-03
9.200000e-01	9.300000e-01	4.505249e-03	2.601106e-03	2.601106e-03
9.300000e-01	9.400000e-01	1.351575e-02	4.505249e-03	4.505249e-03
9.400000e-01	9.500000e-01	3.003499e-03	2.123794e-03	2.123794e-03
9.500000e-01	9.600000e-01	4.505249e-03	2.601106e-03	2.601106e-03
9.600000e-01	9.700000e-01	3.003499e-03	2.123794e-03	2.123794e-03
9.700000e-01	9.800000e-01	6.006998e-03	3.003499e-03	3.003499e-03
9.800000e-01	9.900000e-01	1.501750e-03	1.501750e-03	1.501750e-03
9.900000e-01	1.000000e+00	1.501750e-03	1.501750e-03	1.501750e-03
# END HISTO1D

# BEGIN HISTO1D //home/frederic/Work/Software/LesHouches2017/lh2017-alphas/rivet-analysis/Rivet-as015015-parton.yoda/MC_LHJSS_Zjet/theta_g_zcut_0.05_beta_1_alpha_0.5
LineColor=green
LineStyle=solid
NormalizeToIntegral=1
Path=//home/frederic/Work/Software/LesHouches2017/lh2017-alphas/rivet-analysis/Rivet-as015015-parton.yoda/MC_LHJSS_Zjet/theta_g_zcut_0.05_beta_1_alpha_0.5
ScaledBy=1.73804226918798664e-05
Title=Rivet-as015015-parton
XLabel=
YLabel=
# xlow	 xhigh	 val	 errminus	 errplus
0.000000e+00	1.000000e-02	3.389182e-01	2.427044e-02	2.427044e-02
1.000000e-02	2.000000e-02	8.585929e-01	3.862992e-02	3.862992e-02
2.000000e-02	3.000000e-02	1.287889e+00	4.731180e-02	4.731180e-02
3.000000e-02	4.000000e-02	1.685901e+00	5.413102e-02	5.413102e-02
4.000000e-02	5.000000e-02	1.960512e+00	5.837338e-02	5.837338e-02
5.000000e-02	6.000000e-02	2.464544e+00	6.544832e-02	6.544832e-02
6.000000e-02	7.000000e-02	2.749583e+00	6.912952e-02	6.912952e-02
7.000000e-02	8.000000e-02	3.107620e+00	7.349268e-02	7.349268e-02
8.000000e-02	9.000000e-02	3.251877e+00	7.517912e-02	7.517912e-02
9.000000e-02	1.000000e-01	3.312709e+00	7.587904e-02	7.587904e-02
1.000000e-01	1.100000e-01	3.231021e+00	7.493764e-02	7.493764e-02
1.100000e-01	1.200000e-01	3.192784e+00	7.449291e-02	7.449291e-02
1.200000e-01	1.300000e-01	3.187570e+00	7.443206e-02	7.443206e-02
1.300000e-01	1.400000e-01	2.916435e+00	7.119612e-02	7.119612e-02
1.400000e-01	1.500000e-01	2.747845e+00	6.910767e-02	6.910767e-02
1.500000e-01	1.600000e-01	2.608801e+00	6.733652e-02	6.733652e-02
1.600000e-01	1.700000e-01	2.438473e+00	6.510123e-02	6.510123e-02
1.700000e-01	1.800000e-01	2.278573e+00	6.293057e-02	6.293057e-02
1.800000e-01	1.900000e-01	2.144744e+00	6.105453e-02	6.105453e-02
1.900000e-01	2.000000e-01	2.031771e+00	5.942478e-02	5.942478e-02
2.000000e-01	2.100000e-01	1.946607e+00	5.816602e-02	5.816602e-02
2.100000e-01	2.200000e-01	1.760637e+00	5.531782e-02	5.531782e-02
2.200000e-01	2.300000e-01	1.814516e+00	5.615787e-02	5.615787e-02
2.300000e-01	2.400000e-01	1.572928e+00	5.228591e-02	5.228591e-02
2.400000e-01	2.500000e-01	1.581618e+00	5.243014e-02	5.243014e-02
2.500000e-01	2.600000e-01	1.475598e+00	5.064238e-02	5.064238e-02
2.600000e-01	2.700000e-01	1.477336e+00	5.067220e-02	5.067220e-02
2.700000e-01	2.800000e-01	1.411290e+00	4.952658e-02	4.952658e-02
2.800000e-01	2.900000e-01	1.301794e+00	4.756650e-02	4.756650e-02
2.900000e-01	3.000000e-01	1.242700e+00	4.647436e-02	4.647436e-02
3.000000e-01	3.100000e-01	1.218368e+00	4.601711e-02	4.601711e-02
3.100000e-01	3.200000e-01	1.147108e+00	4.465111e-02	4.465111e-02
3.200000e-01	3.300000e-01	1.108871e+00	4.390063e-02	4.390063e-02
3.300000e-01	3.400000e-01	1.112347e+00	4.396938e-02	4.396938e-02
3.400000e-01	3.500000e-01	1.061944e+00	4.296165e-02	4.296165e-02
3.500000e-01	3.600000e-01	1.034135e+00	4.239541e-02	4.239541e-02
3.600000e-01	3.700000e-01	9.802558e-01	4.127622e-02	4.127622e-02
3.700000e-01	3.800000e-01	8.968298e-01	3.948073e-02	3.948073e-02
3.800000e-01	3.900000e-01	9.872080e-01	4.142232e-02	4.142232e-02
3.900000e-01	4.000000e-01	9.298526e-01	4.020103e-02	4.020103e-02
4.000000e-01	4.100000e-01	9.402809e-01	4.042583e-02	4.042583e-02
4.100000e-01	4.200000e-01	9.055200e-01	3.967155e-02	3.967155e-02
4.200000e-01	4.300000e-01	8.811874e-01	3.913491e-02	3.913491e-02
4.300000e-01	4.400000e-01	7.977614e-01	3.723631e-02	3.723631e-02
4.400000e-01	4.500000e-01	7.960234e-01	3.719573e-02	3.719573e-02
4.500000e-01	4.600000e-01	8.464266e-01	3.835525e-02	3.835525e-02
4.600000e-01	4.700000e-01	7.716908e-01	3.662282e-02	3.662282e-02
4.700000e-01	4.800000e-01	7.543103e-01	3.620805e-02	3.620805e-02
4.800000e-01	4.900000e-01	7.195495e-01	3.536392e-02	3.536392e-02
4.900000e-01	5.000000e-01	7.317158e-01	3.566165e-02	3.566165e-02
5.000000e-01	5.100000e-01	7.195495e-01	3.536392e-02	3.536392e-02
5.100000e-01	5.200000e-01	7.091212e-01	3.510674e-02	3.510674e-02
5.200000e-01	5.300000e-01	7.039071e-01	3.497742e-02	3.497742e-02
5.300000e-01	5.400000e-01	6.465517e-01	3.352214e-02	3.352214e-02
5.400000e-01	5.500000e-01	6.813126e-01	3.441148e-02	3.441148e-02
5.500000e-01	5.600000e-01	6.760984e-01	3.427956e-02	3.427956e-02
5.600000e-01	5.700000e-01	6.013626e-01	3.232946e-02	3.232946e-02
5.700000e-01	5.800000e-01	6.430756e-01	3.343192e-02	3.343192e-02
5.800000e-01	5.900000e-01	6.656702e-01	3.401416e-02	3.401416e-02
5.900000e-01	6.000000e-01	6.152670e-01	3.270107e-02	3.270107e-02
6.000000e-01	6.100000e-01	6.274333e-01	3.302281e-02	3.302281e-02
6.100000e-01	6.200000e-01	5.961485e-01	3.218899e-02	3.218899e-02
6.200000e-01	6.300000e-01	5.666018e-01	3.138117e-02	3.138117e-02
6.300000e-01	6.400000e-01	5.631257e-01	3.128476e-02	3.128476e-02
6.400000e-01	6.500000e-01	5.718159e-01	3.152523e-02	3.152523e-02
6.500000e-01	6.600000e-01	6.274333e-01	3.302281e-02	3.302281e-02
6.600000e-01	6.700000e-01	5.283648e-01	3.030380e-02	3.030380e-02
6.700000e-01	6.800000e-01	5.596496e-01	3.118805e-02	3.118805e-02
6.800000e-01	6.900000e-01	4.988181e-01	2.944430e-02	2.944430e-02
6.900000e-01	7.000000e-01	5.318409e-01	3.040332e-02	3.040332e-02
7.000000e-01	7.100000e-01	5.040323e-01	2.959779e-02	2.959779e-02
7.100000e-01	7.200000e-01	4.727475e-01	2.866453e-02	2.866453e-02
7.200000e-01	7.300000e-01	4.397247e-01	2.764525e-02	2.764525e-02
7.300000e-01	7.400000e-01	4.796997e-01	2.887453e-02	2.887453e-02
7.400000e-01	7.500000e-01	4.657953e-01	2.845298e-02	2.845298e-02
7.500000e-01	7.600000e-01	4.414627e-01	2.769984e-02	2.769984e-02
7.600000e-01	7.700000e-01	4.032258e-01	2.647307e-02	2.647307e-02
7.700000e-01	7.800000e-01	3.754171e-01	2.554390e-02	2.554390e-02
7.800000e-01	7.900000e-01	3.997497e-01	2.635872e-02	2.635872e-02
7.900000e-01	8.000000e-01	3.528226e-01	2.476329e-02	2.476329e-02
8.000000e-01	8.100000e-01	2.780868e-01	2.198469e-02	2.198469e-02
8.100000e-01	8.200000e-01	2.554922e-01	2.107264e-02	2.107264e-02
8.200000e-01	8.300000e-01	1.668521e-01	1.702927e-02	1.702927e-02
8.300000e-01	8.400000e-01	1.320912e-01	1.515190e-02	1.515190e-02
8.400000e-01	8.500000e-01	1.147108e-01	1.411992e-02	1.411992e-02
8.500000e-01	8.600000e-01	8.168799e-02	1.191542e-02	1.191542e-02
8.600000e-01	8.700000e-01	7.299778e-02	1.126380e-02	1.126380e-02
8.700000e-01	8.800000e-01	4.345106e-02	8.690211e-03	8.690211e-03
8.800000e-01	8.900000e-01	3.128476e-02	7.373889e-03	7.373889e-03
8.900000e-01	9.000000e-01	2.780868e-02	6.952169e-03	6.952169e-03
9.000000e-01	9.100000e-01	2.433259e-02	6.503158e-03	6.503158e-03
9.100000e-01	9.200000e-01	1.738042e-02	5.496172e-03	5.496172e-03
9.200000e-01	9.300000e-01	1.911846e-02	5.764434e-03	5.764434e-03
9.300000e-01	9.400000e-01	1.564238e-02	5.214127e-03	5.214127e-03
9.400000e-01	9.500000e-01	6.952169e-03	3.476084e-03	3.476084e-03
9.500000e-01	9.600000e-01	1.216630e-02	4.598428e-03	4.598428e-03
9.600000e-01	9.700000e-01	1.738042e-03	1.738042e-03	1.738042e-03
9.700000e-01	9.800000e-01	6.952169e-03	3.476084e-03	3.476084e-03
9.800000e-01	9.900000e-01	1.042825e-02	4.257317e-03	4.257317e-03
9.900000e-01	1.000000e+00	3.476085e-03	2.457963e-03	2.457963e-03
# END HISTO1D

